time	species	protein	transcript	ribo_density
0.000000	E. coli B promoter	0.000000	0.000000	0.000000
0.000000	E. coli C promoter	0.000000	0.000000	0.000000
0.000000	E. coli promoter A1	1.000000	0.000000	0.000000
0.000000	E. coli promoter A2	0.000000	0.000000	0.000000
0.000000	E. coli promoter A3	0.000000	0.000000	0.000000
0.000000	T7 promoter phi1.1A	0.000000	0.000000	0.000000
0.000000	T7 promoter phi1.1B	0.000000	0.000000	0.000000
0.000000	T7 promoter phi1.3	0.000000	0.000000	0.000000
0.000000	T7 promoter phi1.5	0.000000	0.000000	0.000000
0.000000	T7 promoter phi1.6	0.000000	0.000000	0.000000
0.000000	T7 promoter phi10	0.000000	0.000000	0.000000
0.000000	T7 promoter phi13	0.000000	0.000000	0.000000
0.000000	T7 promoter phi17	0.000000	0.000000	0.000000
0.000000	T7 promoter phi2.5	0.000000	0.000000	0.000000
0.000000	T7 promoter phi3.8	0.000000	0.000000	0.000000
0.000000	T7 promoter phi4.3	0.000000	0.000000	0.000000
0.000000	T7 promoter phi4.7	0.000000	0.000000	0.000000
0.000000	T7 promoter phi4c	0.000000	0.000000	0.000000
0.000000	T7 promoter phi6.5	0.000000	0.000000	0.000000
0.000000	T7 promoter phi9	0.000000	0.000000	0.000000
0.000000	__gene 0.3_rbs	0.000000	0.000000	0.000000
0.000000	__gene 1.1_rbs	0.000000	0.000000	0.000000
0.000000	__gene 1.2_rbs	0.000000	0.000000	0.000000
0.000000	__gene 1.3_rbs	0.000000	0.000000	0.000000
0.000000	__gene 1.4_rbs	0.000000	0.000000	0.000000
0.000000	__gene 1.7_rbs	0.000000	0.000000	0.000000
0.000000	__gene 1.8_rbs	0.000000	0.000000	0.000000
0.000000	__gene 10A_rbs	0.000000	0.000000	0.000000
0.000000	__gene 11_rbs	0.000000	0.000000	0.000000
0.000000	__gene 12_rbs	0.000000	0.000000	0.000000
0.000000	__gene 13_rbs	0.000000	0.000000	0.000000
0.000000	__gene 14_rbs	0.000000	0.000000	0.000000
0.000000	__gene 15_rbs	0.000000	0.000000	0.000000
0.000000	__gene 16_rbs	0.000000	0.000000	0.000000
0.000000	__gene 17.5_rbs	0.000000	0.000000	0.000000
0.000000	__gene 17_rbs	0.000000	0.000000	0.000000
0.000000	__gene 18.5_rbs	0.000000	0.000000	0.000000
0.000000	__gene 18.7_rbs	0.000000	0.000000	0.000000
0.000000	__gene 18_rbs	0.000000	0.000000	0.000000
0.000000	__gene 19.2_rbs	0.000000	0.000000	0.000000
0.000000	__gene 19.3_rbs	0.000000	0.000000	0.000000
0.000000	__gene 19.5_rbs	0.000000	0.000000	0.000000
0.000000	__gene 19_rbs	0.000000	0.000000	0.000000
0.000000	__gene 2.5_rbs	0.000000	0.000000	0.000000
0.000000	__gene 2.8_rbs	0.000000	0.000000	0.000000
0.000000	__gene 3.8_rbs	0.000000	0.000000	0.000000
0.000000	__gene 3_rbs	0.000000	0.000000	0.000000
0.000000	__gene 4.2_rbs	0.000000	0.000000	0.000000
0.000000	__gene 4.3_rbs	0.000000	0.000000	0.000000
0.000000	__gene 4.5_rbs	0.000000	0.000000	0.000000
0.000000	__gene 4.7_rbs	0.000000	0.000000	0.000000
0.000000	__gene 4A_rbs	0.000000	0.000000	0.000000
0.000000	__gene 5.3_rbs	0.000000	0.000000	0.000000
0.000000	__gene 5.5_rbs	0.000000	0.000000	0.000000
0.000000	__gene 5.7_rbs	0.000000	0.000000	0.000000
0.000000	__gene 5.9_rbs	0.000000	0.000000	0.000000
0.000000	__gene 5_rbs	0.000000	0.000000	0.000000
0.000000	__gene 6.3_rbs	0.000000	0.000000	0.000000
0.000000	__gene 6.5_rbs	0.000000	0.000000	0.000000
0.000000	__gene 6.7_rbs	0.000000	0.000000	0.000000
0.000000	__gene 6_rbs	0.000000	0.000000	0.000000
0.000000	__gene 7.3_rbs	0.000000	0.000000	0.000000
0.000000	__gene 7.7_rbs	0.000000	0.000000	0.000000
0.000000	__gene 7_rbs	0.000000	0.000000	0.000000
0.000000	__gene 8_rbs	0.000000	0.000000	0.000000
0.000000	__gene 9_rbs	0.000000	0.000000	0.000000
0.000000	__gp-2_rbs	0.000000	0.000000	0.000000
0.000000	__lysozyme-3.5_rbs	0.000000	0.000000	0.000000
0.000000	__protein_kinase-0.7_rbs	0.000000	0.000000	0.000000
0.000000	__ribosome	0.000000	0.000000	0.000000
0.000000	__rnapol-1_rbs	0.000000	0.000000	0.000000
0.000000	bound_ecolipol	1800.000000	0.000000	0.000000
0.000000	bound_ecolipol_p	0.000000	0.000000	0.000000
0.000000	bound_ribosome	10000.000000	0.000000	0.000000
0.000000	degraded_transcript	0.000000	0.000000	0.000000
0.000000	ecoli_genome	0.000000	0.000000	0.000000
0.000000	ecoli_transcript	0.000000	0.000000	0.000000
0.000000	ecolipol	0.000000	0.000000	0.000000
0.000000	ecolipol-2	0.000000	0.000000	0.000000
0.000000	ecolipol-2-p	0.000000	0.000000	0.000000
0.000000	ecolipol-p	0.000000	0.000000	0.000000
0.000000	gp-2	0.000000	0.000000	0.000000
0.000000	lysozyme-3.5	0.000000	0.000000	0.000000
0.000000	nonpref_charged	15000.000000	0.000000	0.000000
0.000000	nonpref_uncharged	0.000000	0.000000	0.000000
0.000000	pref_charged	35000.000000	0.000000	0.000000
0.000000	pref_uncharged	0.000000	0.000000	0.000000
0.000000	protein_kinase-0.7	0.000000	0.000000	0.000000
0.000000	rnapol-1	0.000000	0.000000	0.000000
0.000000	rnapol-3.5	0.000000	0.000000	0.000000
100.001100	E. coli B promoter	0.000000	0.000000	0.000000
100.001100	E. coli C promoter	0.000000	0.000000	0.000000
100.001100	E. coli promoter A1	1.000000	0.000000	0.000000
100.001100	E. coli promoter A2	0.000000	0.000000	0.000000
100.001100	E. coli promoter A3	0.000000	0.000000	0.000000
100.001100	T7 promoter phi1.1A	0.000000	0.000000	0.000000
100.001100	T7 promoter phi1.1B	0.000000	0.000000	0.000000
100.001100	T7 promoter phi1.3	0.000000	0.000000	0.000000
100.001100	T7 promoter phi1.5	0.000000	0.000000	0.000000
100.001100	T7 promoter phi1.6	0.000000	0.000000	0.000000
100.001100	T7 promoter phi10	0.000000	0.000000	0.000000
100.001100	T7 promoter phi13	0.000000	0.000000	0.000000
100.001100	T7 promoter phi17	0.000000	0.000000	0.000000
100.001100	T7 promoter phi2.5	0.000000	0.000000	0.000000
100.001100	T7 promoter phi3.8	0.000000	0.000000	0.000000
100.001100	T7 promoter phi4.3	0.000000	0.000000	0.000000
100.001100	T7 promoter phi4.7	0.000000	0.000000	0.000000
100.001100	T7 promoter phi4c	0.000000	0.000000	0.000000
100.001100	T7 promoter phi6.5	0.000000	0.000000	0.000000
100.001100	T7 promoter phi9	0.000000	0.000000	0.000000
100.001100	__gene 0.3_rbs	0.000000	0.000000	0.000000
100.001100	__gene 1.1_rbs	0.000000	0.000000	0.000000
100.001100	__gene 1.2_rbs	0.000000	0.000000	0.000000
100.001100	__gene 1.3_rbs	0.000000	0.000000	0.000000
100.001100	__gene 1.4_rbs	0.000000	0.000000	0.000000
100.001100	__gene 1.7_rbs	0.000000	0.000000	0.000000
100.001100	__gene 1.8_rbs	0.000000	0.000000	0.000000
100.001100	__gene 10A_rbs	0.000000	0.000000	0.000000
100.001100	__gene 11_rbs	0.000000	0.000000	0.000000
100.001100	__gene 12_rbs	0.000000	0.000000	0.000000
100.001100	__gene 13_rbs	0.000000	0.000000	0.000000
100.001100	__gene 14_rbs	0.000000	0.000000	0.000000
100.001100	__gene 15_rbs	0.000000	0.000000	0.000000
100.001100	__gene 16_rbs	0.000000	0.000000	0.000000
100.001100	__gene 17.5_rbs	0.000000	0.000000	0.000000
100.001100	__gene 17_rbs	0.000000	0.000000	0.000000
100.001100	__gene 18.5_rbs	0.000000	0.000000	0.000000
100.001100	__gene 18.7_rbs	0.000000	0.000000	0.000000
100.001100	__gene 18_rbs	0.000000	0.000000	0.000000
100.001100	__gene 19.2_rbs	0.000000	0.000000	0.000000
100.001100	__gene 19.3_rbs	0.000000	0.000000	0.000000
100.001100	__gene 19.5_rbs	0.000000	0.000000	0.000000
100.001100	__gene 19_rbs	0.000000	0.000000	0.000000
100.001100	__gene 2.5_rbs	0.000000	0.000000	0.000000
100.001100	__gene 2.8_rbs	0.000000	0.000000	0.000000
100.001100	__gene 3.8_rbs	0.000000	0.000000	0.000000
100.001100	__gene 3_rbs	0.000000	0.000000	0.000000
100.001100	__gene 4.2_rbs	0.000000	0.000000	0.000000
100.001100	__gene 4.3_rbs	0.000000	0.000000	0.000000
100.001100	__gene 4.5_rbs	0.000000	0.000000	0.000000
100.001100	__gene 4.7_rbs	0.000000	0.000000	0.000000
100.001100	__gene 4A_rbs	0.000000	0.000000	0.000000
100.001100	__gene 5.3_rbs	0.000000	0.000000	0.000000
100.001100	__gene 5.5_rbs	0.000000	0.000000	0.000000
100.001100	__gene 5.7_rbs	0.000000	0.000000	0.000000
100.001100	__gene 5.9_rbs	0.000000	0.000000	0.000000
100.001100	__gene 5_rbs	0.000000	0.000000	0.000000
100.001100	__gene 6.3_rbs	0.000000	0.000000	0.000000
100.001100	__gene 6.5_rbs	0.000000	0.000000	0.000000
100.001100	__gene 6.7_rbs	0.000000	0.000000	0.000000
100.001100	__gene 6_rbs	0.000000	0.000000	0.000000
100.001100	__gene 7.3_rbs	0.000000	0.000000	0.000000
100.001100	__gene 7.7_rbs	0.000000	0.000000	0.000000
100.001100	__gene 7_rbs	0.000000	0.000000	0.000000
100.001100	__gene 8_rbs	0.000000	0.000000	0.000000
100.001100	__gene 9_rbs	0.000000	0.000000	0.000000
100.001100	__gp-2_rbs	0.000000	0.000000	0.000000
100.001100	__lysozyme-3.5_rbs	0.000000	0.000000	0.000000
100.001100	__protein_kinase-0.7_rbs	0.000000	0.000000	0.000000
100.001100	__ribosome	47.000000	0.000000	0.000000
100.001100	__rnapol-1_rbs	0.000000	0.000000	0.000000
100.001100	bound_ecolipol	1738.000000	0.000000	0.000000
100.001100	bound_ecolipol_p	0.000000	0.000000	0.000000
100.001100	bound_ribosome	9953.000000	0.000000	0.000000
100.001100	degraded_transcript	636.000000	0.000000	0.000000
100.001100	ecoli_genome	62.000000	0.000000	0.000000
100.001100	ecoli_transcript	6511.000000	0.000000	0.000000
100.001100	ecolipol	62.000000	0.000000	0.000000
100.001100	ecolipol-2	0.000000	0.000000	0.000000
100.001100	ecolipol-2-p	0.000000	0.000000	0.000000
100.001100	ecolipol-p	0.000000	0.000000	0.000000
100.001100	gp-2	0.000000	0.000000	0.000000
100.001100	lysozyme-3.5	0.000000	0.000000	0.000000
100.001100	nonpref_charged	15000.000000	0.000000	0.000000
100.001100	nonpref_uncharged	0.000000	0.000000	0.000000
100.001100	pref_charged	35000.000000	0.000000	0.000000
100.001100	pref_uncharged	0.000000	0.000000	0.000000
100.001100	protein_kinase-0.7	0.000000	0.000000	0.000000
100.001100	rnapol-1	0.000000	0.000000	0.000000
100.001100	rnapol-3.5	0.000000	0.000000	0.000000
199.999043	E. coli B promoter	0.000000	0.000000	0.000000
199.999043	E. coli C promoter	0.000000	0.000000	0.000000
199.999043	E. coli promoter A1	1.000000	0.000000	0.000000
199.999043	E. coli promoter A2	1.000000	0.000000	0.000000
199.999043	E. coli promoter A3	1.000000	0.000000	0.000000
199.999043	T7 promoter phi1.1A	0.000000	0.000000	0.000000
199.999043	T7 promoter phi1.1B	0.000000	0.000000	0.000000
199.999043	T7 promoter phi1.3	0.000000	0.000000	0.000000
199.999043	T7 promoter phi1.5	0.000000	0.000000	0.000000
199.999043	T7 promoter phi1.6	0.000000	0.000000	0.000000
199.999043	T7 promoter phi10	0.000000	0.000000	0.000000
199.999043	T7 promoter phi13	0.000000	0.000000	0.000000
199.999043	T7 promoter phi17	0.000000	0.000000	0.000000
199.999043	T7 promoter phi2.5	0.000000	0.000000	0.000000
199.999043	T7 promoter phi3.8	0.000000	0.000000	0.000000
199.999043	T7 promoter phi4.3	0.000000	0.000000	0.000000
199.999043	T7 promoter phi4.7	0.000000	0.000000	0.000000
199.999043	T7 promoter phi4c	0.000000	0.000000	0.000000
199.999043	T7 promoter phi6.5	0.000000	0.000000	0.000000
199.999043	T7 promoter phi9	0.000000	0.000000	0.000000
199.999043	__gene 0.3_rbs	1.000000	0.000000	0.000000
199.999043	__gene 1.1_rbs	0.000000	0.000000	0.000000
199.999043	__gene 1.2_rbs	0.000000	0.000000	0.000000
199.999043	__gene 1.3_rbs	0.000000	0.000000	0.000000
199.999043	__gene 1.4_rbs	0.000000	0.000000	0.000000
199.999043	__gene 1.7_rbs	0.000000	0.000000	0.000000
199.999043	__gene 1.8_rbs	0.000000	0.000000	0.000000
199.999043	__gene 10A_rbs	0.000000	0.000000	0.000000
199.999043	__gene 11_rbs	0.000000	0.000000	0.000000
199.999043	__gene 12_rbs	0.000000	0.000000	0.000000
199.999043	__gene 13_rbs	0.000000	0.000000	0.000000
199.999043	__gene 14_rbs	0.000000	0.000000	0.000000
199.999043	__gene 15_rbs	0.000000	0.000000	0.000000
199.999043	__gene 16_rbs	0.000000	0.000000	0.000000
199.999043	__gene 17.5_rbs	0.000000	0.000000	0.000000
199.999043	__gene 17_rbs	0.000000	0.000000	0.000000
199.999043	__gene 18.5_rbs	0.000000	0.000000	0.000000
199.999043	__gene 18.7_rbs	0.000000	0.000000	0.000000
199.999043	__gene 18_rbs	0.000000	0.000000	0.000000
199.999043	__gene 19.2_rbs	0.000000	0.000000	0.000000
199.999043	__gene 19.3_rbs	0.000000	0.000000	0.000000
199.999043	__gene 19.5_rbs	0.000000	0.000000	0.000000
199.999043	__gene 19_rbs	0.000000	0.000000	0.000000
199.999043	__gene 2.5_rbs	0.000000	0.000000	0.000000
199.999043	__gene 2.8_rbs	0.000000	0.000000	0.000000
199.999043	__gene 3.8_rbs	0.000000	0.000000	0.000000
199.999043	__gene 3_rbs	0.000000	0.000000	0.000000
199.999043	__gene 4.2_rbs	0.000000	0.000000	0.000000
199.999043	__gene 4.3_rbs	0.000000	0.000000	0.000000
199.999043	__gene 4.5_rbs	0.000000	0.000000	0.000000
199.999043	__gene 4.7_rbs	0.000000	0.000000	0.000000
199.999043	__gene 4A_rbs	0.000000	0.000000	0.000000
199.999043	__gene 5.3_rbs	0.000000	0.000000	0.000000
199.999043	__gene 5.5_rbs	0.000000	0.000000	0.000000
199.999043	__gene 5.7_rbs	0.000000	0.000000	0.000000
199.999043	__gene 5.9_rbs	0.000000	0.000000	0.000000
199.999043	__gene 5_rbs	0.000000	0.000000	0.000000
199.999043	__gene 6.3_rbs	0.000000	0.000000	0.000000
199.999043	__gene 6.5_rbs	0.000000	0.000000	0.000000
199.999043	__gene 6.7_rbs	0.000000	0.000000	0.000000
199.999043	__gene 6_rbs	0.000000	0.000000	0.000000
199.999043	__gene 7.3_rbs	0.000000	0.000000	0.000000
199.999043	__gene 7.7_rbs	0.000000	0.000000	0.000000
199.999043	__gene 7_rbs	0.000000	0.000000	0.000000
199.999043	__gene 8_rbs	0.000000	0.000000	0.000000
199.999043	__gene 9_rbs	0.000000	0.000000	0.000000
199.999043	__gp-2_rbs	0.000000	0.000000	0.000000
199.999043	__lysozyme-3.5_rbs	0.000000	0.000000	0.000000
199.999043	__protein_kinase-0.7_rbs	0.000000	0.000000	0.000000
199.999043	__ribosome	15.000000	0.000000	0.000000
199.999043	__rnapol-1_rbs	0.000000	0.000000	0.000000
199.999043	bound_ecolipol	1736.000000	0.000000	0.000000
199.999043	bound_ecolipol_p	0.000000	0.000000	0.000000
199.999043	bound_ribosome	9983.000000	0.000000	0.000000
199.999043	degraded_transcript	2371.000000	0.000000	0.000000
199.999043	ecoli_genome	64.000000	0.000000	0.000000
199.999043	ecoli_transcript	11796.000000	0.000000	0.000000
199.999043	ecolipol	63.000000	0.000000	0.000000
199.999043	ecolipol-2	0.000000	0.000000	0.000000
199.999043	ecolipol-2-p	0.000000	0.000000	0.000000
199.999043	ecolipol-p	0.000000	0.000000	0.000000
199.999043	gene 0.3	0.000000	1.000000	2.000000
199.999043	gp-2	0.000000	0.000000	0.000000
199.999043	lysozyme-3.5	0.000000	0.000000	0.000000
199.999043	nonpref_charged	14964.000000	0.000000	0.000000
199.999043	nonpref_uncharged	36.000000	0.000000	0.000000
199.999043	pref_charged	34988.000000	0.000000	0.000000
199.999043	pref_uncharged	12.000000	0.000000	0.000000
199.999043	protein_kinase-0.7	0.000000	0.000000	0.000000
199.999043	rnapol-1	0.000000	0.000000	0.000000
199.999043	rnapol-3.5	0.000000	0.000000	0.000000
299.999001	E. coli B promoter	1.000000	0.000000	0.000000
299.999001	E. coli C promoter	1.000000	0.000000	0.000000
299.999001	E. coli promoter A1	1.000000	0.000000	0.000000
299.999001	E. coli promoter A2	1.000000	0.000000	0.000000
299.999001	E. coli promoter A3	1.000000	0.000000	0.000000
299.999001	T7 promoter phi1.1A	0.000000	0.000000	0.000000
299.999001	T7 promoter phi1.1B	0.000000	0.000000	0.000000
299.999001	T7 promoter phi1.3	0.000000	0.000000	0.000000
299.999001	T7 promoter phi1.5	0.000000	0.000000	0.000000
299.999001	T7 promoter phi1.6	0.000000	0.000000	0.000000
299.999001	T7 promoter phi10	0.000000	0.000000	0.000000
299.999001	T7 promoter phi13	0.000000	0.000000	0.000000
299.999001	T7 promoter phi17	0.000000	0.000000	0.000000
299.999001	T7 promoter phi2.5	0.000000	0.000000	0.000000
299.999001	T7 promoter phi3.8	0.000000	0.000000	0.000000
299.999001	T7 promoter phi4.3	0.000000	0.000000	0.000000
299.999001	T7 promoter phi4.7	0.000000	0.000000	0.000000
299.999001	T7 promoter phi4c	0.000000	0.000000	0.000000
299.999001	T7 promoter phi6.5	0.000000	0.000000	0.000000
299.999001	T7 promoter phi9	0.000000	0.000000	0.000000
299.999001	__gene 0.3_rbs	3.000000	0.000000	0.000000
299.999001	__gene 1.1_rbs	0.000000	0.000000	0.000000
299.999001	__gene 1.2_rbs	0.000000	0.000000	0.000000
299.999001	__gene 1.3_rbs	0.000000	0.000000	0.000000
299.999001	__gene 1.4_rbs	0.000000	0.000000	0.000000
299.999001	__gene 1.7_rbs	0.000000	0.000000	0.000000
299.999001	__gene 1.8_rbs	0.000000	0.000000	0.000000
299.999001	__gene 10A_rbs	0.000000	0.000000	0.000000
299.999001	__gene 11_rbs	0.000000	0.000000	0.000000
299.999001	__gene 12_rbs	0.000000	0.000000	0.000000
299.999001	__gene 13_rbs	0.000000	0.000000	0.000000
299.999001	__gene 14_rbs	0.000000	0.000000	0.000000
299.999001	__gene 15_rbs	0.000000	0.000000	0.000000
299.999001	__gene 16_rbs	0.000000	0.000000	0.000000
299.999001	__gene 17.5_rbs	0.000000	0.000000	0.000000
299.999001	__gene 17_rbs	0.000000	0.000000	0.000000
299.999001	__gene 18.5_rbs	0.000000	0.000000	0.000000
299.999001	__gene 18.7_rbs	0.000000	0.000000	0.000000
299.999001	__gene 18_rbs	0.000000	0.000000	0.000000
299.999001	__gene 19.2_rbs	0.000000	0.000000	0.000000
299.999001	__gene 19.3_rbs	0.000000	0.000000	0.000000
299.999001	__gene 19.5_rbs	0.000000	0.000000	0.000000
299.999001	__gene 19_rbs	0.000000	0.000000	0.000000
299.999001	__gene 2.5_rbs	0.000000	0.000000	0.000000
299.999001	__gene 2.8_rbs	0.000000	0.000000	0.000000
299.999001	__gene 3.8_rbs	0.000000	0.000000	0.000000
299.999001	__gene 3_rbs	0.000000	0.000000	0.000000
299.999001	__gene 4.2_rbs	0.000000	0.000000	0.000000
299.999001	__gene 4.3_rbs	0.000000	0.000000	0.000000
299.999001	__gene 4.5_rbs	0.000000	0.000000	0.000000
299.999001	__gene 4.7_rbs	0.000000	0.000000	0.000000
299.999001	__gene 4A_rbs	0.000000	0.000000	0.000000
299.999001	__gene 5.3_rbs	0.000000	0.000000	0.000000
299.999001	__gene 5.5_rbs	0.000000	0.000000	0.000000
299.999001	__gene 5.7_rbs	0.000000	0.000000	0.000000
299.999001	__gene 5.9_rbs	0.000000	0.000000	0.000000
299.999001	__gene 5_rbs	0.000000	0.000000	0.000000
299.999001	__gene 6.3_rbs	0.000000	0.000000	0.000000
299.999001	__gene 6.5_rbs	0.000000	0.000000	0.000000
299.999001	__gene 6.7_rbs	0.000000	0.000000	0.000000
299.999001	__gene 6_rbs	0.000000	0.000000	0.000000
299.999001	__gene 7.3_rbs	0.000000	0.000000	0.000000
299.999001	__gene 7.7_rbs	0.000000	0.000000	0.000000
299.999001	__gene 7_rbs	0.000000	0.000000	0.000000
299.999001	__gene 8_rbs	0.000000	0.000000	0.000000
299.999001	__gene 9_rbs	0.000000	0.000000	0.000000
299.999001	__gp-2_rbs	0.000000	0.000000	0.000000
299.999001	__lysozyme-3.5_rbs	0.000000	0.000000	0.000000
299.999001	__protein_kinase-0.7_rbs	3.000000	0.000000	0.000000
299.999001	__ribosome	20.000000	0.000000	0.000000
299.999001	__rnapol-1_rbs	2.000000	0.000000	0.000000
299.999001	bound_ecolipol	590.000000	0.000000	0.000000
299.999001	bound_ecolipol_p	1096.000000	0.000000	0.000000
299.999001	bound_ribosome	9944.000000	0.000000	0.000000
299.999001	degraded_transcript	5163.000000	0.000000	0.000000
299.999001	ecoli_genome	114.000000	0.000000	0.000000
299.999001	ecoli_transcript	15884.000000	0.000000	0.000000
299.999001	ecolipol	3.000000	0.000000	0.000000
299.999001	ecolipol-2	0.000000	0.000000	0.000000
299.999001	ecolipol-2-p	0.000000	0.000000	0.000000
299.999001	ecolipol-p	108.000000	0.000000	0.000000
299.999001	gene 0.3	62.000000	3.000000	0.000000
299.999001	gp-2	0.000000	0.000000	0.000000
299.999001	lysozyme-3.5	0.000000	0.000000	0.000000
299.999001	nonpref_charged	13680.000000	0.000000	0.000000
299.999001	nonpref_uncharged	1320.000000	0.000000	0.000000
299.999001	pref_charged	34232.000000	0.000000	0.000000
299.999001	pref_uncharged	768.000000	0.000000	0.000000
299.999001	protein_kinase-0.7	44.000000	3.000000	1.333333
299.999001	rnapol-1	0.000000	2.000000	16.000000
299.999001	rnapol-3.5	0.000000	0.000000	0.000000
399.999001	E. coli B promoter	1.000000	0.000000	0.000000
399.999001	E. coli C promoter	1.000000	0.000000	0.000000
399.999001	E. coli promoter A1	1.000000	0.000000	0.000000
399.999001	E. coli promoter A2	1.000000	0.000000	0.000000
399.999001	E. coli promoter A3	1.000000	0.000000	0.000000
399.999001	T7 promoter phi1.1A	1.000000	0.000000	0.000000
399.999001	T7 promoter phi1.1B	1.000000	0.000000	0.000000
399.999001	T7 promoter phi1.3	1.000000	0.000000	0.000000
399.999001	T7 promoter phi1.5	1.000000	0.000000	0.000000
399.999001	T7 promoter phi1.6	1.000000	0.000000	0.000000
399.999001	T7 promoter phi10	0.000000	0.000000	0.000000
399.999001	T7 promoter phi13	0.000000	0.000000	0.000000
399.999001	T7 promoter phi17	0.000000	0.000000	0.000000
399.999001	T7 promoter phi2.5	1.000000	0.000000	0.000000
399.999001	T7 promoter phi3.8	1.000000	0.000000	0.000000
399.999001	T7 promoter phi4.3	1.000000	0.000000	0.000000
399.999001	T7 promoter phi4.7	1.000000	0.000000	0.000000
399.999001	T7 promoter phi4c	0.000000	0.000000	0.000000
399.999001	T7 promoter phi6.5	1.000000	0.000000	0.000000
399.999001	T7 promoter phi9	0.000000	0.000000	0.000000
399.999001	__gene 0.3_rbs	4.000000	0.000000	0.000000
399.999001	__gene 1.1_rbs	9.000000	0.000000	0.000000
399.999001	__gene 1.2_rbs	7.000000	0.000000	0.000000
399.999001	__gene 1.3_rbs	7.000000	0.000000	0.000000
399.999001	__gene 1.4_rbs	5.000000	0.000000	0.000000
399.999001	__gene 1.7_rbs	5.000000	0.000000	0.000000
399.999001	__gene 1.8_rbs	5.000000	0.000000	0.000000
399.999001	__gene 10A_rbs	0.000000	0.000000	0.000000
399.999001	__gene 11_rbs	0.000000	0.000000	0.000000
399.999001	__gene 12_rbs	0.000000	0.000000	0.000000
399.999001	__gene 13_rbs	0.000000	0.000000	0.000000
399.999001	__gene 14_rbs	0.000000	0.000000	0.000000
399.999001	__gene 15_rbs	0.000000	0.000000	0.000000
399.999001	__gene 16_rbs	0.000000	0.000000	0.000000
399.999001	__gene 17.5_rbs	0.000000	0.000000	0.000000
399.999001	__gene 17_rbs	0.000000	0.000000	0.000000
399.999001	__gene 18.5_rbs	0.000000	0.000000	0.000000
399.999001	__gene 18.7_rbs	0.000000	0.000000	0.000000
399.999001	__gene 18_rbs	0.000000	0.000000	0.000000
399.999001	__gene 19.2_rbs	0.000000	0.000000	0.000000
399.999001	__gene 19.3_rbs	0.000000	0.000000	0.000000
399.999001	__gene 19.5_rbs	0.000000	0.000000	0.000000
399.999001	__gene 19_rbs	0.000000	0.000000	0.000000
399.999001	__gene 2.5_rbs	5.000000	0.000000	0.000000
399.999001	__gene 2.8_rbs	5.000000	0.000000	0.000000
399.999001	__gene 3.8_rbs	6.000000	0.000000	0.000000
399.999001	__gene 3_rbs	5.000000	0.000000	0.000000
399.999001	__gene 4.2_rbs	6.000000	0.000000	0.000000
399.999001	__gene 4.3_rbs	5.000000	0.000000	0.000000
399.999001	__gene 4.5_rbs	6.000000	0.000000	0.000000
399.999001	__gene 4.7_rbs	6.000000	0.000000	0.000000
399.999001	__gene 4A_rbs	6.000000	0.000000	0.000000
399.999001	__gene 5.3_rbs	2.000000	0.000000	0.000000
399.999001	__gene 5.5_rbs	2.000000	0.000000	0.000000
399.999001	__gene 5.7_rbs	2.000000	0.000000	0.000000
399.999001	__gene 5.9_rbs	1.000000	0.000000	0.000000
399.999001	__gene 5_rbs	5.000000	0.000000	0.000000
399.999001	__gene 6.3_rbs	1.000000	0.000000	0.000000
399.999001	__gene 6.5_rbs	2.000000	0.000000	0.000000
399.999001	__gene 6.7_rbs	1.000000	0.000000	0.000000
399.999001	__gene 6_rbs	1.000000	0.000000	0.000000
399.999001	__gene 7.3_rbs	1.000000	0.000000	0.000000
399.999001	__gene 7.7_rbs	1.000000	0.000000	0.000000
399.999001	__gene 7_rbs	1.000000	0.000000	0.000000
399.999001	__gene 8_rbs	1.000000	0.000000	0.000000
399.999001	__gene 9_rbs	0.000000	0.000000	0.000000
399.999001	__gp-2_rbs	5.000000	0.000000	0.000000
399.999001	__lysozyme-3.5_rbs	5.000000	0.000000	0.000000
399.999001	__protein_kinase-0.7_rbs	4.000000	0.000000	0.000000
399.999001	__ribosome	20.000000	0.000000	0.000000
399.999001	__rnapol-1_rbs	4.000000	0.000000	0.000000
399.999001	bound_ecolipol	32.000000	0.000000	0.000000
399.999001	bound_ecolipol_p	1633.000000	0.000000	0.000000
399.999001	bound_ribosome	9943.000000	0.000000	0.000000
399.999001	degraded_transcript	8490.000000	0.000000	0.000000
399.999001	ecoli_genome	135.000000	0.000000	0.000000
399.999001	ecoli_transcript	19120.000000	0.000000	0.000000
399.999001	ecolipol	1.000000	0.000000	0.000000
399.999001	ecolipol-2	0.000000	0.000000	0.000000
399.999001	ecolipol-2-p	27.000000	0.000000	0.000000
399.999001	ecolipol-p	105.000000	0.000000	0.000000
399.999001	gene 0.3	138.000000	4.000000	0.000000
399.999001	gene 1.1	85.000000	9.000000	0.000000
399.999001	gene 1.2	66.000000	7.000000	0.142857
399.999001	gene 1.3	57.000000	7.000000	4.000000
399.999001	gene 1.4	34.000000	5.000000	0.000000
399.999001	gene 1.7	41.000000	5.000000	0.000000
399.999001	gene 1.8	30.000000	5.000000	0.000000
399.999001	gene 2.5	28.000000	5.000000	0.000000
399.999001	gene 2.8	22.000000	5.000000	0.000000
399.999001	gene 3	26.000000	5.000000	0.000000
399.999001	gene 3.8	14.000000	6.000000	0.166667
399.999001	gene 4.2	14.000000	6.000000	0.000000
399.999001	gene 4.3	7.000000	5.000000	0.000000
399.999001	gene 4.5	8.000000	6.000000	0.000000
399.999001	gene 4.7	11.000000	6.000000	0.000000
399.999001	gene 4A	16.000000	6.000000	0.333333
399.999001	gene 5	13.000000	5.000000	0.000000
399.999001	gene 5.3	3.000000	2.000000	0.000000
399.999001	gene 5.5	5.000000	2.000000	0.000000
399.999001	gene 5.7	7.000000	2.000000	0.000000
399.999001	gene 5.9	2.000000	1.000000	0.000000
399.999001	gene 6	1.000000	1.000000	0.000000
399.999001	gene 6.3	1.000000	1.000000	0.000000
399.999001	gene 6.5	1.000000	2.000000	0.000000
399.999001	gene 6.7	1.000000	1.000000	0.000000
399.999001	gene 7	4.000000	1.000000	0.000000
399.999001	gene 7.3	1.000000	1.000000	0.000000
399.999001	gene 7.7	0.000000	1.000000	0.000000
399.999001	gene 8	0.000000	1.000000	0.000000
399.999001	gp-2	5.000000	5.000000	0.000000
399.999001	lysozyme-3.5	0.000000	5.000000	0.000000
399.999001	nonpref_charged	10117.000000	0.000000	0.000000
399.999001	nonpref_uncharged	4883.000000	0.000000	0.000000
399.999001	pref_charged	31431.000000	0.000000	0.000000
399.999001	pref_uncharged	3569.000000	0.000000	0.000000
399.999001	protein_kinase-0.7	134.000000	4.000000	0.000000
399.999001	rnapol-1	62.000000	4.000000	1.250000
399.999001	rnapol-3.5	21.000000	0.000000	0.000000
499.999000	E. coli B promoter	1.000000	0.000000	0.000000
499.999000	E. coli C promoter	1.000000	0.000000	0.000000
499.999000	E. coli promoter A1	1.000000	0.000000	0.000000
499.999000	E. coli promoter A2	1.000000	0.000000	0.000000
499.999000	E. coli promoter A3	1.000000	0.000000	0.000000
499.999000	T7 promoter phi1.1A	1.000000	0.000000	0.000000
499.999000	T7 promoter phi1.1B	1.000000	0.000000	0.000000
499.999000	T7 promoter phi1.3	1.000000	0.000000	0.000000
499.999000	T7 promoter phi1.5	1.000000	0.000000	0.000000
499.999000	T7 promoter phi1.6	1.000000	0.000000	0.000000
499.999000	T7 promoter phi10	0.000000	0.000000	0.000000
499.999000	T7 promoter phi13	1.000000	0.000000	0.000000
499.999000	T7 promoter phi17	1.000000	0.000000	0.000000
499.999000	T7 promoter phi2.5	1.000000	0.000000	0.000000
499.999000	T7 promoter phi3.8	1.000000	0.000000	0.000000
499.999000	T7 promoter phi4.3	1.000000	0.000000	0.000000
499.999000	T7 promoter phi4.7	1.000000	0.000000	0.000000
499.999000	T7 promoter phi4c	1.000000	0.000000	0.000000
499.999000	T7 promoter phi6.5	1.000000	0.000000	0.000000
499.999000	T7 promoter phi9	1.000000	0.000000	0.000000
499.999000	__gene 0.3_rbs	6.000000	0.000000	0.000000
499.999000	__gene 1.1_rbs	6.000000	0.000000	0.000000
499.999000	__gene 1.2_rbs	6.000000	0.000000	0.000000
499.999000	__gene 1.3_rbs	10.000000	0.000000	0.000000
499.999000	__gene 1.4_rbs	8.000000	0.000000	0.000000
499.999000	__gene 1.7_rbs	11.000000	0.000000	0.000000
499.999000	__gene 1.8_rbs	9.000000	0.000000	0.000000
499.999000	__gene 10A_rbs	171.000000	0.000000	0.000000
499.999000	__gene 11_rbs	16.000000	0.000000	0.000000
499.999000	__gene 12_rbs	17.000000	0.000000	0.000000
499.999000	__gene 13_rbs	22.000000	0.000000	0.000000
499.999000	__gene 14_rbs	21.000000	0.000000	0.000000
499.999000	__gene 15_rbs	19.000000	0.000000	0.000000
499.999000	__gene 16_rbs	18.000000	0.000000	0.000000
499.999000	__gene 17.5_rbs	18.000000	0.000000	0.000000
499.999000	__gene 17_rbs	20.000000	0.000000	0.000000
499.999000	__gene 18.5_rbs	19.000000	0.000000	0.000000
499.999000	__gene 18.7_rbs	14.000000	0.000000	0.000000
499.999000	__gene 18_rbs	16.000000	0.000000	0.000000
499.999000	__gene 19.2_rbs	16.000000	0.000000	0.000000
499.999000	__gene 19.3_rbs	13.000000	0.000000	0.000000
499.999000	__gene 19.5_rbs	7.000000	0.000000	0.000000
499.999000	__gene 19_rbs	19.000000	0.000000	0.000000
499.999000	__gene 2.5_rbs	14.000000	0.000000	0.000000
499.999000	__gene 2.8_rbs	15.000000	0.000000	0.000000
499.999000	__gene 3.8_rbs	16.000000	0.000000	0.000000
499.999000	__gene 3_rbs	13.000000	0.000000	0.000000
499.999000	__gene 4.2_rbs	14.000000	0.000000	0.000000
499.999000	__gene 4.3_rbs	14.000000	0.000000	0.000000
499.999000	__gene 4.5_rbs	17.000000	0.000000	0.000000
499.999000	__gene 4.7_rbs	18.000000	0.000000	0.000000
499.999000	__gene 4A_rbs	11.000000	0.000000	0.000000
499.999000	__gene 5.3_rbs	24.000000	0.000000	0.000000
499.999000	__gene 5.5_rbs	22.000000	0.000000	0.000000
499.999000	__gene 5.7_rbs	18.000000	0.000000	0.000000
499.999000	__gene 5.9_rbs	16.000000	0.000000	0.000000
499.999000	__gene 5_rbs	23.000000	0.000000	0.000000
499.999000	__gene 6.3_rbs	20.000000	0.000000	0.000000
499.999000	__gene 6.5_rbs	31.000000	0.000000	0.000000
499.999000	__gene 6.7_rbs	32.000000	0.000000	0.000000
499.999000	__gene 6_rbs	17.000000	0.000000	0.000000
499.999000	__gene 7.3_rbs	34.000000	0.000000	0.000000
499.999000	__gene 7.7_rbs	38.000000	0.000000	0.000000
499.999000	__gene 7_rbs	31.000000	0.000000	0.000000
499.999000	__gene 8_rbs	30.000000	0.000000	0.000000
499.999000	__gene 9_rbs	58.000000	0.000000	0.000000
499.999000	__gp-2_rbs	14.000000	0.000000	0.000000
499.999000	__lysozyme-3.5_rbs	12.000000	0.000000	0.000000
499.999000	__protein_kinase-0.7_rbs	6.000000	0.000000	0.000000
499.999000	__ribosome	3.000000	0.000000	0.000000
499.999000	__rnapol-1_rbs	3.000000	0.000000	0.000000
499.999000	bound_ecolipol	1.000000	0.000000	0.000000
499.999000	bound_ecolipol_p	1601.000000	0.000000	0.000000
499.999000	bound_ribosome	7170.000000	0.000000	0.000000
499.999000	degraded_transcript	12572.000000	0.000000	0.000000
499.999000	ecoli_genome	198.000000	0.000000	0.000000
499.999000	ecoli_transcript	24387.000000	0.000000	0.000000
499.999000	ecolipol	0.000000	0.000000	0.000000
499.999000	ecolipol-2	0.000000	0.000000	0.000000
499.999000	ecolipol-2-p	115.000000	0.000000	0.000000
499.999000	ecolipol-p	78.000000	0.000000	0.000000
499.999000	gene 0.3	222.000000	9.000000	2.666667
499.999000	gene 1.1	222.000000	12.000000	0.333333
499.999000	gene 1.2	156.000000	9.000000	3.333333
499.999000	gene 1.3	126.000000	14.000000	8.142857
499.999000	gene 1.4	127.000000	10.000000	1.200000
499.999000	gene 1.7	140.000000	14.000000	2.500000
499.999000	gene 1.8	135.000000	14.000000	0.214286
499.999000	gene 10A	389.000000	188.000000	3.244681
499.999000	gene 11	59.000000	21.000000	2.000000
499.999000	gene 12	13.000000	20.000000	3.850000
499.999000	gene 13	54.000000	27.000000	1.555556
499.999000	gene 14	41.000000	27.000000	1.555556
499.999000	gene 15	0.000000	25.000000	2.680000
499.999000	gene 16	0.000000	22.000000	2.545455
499.999000	gene 17	0.000000	24.000000	2.041667
499.999000	gene 17.5	7.000000	21.000000	1.238095
499.999000	gene 18	4.000000	21.000000	0.666667
499.999000	gene 18.5	0.000000	21.000000	0.809524
499.999000	gene 18.7	1.000000	21.000000	0.714286
499.999000	gene 19	0.000000	20.000000	0.900000
499.999000	gene 19.2	0.000000	17.000000	0.529412
499.999000	gene 19.3	1.000000	13.000000	0.384615
499.999000	gene 19.5	1.000000	11.000000	0.545455
499.999000	gene 2.5	141.000000	16.000000	2.000000
499.999000	gene 2.8	137.000000	16.000000	1.625000
499.999000	gene 3	117.000000	16.000000	1.875000
499.999000	gene 3.8	168.000000	21.000000	2.095238
499.999000	gene 4.2	196.000000	21.000000	1.333333
499.999000	gene 4.3	193.000000	21.000000	0.952381
499.999000	gene 4.5	222.000000	23.000000	1.565217
499.999000	gene 4.7	186.000000	23.000000	1.695652
499.999000	gene 4A	98.000000	20.000000	4.000000
499.999000	gene 5	125.000000	27.000000	6.370370
499.999000	gene 5.3	174.000000	27.000000	2.296296
499.999000	gene 5.5	162.000000	27.000000	1.407407
499.999000	gene 5.7	189.000000	27.000000	0.814815
499.999000	gene 5.9	175.000000	27.000000	0.703704
499.999000	gene 6	90.000000	27.000000	2.666667
499.999000	gene 6.3	166.000000	27.000000	0.629630
499.999000	gene 6.5	216.000000	44.000000	1.659091
499.999000	gene 6.7	207.000000	44.000000	1.022727
499.999000	gene 7	197.000000	44.000000	1.500000
499.999000	gene 7.3	207.000000	43.000000	0.953488
499.999000	gene 7.7	151.000000	43.000000	2.162791
499.999000	gene 8	69.000000	43.000000	3.720930
499.999000	gene 9	214.000000	75.000000	2.640000
499.999000	gp-2	37.000000	14.000000	0.500000
499.999000	lysozyme-3.5	18.000000	16.000000	1.125000
499.999000	nonpref_charged	2.000000	0.000000	0.000000
499.999000	nonpref_uncharged	14998.000000	0.000000	0.000000
499.999000	pref_charged	22303.000000	0.000000	0.000000
499.999000	pref_uncharged	12697.000000	0.000000	0.000000
499.999000	protein_kinase-0.7	179.000000	8.000000	5.125000
499.999000	rnapol-1	2.000000	8.000000	3.875000
499.999000	rnapol-3.5	80.000000	0.000000	0.000000
599.999000	E. coli B promoter	1.000000	0.000000	0.000000
599.999000	E. coli C promoter	1.000000	0.000000	0.000000
599.999000	E. coli promoter A1	1.000000	0.000000	0.000000
599.999000	E. coli promoter A2	1.000000	0.000000	0.000000
599.999000	E. coli promoter A3	1.000000	0.000000	0.000000
599.999000	T7 promoter phi1.1A	1.000000	0.000000	0.000000
599.999000	T7 promoter phi1.1B	1.000000	0.000000	0.000000
599.999000	T7 promoter phi1.3	1.000000	0.000000	0.000000
599.999000	T7 promoter phi1.5	1.000000	0.000000	0.000000
599.999000	T7 promoter phi1.6	1.000000	0.000000	0.000000
599.999000	T7 promoter phi10	0.000000	0.000000	0.000000
599.999000	T7 promoter phi13	1.000000	0.000000	0.000000
599.999000	T7 promoter phi17	1.000000	0.000000	0.000000
599.999000	T7 promoter phi2.5	1.000000	0.000000	0.000000
599.999000	T7 promoter phi3.8	1.000000	0.000000	0.000000
599.999000	T7 promoter phi4.3	1.000000	0.000000	0.000000
599.999000	T7 promoter phi4.7	1.000000	0.000000	0.000000
599.999000	T7 promoter phi4c	1.000000	0.000000	0.000000
599.999000	T7 promoter phi6.5	1.000000	0.000000	0.000000
599.999000	T7 promoter phi9	1.000000	0.000000	0.000000
599.999000	__gene 0.3_rbs	7.000000	0.000000	0.000000
599.999000	__gene 1.1_rbs	16.000000	0.000000	0.000000
599.999000	__gene 1.2_rbs	13.000000	0.000000	0.000000
599.999000	__gene 1.3_rbs	14.000000	0.000000	0.000000
599.999000	__gene 1.4_rbs	10.000000	0.000000	0.000000
599.999000	__gene 1.7_rbs	15.000000	0.000000	0.000000
599.999000	__gene 1.8_rbs	14.000000	0.000000	0.000000
599.999000	__gene 10A_rbs	358.000000	0.000000	0.000000
599.999000	__gene 11_rbs	44.000000	0.000000	0.000000
599.999000	__gene 12_rbs	39.000000	0.000000	0.000000
599.999000	__gene 13_rbs	58.000000	0.000000	0.000000
599.999000	__gene 14_rbs	52.000000	0.000000	0.000000
599.999000	__gene 15_rbs	54.000000	0.000000	0.000000
599.999000	__gene 16_rbs	53.000000	0.000000	0.000000
599.999000	__gene 17.5_rbs	59.000000	0.000000	0.000000
599.999000	__gene 17_rbs	70.000000	0.000000	0.000000
599.999000	__gene 18.5_rbs	60.000000	0.000000	0.000000
599.999000	__gene 18.7_rbs	49.000000	0.000000	0.000000
599.999000	__gene 18_rbs	46.000000	0.000000	0.000000
599.999000	__gene 19.2_rbs	53.000000	0.000000	0.000000
599.999000	__gene 19.3_rbs	50.000000	0.000000	0.000000
599.999000	__gene 19.5_rbs	53.000000	0.000000	0.000000
599.999000	__gene 19_rbs	53.000000	0.000000	0.000000
599.999000	__gene 2.5_rbs	19.000000	0.000000	0.000000
599.999000	__gene 2.8_rbs	19.000000	0.000000	0.000000
599.999000	__gene 3.8_rbs	22.000000	0.000000	0.000000
599.999000	__gene 3_rbs	13.000000	0.000000	0.000000
599.999000	__gene 4.2_rbs	24.000000	0.000000	0.000000
599.999000	__gene 4.3_rbs	23.000000	0.000000	0.000000
599.999000	__gene 4.5_rbs	30.000000	0.000000	0.000000
599.999000	__gene 4.7_rbs	26.000000	0.000000	0.000000
599.999000	__gene 4A_rbs	21.000000	0.000000	0.000000
599.999000	__gene 5.3_rbs	33.000000	0.000000	0.000000
599.999000	__gene 5.5_rbs	30.000000	0.000000	0.000000
599.999000	__gene 5.7_rbs	28.000000	0.000000	0.000000
599.999000	__gene 5.9_rbs	25.000000	0.000000	0.000000
599.999000	__gene 5_rbs	29.000000	0.000000	0.000000
599.999000	__gene 6.3_rbs	29.000000	0.000000	0.000000
599.999000	__gene 6.5_rbs	46.000000	0.000000	0.000000
599.999000	__gene 6.7_rbs	39.000000	0.000000	0.000000
599.999000	__gene 6_rbs	25.000000	0.000000	0.000000
599.999000	__gene 7.3_rbs	51.000000	0.000000	0.000000
599.999000	__gene 7.7_rbs	47.000000	0.000000	0.000000
599.999000	__gene 7_rbs	37.000000	0.000000	0.000000
599.999000	__gene 8_rbs	34.000000	0.000000	0.000000
599.999000	__gene 9_rbs	104.000000	0.000000	0.000000
599.999000	__gp-2_rbs	14.000000	0.000000	0.000000
599.999000	__lysozyme-3.5_rbs	17.000000	0.000000	0.000000
599.999000	__protein_kinase-0.7_rbs	6.000000	0.000000	0.000000
599.999000	__ribosome	0.000000	0.000000	0.000000
599.999000	__rnapol-1_rbs	9.000000	0.000000	0.000000
599.999000	bound_ecolipol	0.000000	0.000000	0.000000
599.999000	bound_ecolipol_p	1574.000000	0.000000	0.000000
599.999000	bound_ribosome	3401.000000	0.000000	0.000000
599.999000	degraded_transcript	17881.000000	0.000000	0.000000
599.999000	ecoli_genome	226.000000	0.000000	0.000000
599.999000	ecoli_transcript	29263.000000	0.000000	0.000000
599.999000	ecolipol	0.000000	0.000000	0.000000
599.999000	ecolipol-2	0.000000	0.000000	0.000000
599.999000	ecolipol-2-p	162.000000	0.000000	0.000000
599.999000	ecolipol-p	61.000000	0.000000	0.000000
599.999000	gene 0.3	255.000000	10.000000	3.900000
599.999000	gene 1.1	290.000000	20.000000	0.300000
599.999000	gene 1.2	192.000000	16.000000	2.812500
599.999000	gene 1.3	148.000000	21.000000	7.952381
599.999000	gene 1.4	188.000000	13.000000	1.000000
599.999000	gene 1.7	206.000000	21.000000	3.047619
599.999000	gene 1.8	183.000000	21.000000	0.571429
599.999000	gene 10A	807.000000	402.000000	4.261194
599.999000	gene 11	148.000000	50.000000	2.440000
599.999000	gene 12	24.000000	49.000000	4.632653
599.999000	gene 13	171.000000	72.000000	1.680556
599.999000	gene 14	149.000000	72.000000	1.583333
599.999000	gene 15	7.000000	71.000000	3.436620
599.999000	gene 16	0.000000	68.000000	3.661765
599.999000	gene 17	3.000000	78.000000	3.743590
599.999000	gene 17.5	150.000000	71.000000	0.957746
599.999000	gene 18	111.000000	71.000000	1.014085
599.999000	gene 18.5	73.000000	70.000000	1.771429
599.999000	gene 18.7	92.000000	70.000000	0.771429
599.999000	gene 19	0.000000	70.000000	3.014286
599.999000	gene 19.2	89.000000	67.000000	0.940299
599.999000	gene 19.3	113.000000	65.000000	0.892308
599.999000	gene 19.5	130.000000	64.000000	0.781250
599.999000	gene 2.5	209.000000	23.000000	2.391304
599.999000	gene 2.8	201.000000	23.000000	1.913043
599.999000	gene 3	162.000000	21.000000	2.190476
599.999000	gene 3.8	269.000000	26.000000	2.230769
599.999000	gene 4.2	294.000000	30.000000	1.433333
599.999000	gene 4.3	304.000000	29.000000	1.034483
599.999000	gene 4.5	361.000000	32.000000	1.062500
599.999000	gene 4.7	308.000000	32.000000	2.156250
599.999000	gene 4A	130.000000	26.000000	4.230769
599.999000	gene 5	164.000000	38.000000	7.763158
599.999000	gene 5.3	333.000000	38.000000	1.868421
599.999000	gene 5.5	269.000000	38.000000	1.289474
599.999000	gene 5.7	316.000000	38.000000	0.842105
599.999000	gene 5.9	307.000000	37.000000	0.540541
599.999000	gene 6	172.000000	37.000000	3.324324
599.999000	gene 6.3	302.000000	36.000000	0.666667
599.999000	gene 6.5	438.000000	59.000000	1.457627
599.999000	gene 6.7	389.000000	59.000000	1.050847
599.999000	gene 7	371.000000	59.000000	1.593220
599.999000	gene 7.3	405.000000	59.000000	0.949153
599.999000	gene 7.7	347.000000	59.000000	2.271186
599.999000	gene 8	135.000000	59.000000	5.135593
599.999000	gene 9	487.000000	124.000000	3.475806
599.999000	gp-2	50.000000	21.000000	0.904762
599.999000	lysozyme-3.5	64.000000	21.000000	2.428571
599.999000	nonpref_charged	0.000000	0.000000	0.000000
599.999000	nonpref_uncharged	15000.000000	0.000000	0.000000
599.999000	pref_charged	22695.000000	0.000000	0.000000
599.999000	pref_uncharged	12305.000000	0.000000	0.000000
599.999000	protein_kinase-0.7	197.000000	10.000000	6.700000
599.999000	rnapol-1	1.000000	10.000000	6.500000
599.999000	rnapol-3.5	81.000000	0.000000	0.000000
699.999000	E. coli B promoter	1.000000	0.000000	0.000000
699.999000	E. coli C promoter	1.000000	0.000000	0.000000
699.999000	E. coli promoter A1	1.000000	0.000000	0.000000
699.999000	E. coli promoter A2	1.000000	0.000000	0.000000
699.999000	E. coli promoter A3	1.000000	0.000000	0.000000
699.999000	T7 promoter phi1.1A	1.000000	0.000000	0.000000
699.999000	T7 promoter phi1.1B	1.000000	0.000000	0.000000
699.999000	T7 promoter phi1.3	1.000000	0.000000	0.000000
699.999000	T7 promoter phi1.5	1.000000	0.000000	0.000000
699.999000	T7 promoter phi1.6	1.000000	0.000000	0.000000
699.999000	T7 promoter phi10	1.000000	0.000000	0.000000
699.999000	T7 promoter phi13	1.000000	0.000000	0.000000
699.999000	T7 promoter phi17	1.000000	0.000000	0.000000
699.999000	T7 promoter phi2.5	1.000000	0.000000	0.000000
699.999000	T7 promoter phi3.8	1.000000	0.000000	0.000000
699.999000	T7 promoter phi4.3	1.000000	0.000000	0.000000
699.999000	T7 promoter phi4.7	1.000000	0.000000	0.000000
699.999000	T7 promoter phi4c	1.000000	0.000000	0.000000
699.999000	T7 promoter phi6.5	0.000000	0.000000	0.000000
699.999000	T7 promoter phi9	1.000000	0.000000	0.000000
699.999000	__gene 0.3_rbs	7.000000	0.000000	0.000000
699.999000	__gene 1.1_rbs	17.000000	0.000000	0.000000
699.999000	__gene 1.2_rbs	17.000000	0.000000	0.000000
699.999000	__gene 1.3_rbs	21.000000	0.000000	0.000000
699.999000	__gene 1.4_rbs	13.000000	0.000000	0.000000
699.999000	__gene 1.7_rbs	22.000000	0.000000	0.000000
699.999000	__gene 1.8_rbs	20.000000	0.000000	0.000000
699.999000	__gene 10A_rbs	542.000000	0.000000	0.000000
699.999000	__gene 11_rbs	72.000000	0.000000	0.000000
699.999000	__gene 12_rbs	58.000000	0.000000	0.000000
699.999000	__gene 13_rbs	101.000000	0.000000	0.000000
699.999000	__gene 14_rbs	84.000000	0.000000	0.000000
699.999000	__gene 15_rbs	88.000000	0.000000	0.000000
699.999000	__gene 16_rbs	93.000000	0.000000	0.000000
699.999000	__gene 17.5_rbs	108.000000	0.000000	0.000000
699.999000	__gene 17_rbs	121.000000	0.000000	0.000000
699.999000	__gene 18.5_rbs	107.000000	0.000000	0.000000
699.999000	__gene 18.7_rbs	82.000000	0.000000	0.000000
699.999000	__gene 18_rbs	94.000000	0.000000	0.000000
699.999000	__gene 19.2_rbs	83.000000	0.000000	0.000000
699.999000	__gene 19.3_rbs	100.000000	0.000000	0.000000
699.999000	__gene 19.5_rbs	103.000000	0.000000	0.000000
699.999000	__gene 19_rbs	105.000000	0.000000	0.000000
699.999000	__gene 2.5_rbs	25.000000	0.000000	0.000000
699.999000	__gene 2.8_rbs	23.000000	0.000000	0.000000
699.999000	__gene 3.8_rbs	30.000000	0.000000	0.000000
699.999000	__gene 3_rbs	20.000000	0.000000	0.000000
699.999000	__gene 4.2_rbs	28.000000	0.000000	0.000000
699.999000	__gene 4.3_rbs	30.000000	0.000000	0.000000
699.999000	__gene 4.5_rbs	35.000000	0.000000	0.000000
699.999000	__gene 4.7_rbs	40.000000	0.000000	0.000000
699.999000	__gene 4A_rbs	20.000000	0.000000	0.000000
699.999000	__gene 5.3_rbs	45.000000	0.000000	0.000000
699.999000	__gene 5.5_rbs	38.000000	0.000000	0.000000
699.999000	__gene 5.7_rbs	41.000000	0.000000	0.000000
699.999000	__gene 5.9_rbs	33.000000	0.000000	0.000000
699.999000	__gene 5_rbs	47.000000	0.000000	0.000000
699.999000	__gene 6.3_rbs	39.000000	0.000000	0.000000
699.999000	__gene 6.5_rbs	69.000000	0.000000	0.000000
699.999000	__gene 6.7_rbs	62.000000	0.000000	0.000000
699.999000	__gene 6_rbs	35.000000	0.000000	0.000000
699.999000	__gene 7.3_rbs	64.000000	0.000000	0.000000
699.999000	__gene 7.7_rbs	74.000000	0.000000	0.000000
699.999000	__gene 7_rbs	64.000000	0.000000	0.000000
699.999000	__gene 8_rbs	59.000000	0.000000	0.000000
699.999000	__gene 9_rbs	159.000000	0.000000	0.000000
699.999000	__gp-2_rbs	18.000000	0.000000	0.000000
699.999000	__lysozyme-3.5_rbs	22.000000	0.000000	0.000000
699.999000	__protein_kinase-0.7_rbs	7.000000	0.000000	0.000000
699.999000	__ribosome	1.000000	0.000000	0.000000
699.999000	__rnapol-1_rbs	10.000000	0.000000	0.000000
699.999000	bound_ecolipol	0.000000	0.000000	0.000000
699.999000	bound_ecolipol_p	1555.000000	0.000000	0.000000
699.999000	bound_ribosome	1716.000000	0.000000	0.000000
699.999000	degraded_transcript	23652.000000	0.000000	0.000000
699.999000	ecoli_genome	245.000000	0.000000	0.000000
699.999000	ecoli_transcript	31455.000000	0.000000	0.000000
699.999000	ecolipol	0.000000	0.000000	0.000000
699.999000	ecolipol-2	0.000000	0.000000	0.000000
699.999000	ecolipol-2-p	186.000000	0.000000	0.000000
699.999000	ecolipol-p	59.000000	0.000000	0.000000
699.999000	gene 0.3	286.000000	10.000000	3.300000
699.999000	gene 1.1	327.000000	23.000000	0.391304
699.999000	gene 1.2	226.000000	19.000000	2.789474
699.999000	gene 1.3	164.000000	26.000000	7.423077
699.999000	gene 1.4	227.000000	15.000000	0.533333
699.999000	gene 1.7	263.000000	25.000000	2.080000
699.999000	gene 1.8	218.000000	25.000000	0.360000
699.999000	gene 10A	1412.000000	595.000000	3.816807
699.999000	gene 11	280.000000	76.000000	1.552632
699.999000	gene 12	44.000000	75.000000	4.386667
699.999000	gene 13	325.000000	117.000000	1.307692
699.999000	gene 14	266.000000	116.000000	1.500000
699.999000	gene 15	21.000000	114.000000	3.561404
699.999000	gene 16	0.000000	107.000000	4.168224
699.999000	gene 17	35.000000	127.000000	3.692913
699.999000	gene 17.5	331.000000	124.000000	0.612903
699.999000	gene 18	261.000000	123.000000	0.837398
699.999000	gene 18.5	212.000000	123.000000	1.520325
699.999000	gene 18.7	203.000000	123.000000	0.804878
699.999000	gene 19	4.000000	121.000000	3.479339
699.999000	gene 19.2	241.000000	121.000000	0.760331
699.999000	gene 19.3	275.000000	119.000000	0.638655
699.999000	gene 19.5	305.000000	118.000000	0.508475
699.999000	gene 2.5	273.000000	29.000000	2.034483
699.999000	gene 2.8	258.000000	29.000000	1.551724
699.999000	gene 3	212.000000	28.000000	1.357143
699.999000	gene 3.8	347.000000	35.000000	1.714286
699.999000	gene 4.2	353.000000	37.000000	1.081081
699.999000	gene 4.3	394.000000	37.000000	0.567568
699.999000	gene 4.5	447.000000	41.000000	0.975610
699.999000	gene 4.7	425.000000	41.000000	1.170732
699.999000	gene 4A	162.000000	34.000000	3.411765
699.999000	gene 5	219.000000	47.000000	6.702128
699.999000	gene 5.3	434.000000	47.000000	1.170213
699.999000	gene 5.5	350.000000	47.000000	0.829787
699.999000	gene 5.7	408.000000	47.000000	0.531915
699.999000	gene 5.9	394.000000	46.000000	0.586957
699.999000	gene 6	261.000000	46.000000	2.652174
699.999000	gene 6.3	382.000000	46.000000	0.282609
699.999000	gene 6.5	614.000000	81.000000	0.913580
699.999000	gene 6.7	518.000000	81.000000	0.716049
699.999000	gene 7	500.000000	81.000000	1.234568
699.999000	gene 7.3	531.000000	80.000000	0.650000
699.999000	gene 7.7	511.000000	79.000000	1.455696
699.999000	gene 8	210.000000	78.000000	4.525641
699.999000	gene 9	805.000000	178.000000	2.471910
699.999000	gp-2	73.000000	25.000000	0.480000
699.999000	lysozyme-3.5	123.000000	28.000000	0.964286
699.999000	nonpref_charged	3.000000	0.000000	0.000000
699.999000	nonpref_uncharged	14997.000000	0.000000	0.000000
699.999000	pref_charged	23028.000000	0.000000	0.000000
699.999000	pref_uncharged	11972.000000	0.000000	0.000000
699.999000	protein_kinase-0.7	214.000000	10.000000	6.700000
699.999000	rnapol-1	0.000000	10.000000	8.500000
699.999000	rnapol-3.5	81.000000	0.000000	0.000000
799.999001	E. coli B promoter	1.000000	0.000000	0.000000
799.999001	E. coli C promoter	1.000000	0.000000	0.000000
799.999001	E. coli promoter A1	1.000000	0.000000	0.000000
799.999001	E. coli promoter A2	1.000000	0.000000	0.000000
799.999001	E. coli promoter A3	1.000000	0.000000	0.000000
799.999001	T7 promoter phi1.1A	1.000000	0.000000	0.000000
799.999001	T7 promoter phi1.1B	1.000000	0.000000	0.000000
799.999001	T7 promoter phi1.3	1.000000	0.000000	0.000000
799.999001	T7 promoter phi1.5	1.000000	0.000000	0.000000
799.999001	T7 promoter phi1.6	1.000000	0.000000	0.000000
799.999001	T7 promoter phi10	1.000000	0.000000	0.000000
799.999001	T7 promoter phi13	1.000000	0.000000	0.000000
799.999001	T7 promoter phi17	1.000000	0.000000	0.000000
799.999001	T7 promoter phi2.5	1.000000	0.000000	0.000000
799.999001	T7 promoter phi3.8	1.000000	0.000000	0.000000
799.999001	T7 promoter phi4.3	1.000000	0.000000	0.000000
799.999001	T7 promoter phi4.7	1.000000	0.000000	0.000000
799.999001	T7 promoter phi4c	1.000000	0.000000	0.000000
799.999001	T7 promoter phi6.5	1.000000	0.000000	0.000000
799.999001	T7 promoter phi9	0.000000	0.000000	0.000000
799.999001	__gene 0.3_rbs	9.000000	0.000000	0.000000
799.999001	__gene 1.1_rbs	23.000000	0.000000	0.000000
799.999001	__gene 1.2_rbs	17.000000	0.000000	0.000000
799.999001	__gene 1.3_rbs	21.000000	0.000000	0.000000
799.999001	__gene 1.4_rbs	15.000000	0.000000	0.000000
799.999001	__gene 1.7_rbs	27.000000	0.000000	0.000000
799.999001	__gene 1.8_rbs	19.000000	0.000000	0.000000
799.999001	__gene 10A_rbs	760.000000	0.000000	0.000000
799.999001	__gene 11_rbs	96.000000	0.000000	0.000000
799.999001	__gene 12_rbs	90.000000	0.000000	0.000000
799.999001	__gene 13_rbs	150.000000	0.000000	0.000000
799.999001	__gene 14_rbs	135.000000	0.000000	0.000000
799.999001	__gene 15_rbs	137.000000	0.000000	0.000000
799.999001	__gene 16_rbs	135.000000	0.000000	0.000000
799.999001	__gene 17.5_rbs	178.000000	0.000000	0.000000
799.999001	__gene 17_rbs	191.000000	0.000000	0.000000
799.999001	__gene 18.5_rbs	170.000000	0.000000	0.000000
799.999001	__gene 18.7_rbs	142.000000	0.000000	0.000000
799.999001	__gene 18_rbs	165.000000	0.000000	0.000000
799.999001	__gene 19.2_rbs	151.000000	0.000000	0.000000
799.999001	__gene 19.3_rbs	162.000000	0.000000	0.000000
799.999001	__gene 19.5_rbs	177.000000	0.000000	0.000000
799.999001	__gene 19_rbs	170.000000	0.000000	0.000000
799.999001	__gene 2.5_rbs	33.000000	0.000000	0.000000
799.999001	__gene 2.8_rbs	31.000000	0.000000	0.000000
799.999001	__gene 3.8_rbs	38.000000	0.000000	0.000000
799.999001	__gene 3_rbs	29.000000	0.000000	0.000000
799.999001	__gene 4.2_rbs	34.000000	0.000000	0.000000
799.999001	__gene 4.3_rbs	41.000000	0.000000	0.000000
799.999001	__gene 4.5_rbs	48.000000	0.000000	0.000000
799.999001	__gene 4.7_rbs	49.000000	0.000000	0.000000
799.999001	__gene 4A_rbs	30.000000	0.000000	0.000000
799.999001	__gene 5.3_rbs	56.000000	0.000000	0.000000
799.999001	__gene 5.5_rbs	48.000000	0.000000	0.000000
799.999001	__gene 5.7_rbs	51.000000	0.000000	0.000000
799.999001	__gene 5.9_rbs	50.000000	0.000000	0.000000
799.999001	__gene 5_rbs	52.000000	0.000000	0.000000
799.999001	__gene 6.3_rbs	49.000000	0.000000	0.000000
799.999001	__gene 6.5_rbs	93.000000	0.000000	0.000000
799.999001	__gene 6.7_rbs	86.000000	0.000000	0.000000
799.999001	__gene 6_rbs	49.000000	0.000000	0.000000
799.999001	__gene 7.3_rbs	80.000000	0.000000	0.000000
799.999001	__gene 7.7_rbs	93.000000	0.000000	0.000000
799.999001	__gene 7_rbs	89.000000	0.000000	0.000000
799.999001	__gene 8_rbs	82.000000	0.000000	0.000000
799.999001	__gene 9_rbs	227.000000	0.000000	0.000000
799.999001	__gp-2_rbs	27.000000	0.000000	0.000000
799.999001	__lysozyme-3.5_rbs	30.000000	0.000000	0.000000
799.999001	__protein_kinase-0.7_rbs	7.000000	0.000000	0.000000
799.999001	__ribosome	2.000000	0.000000	0.000000
799.999001	__rnapol-1_rbs	4.000000	0.000000	0.000000
799.999001	bound_ecolipol	0.000000	0.000000	0.000000
799.999001	bound_ecolipol_p	1537.000000	0.000000	0.000000
799.999001	bound_ribosome	1007.000000	0.000000	0.000000
799.999001	degraded_transcript	29778.000000	0.000000	0.000000
799.999001	ecoli_genome	263.000000	0.000000	0.000000
799.999001	ecoli_transcript	32180.000000	0.000000	0.000000
799.999001	ecolipol	0.000000	0.000000	0.000000
799.999001	ecolipol-2	0.000000	0.000000	0.000000
799.999001	ecolipol-2-p	219.000000	0.000000	0.000000
799.999001	ecolipol-p	44.000000	0.000000	0.000000
799.999001	gene 0.3	307.000000	10.000000	2.000000
799.999001	gene 1.1	355.000000	24.000000	0.291667
799.999001	gene 1.2	263.000000	19.000000	1.684211
799.999001	gene 1.3	191.000000	28.000000	7.035714
799.999001	gene 1.4	253.000000	17.000000	0.411765
799.999001	gene 1.7	298.000000	31.000000	1.580645
799.999001	gene 1.8	251.000000	31.000000	0.258065
799.999001	gene 10A	2274.000000	795.000000	2.950943
799.999001	gene 11	395.000000	104.000000	1.221154
799.999001	gene 12	63.000000	103.000000	4.029126
799.999001	gene 13	486.000000	165.000000	0.987879
799.999001	gene 14	419.000000	164.000000	1.164634
799.999001	gene 15	48.000000	161.000000	3.298137
799.999001	gene 16	0.000000	153.000000	3.973856
799.999001	gene 17	129.000000	198.000000	2.969697
799.999001	gene 17.5	509.000000	195.000000	0.471795
799.999001	gene 18	445.000000	195.000000	0.456410
799.999001	gene 18.5	388.000000	195.000000	1.138462
799.999001	gene 18.7	349.000000	194.000000	0.618557
799.999001	gene 19	50.000000	193.000000	3.056995
799.999001	gene 19.2	395.000000	192.000000	0.510417
799.999001	gene 19.3	442.000000	191.000000	0.408377
799.999001	gene 19.5	493.000000	187.000000	0.363636
799.999001	gene 2.5	334.000000	35.000000	1.314286
799.999001	gene 2.8	304.000000	35.000000	1.171429
799.999001	gene 3	250.000000	35.000000	1.114286
799.999001	gene 3.8	409.000000	42.000000	1.309524
799.999001	gene 4.2	404.000000	45.000000	0.711111
799.999001	gene 4.3	449.000000	45.000000	0.400000
799.999001	gene 4.5	524.000000	50.000000	0.660000
799.999001	gene 4.7	494.000000	50.000000	1.020000
799.999001	gene 4A	201.000000	42.000000	2.809524
799.999001	gene 5	285.000000	58.000000	5.586207
799.999001	gene 5.3	509.000000	57.000000	0.807018
799.999001	gene 5.5	414.000000	57.000000	0.649123
799.999001	gene 5.7	466.000000	57.000000	0.438596
799.999001	gene 5.9	464.000000	57.000000	0.315789
799.999001	gene 6	332.000000	57.000000	1.666667
799.999001	gene 6.3	433.000000	57.000000	0.192982
799.999001	gene 6.5	724.000000	102.000000	0.637255
799.999001	gene 6.7	632.000000	102.000000	0.558824
799.999001	gene 7	629.000000	101.000000	0.821782
799.999001	gene 7.3	635.000000	101.000000	0.643564
799.999001	gene 7.7	627.000000	101.000000	0.990099
799.999001	gene 8	314.000000	101.000000	3.524752
799.999001	gene 9	1104.000000	243.000000	1.720165
799.999001	gp-2	68.000000	31.000000	0.483871
799.999001	lysozyme-3.5	160.000000	35.000000	1.000000
799.999001	nonpref_charged	3.000000	0.000000	0.000000
799.999001	nonpref_uncharged	14997.000000	0.000000	0.000000
799.999001	pref_charged	22786.000000	0.000000	0.000000
799.999001	pref_uncharged	12214.000000	0.000000	0.000000
799.999001	protein_kinase-0.7	228.000000	10.000000	6.600000
799.999001	rnapol-1	0.000000	10.000000	9.600000
799.999001	rnapol-3.5	81.000000	0.000000	0.000000
899.999000	E. coli B promoter	1.000000	0.000000	0.000000
899.999000	E. coli C promoter	1.000000	0.000000	0.000000
899.999000	E. coli promoter A1	1.000000	0.000000	0.000000
899.999000	E. coli promoter A2	1.000000	0.000000	0.000000
899.999000	E. coli promoter A3	1.000000	0.000000	0.000000
899.999000	T7 promoter phi1.1A	1.000000	0.000000	0.000000
899.999000	T7 promoter phi1.1B	1.000000	0.000000	0.000000
899.999000	T7 promoter phi1.3	1.000000	0.000000	0.000000
899.999000	T7 promoter phi1.5	1.000000	0.000000	0.000000
899.999000	T7 promoter phi1.6	1.000000	0.000000	0.000000
899.999000	T7 promoter phi10	1.000000	0.000000	0.000000
899.999000	T7 promoter phi13	1.000000	0.000000	0.000000
899.999000	T7 promoter phi17	0.000000	0.000000	0.000000
899.999000	T7 promoter phi2.5	1.000000	0.000000	0.000000
899.999000	T7 promoter phi3.8	1.000000	0.000000	0.000000
899.999000	T7 promoter phi4.3	1.000000	0.000000	0.000000
899.999000	T7 promoter phi4.7	1.000000	0.000000	0.000000
899.999000	T7 promoter phi4c	1.000000	0.000000	0.000000
899.999000	T7 promoter phi6.5	1.000000	0.000000	0.000000
899.999000	T7 promoter phi9	1.000000	0.000000	0.000000
899.999000	__gene 0.3_rbs	8.000000	0.000000	0.000000
899.999000	__gene 1.1_rbs	24.000000	0.000000	0.000000
899.999000	__gene 1.2_rbs	21.000000	0.000000	0.000000
899.999000	__gene 1.3_rbs	27.000000	0.000000	0.000000
899.999000	__gene 1.4_rbs	17.000000	0.000000	0.000000
899.999000	__gene 1.7_rbs	32.000000	0.000000	0.000000
899.999000	__gene 1.8_rbs	25.000000	0.000000	0.000000
899.999000	__gene 10A_rbs	947.000000	0.000000	0.000000
899.999000	__gene 11_rbs	125.000000	0.000000	0.000000
899.999000	__gene 12_rbs	120.000000	0.000000	0.000000
899.999000	__gene 13_rbs	204.000000	0.000000	0.000000
899.999000	__gene 14_rbs	191.000000	0.000000	0.000000
899.999000	__gene 15_rbs	198.000000	0.000000	0.000000
899.999000	__gene 16_rbs	199.000000	0.000000	0.000000
899.999000	__gene 17.5_rbs	242.000000	0.000000	0.000000
899.999000	__gene 17_rbs	269.000000	0.000000	0.000000
899.999000	__gene 18.5_rbs	246.000000	0.000000	0.000000
899.999000	__gene 18.7_rbs	226.000000	0.000000	0.000000
899.999000	__gene 18_rbs	226.000000	0.000000	0.000000
899.999000	__gene 19.2_rbs	215.000000	0.000000	0.000000
899.999000	__gene 19.3_rbs	218.000000	0.000000	0.000000
899.999000	__gene 19.5_rbs	242.000000	0.000000	0.000000
899.999000	__gene 19_rbs	246.000000	0.000000	0.000000
899.999000	__gene 2.5_rbs	37.000000	0.000000	0.000000
899.999000	__gene 2.8_rbs	38.000000	0.000000	0.000000
899.999000	__gene 3.8_rbs	45.000000	0.000000	0.000000
899.999000	__gene 3_rbs	35.000000	0.000000	0.000000
899.999000	__gene 4.2_rbs	42.000000	0.000000	0.000000
899.999000	__gene 4.3_rbs	48.000000	0.000000	0.000000
899.999000	__gene 4.5_rbs	56.000000	0.000000	0.000000
899.999000	__gene 4.7_rbs	52.000000	0.000000	0.000000
899.999000	__gene 4A_rbs	43.000000	0.000000	0.000000
899.999000	__gene 5.3_rbs	59.000000	0.000000	0.000000
899.999000	__gene 5.5_rbs	53.000000	0.000000	0.000000
899.999000	__gene 5.7_rbs	54.000000	0.000000	0.000000
899.999000	__gene 5.9_rbs	57.000000	0.000000	0.000000
899.999000	__gene 5_rbs	63.000000	0.000000	0.000000
899.999000	__gene 6.3_rbs	53.000000	0.000000	0.000000
899.999000	__gene 6.5_rbs	106.000000	0.000000	0.000000
899.999000	__gene 6.7_rbs	105.000000	0.000000	0.000000
899.999000	__gene 6_rbs	54.000000	0.000000	0.000000
899.999000	__gene 7.3_rbs	103.000000	0.000000	0.000000
899.999000	__gene 7.7_rbs	104.000000	0.000000	0.000000
899.999000	__gene 7_rbs	101.000000	0.000000	0.000000
899.999000	__gene 8_rbs	89.000000	0.000000	0.000000
899.999000	__gene 9_rbs	279.000000	0.000000	0.000000
899.999000	__gp-2_rbs	28.000000	0.000000	0.000000
899.999000	__lysozyme-3.5_rbs	35.000000	0.000000	0.000000
899.999000	__protein_kinase-0.7_rbs	10.000000	0.000000	0.000000
899.999000	__ribosome	0.000000	0.000000	0.000000
899.999000	__rnapol-1_rbs	8.000000	0.000000	0.000000
899.999000	bound_ecolipol	0.000000	0.000000	0.000000
899.999000	bound_ecolipol_p	1511.000000	0.000000	0.000000
899.999000	bound_ribosome	742.000000	0.000000	0.000000
899.999000	degraded_transcript	35974.000000	0.000000	0.000000
899.999000	ecoli_genome	289.000000	0.000000	0.000000
899.999000	ecoli_transcript	32407.000000	0.000000	0.000000
899.999000	ecolipol	0.000000	0.000000	0.000000
899.999000	ecolipol-2	0.000000	0.000000	0.000000
899.999000	ecolipol-2-p	228.000000	0.000000	0.000000
899.999000	ecolipol-p	60.000000	0.000000	0.000000
899.999000	gene 0.3	322.000000	10.000000	1.500000
899.999000	gene 1.1	380.000000	26.000000	0.192308
899.999000	gene 1.2	286.000000	21.000000	1.095238
899.999000	gene 1.3	216.000000	31.000000	6.612903
899.999000	gene 1.4	272.000000	19.000000	0.263158
899.999000	gene 1.7	336.000000	35.000000	1.257143
899.999000	gene 1.8	275.000000	34.000000	0.323529
899.999000	gene 10A	3268.000000	990.000000	2.188889
899.999000	gene 11	509.000000	131.000000	0.824427
899.999000	gene 12	106.000000	131.000000	3.648855
899.999000	gene 13	654.000000	221.000000	0.791855
899.999000	gene 14	582.000000	221.000000	0.837104
899.999000	gene 15	88.000000	219.000000	2.885845
899.999000	gene 16	1.000000	210.000000	3.766667
899.999000	gene 17	263.000000	277.000000	2.411552
899.999000	gene 17.5	706.000000	270.000000	0.488889
899.999000	gene 18	611.000000	270.000000	0.459259
899.999000	gene 18.5	584.000000	268.000000	0.865672
899.999000	gene 18.7	511.000000	268.000000	0.451493
899.999000	gene 19	148.000000	266.000000	2.654135
899.999000	gene 19.2	568.000000	265.000000	0.422642
899.999000	gene 19.3	611.000000	264.000000	0.386364
899.999000	gene 19.5	710.000000	262.000000	0.339695
899.999000	gene 2.5	379.000000	40.000000	0.800000
899.999000	gene 2.8	348.000000	40.000000	0.550000
899.999000	gene 3	285.000000	40.000000	0.800000
899.999000	gene 3.8	464.000000	47.000000	0.702128
899.999000	gene 4.2	441.000000	51.000000	0.509804
899.999000	gene 4.3	500.000000	51.000000	0.274510
899.999000	gene 4.5	579.000000	56.000000	0.428571
899.999000	gene 4.7	557.000000	56.000000	0.660714
899.999000	gene 4A	228.000000	47.000000	2.531915
899.999000	gene 5	359.000000	65.000000	4.707692
899.999000	gene 5.3	566.000000	65.000000	0.676923
899.999000	gene 5.5	468.000000	65.000000	0.630769
899.999000	gene 5.7	526.000000	65.000000	0.292308
899.999000	gene 5.9	527.000000	64.000000	0.296875
899.999000	gene 6	394.000000	64.000000	1.312500
899.999000	gene 6.3	473.000000	64.000000	0.296875
899.999000	gene 6.5	828.000000	116.000000	0.439655
899.999000	gene 6.7	723.000000	116.000000	0.413793
899.999000	gene 7	723.000000	114.000000	0.570175
899.999000	gene 7.3	737.000000	113.000000	0.353982
899.999000	gene 7.7	727.000000	113.000000	0.964602
899.999000	gene 8	423.000000	112.000000	2.982143
899.999000	gene 9	1356.000000	292.000000	1.407534
899.999000	gp-2	93.000000	34.000000	0.500000
899.999000	lysozyme-3.5	198.000000	40.000000	0.775000
899.999000	nonpref_charged	1.000000	0.000000	0.000000
899.999000	nonpref_uncharged	14999.000000	0.000000	0.000000
899.999000	pref_charged	22855.000000	0.000000	0.000000
899.999000	pref_uncharged	12145.000000	0.000000	0.000000
899.999000	protein_kinase-0.7	249.000000	10.000000	5.100000
899.999000	rnapol-1	0.000000	10.000000	10.000000
899.999000	rnapol-3.5	83.000000	0.000000	0.000000
999.999001	E. coli B promoter	1.000000	0.000000	0.000000
999.999001	E. coli C promoter	1.000000	0.000000	0.000000
999.999001	E. coli promoter A1	1.000000	0.000000	0.000000
999.999001	E. coli promoter A2	1.000000	0.000000	0.000000
999.999001	E. coli promoter A3	1.000000	0.000000	0.000000
999.999001	T7 promoter phi1.1A	1.000000	0.000000	0.000000
999.999001	T7 promoter phi1.1B	1.000000	0.000000	0.000000
999.999001	T7 promoter phi1.3	1.000000	0.000000	0.000000
999.999001	T7 promoter phi1.5	1.000000	0.000000	0.000000
999.999001	T7 promoter phi1.6	1.000000	0.000000	0.000000
999.999001	T7 promoter phi10	1.000000	0.000000	0.000000
999.999001	T7 promoter phi13	1.000000	0.000000	0.000000
999.999001	T7 promoter phi17	1.000000	0.000000	0.000000
999.999001	T7 promoter phi2.5	1.000000	0.000000	0.000000
999.999001	T7 promoter phi3.8	1.000000	0.000000	0.000000
999.999001	T7 promoter phi4.3	1.000000	0.000000	0.000000
999.999001	T7 promoter phi4.7	1.000000	0.000000	0.000000
999.999001	T7 promoter phi4c	1.000000	0.000000	0.000000
999.999001	T7 promoter phi6.5	1.000000	0.000000	0.000000
999.999001	T7 promoter phi9	0.000000	0.000000	0.000000
999.999001	__gene 0.3_rbs	12.000000	0.000000	0.000000
999.999001	__gene 1.1_rbs	25.000000	0.000000	0.000000
999.999001	__gene 1.2_rbs	19.000000	0.000000	0.000000
999.999001	__gene 1.3_rbs	29.000000	0.000000	0.000000
999.999001	__gene 1.4_rbs	19.000000	0.000000	0.000000
999.999001	__gene 1.7_rbs	34.000000	0.000000	0.000000
999.999001	__gene 1.8_rbs	29.000000	0.000000	0.000000
999.999001	__gene 10A_rbs	1140.000000	0.000000	0.000000
999.999001	__gene 11_rbs	155.000000	0.000000	0.000000
999.999001	__gene 12_rbs	155.000000	0.000000	0.000000
999.999001	__gene 13_rbs	267.000000	0.000000	0.000000
999.999001	__gene 14_rbs	248.000000	0.000000	0.000000
999.999001	__gene 15_rbs	246.000000	0.000000	0.000000
999.999001	__gene 16_rbs	252.000000	0.000000	0.000000
999.999001	__gene 17.5_rbs	314.000000	0.000000	0.000000
999.999001	__gene 17_rbs	344.000000	0.000000	0.000000
999.999001	__gene 18.5_rbs	317.000000	0.000000	0.000000
999.999001	__gene 18.7_rbs	277.000000	0.000000	0.000000
999.999001	__gene 18_rbs	283.000000	0.000000	0.000000
999.999001	__gene 19.2_rbs	294.000000	0.000000	0.000000
999.999001	__gene 19.3_rbs	279.000000	0.000000	0.000000
999.999001	__gene 19.5_rbs	317.000000	0.000000	0.000000
999.999001	__gene 19_rbs	320.000000	0.000000	0.000000
999.999001	__gene 2.5_rbs	45.000000	0.000000	0.000000
999.999001	__gene 2.8_rbs	39.000000	0.000000	0.000000
999.999001	__gene 3.8_rbs	53.000000	0.000000	0.000000
999.999001	__gene 3_rbs	40.000000	0.000000	0.000000
999.999001	__gene 4.2_rbs	51.000000	0.000000	0.000000
999.999001	__gene 4.3_rbs	53.000000	0.000000	0.000000
999.999001	__gene 4.5_rbs	60.000000	0.000000	0.000000
999.999001	__gene 4.7_rbs	63.000000	0.000000	0.000000
999.999001	__gene 4A_rbs	47.000000	0.000000	0.000000
999.999001	__gene 5.3_rbs	73.000000	0.000000	0.000000
999.999001	__gene 5.5_rbs	68.000000	0.000000	0.000000
999.999001	__gene 5.7_rbs	70.000000	0.000000	0.000000
999.999001	__gene 5.9_rbs	62.000000	0.000000	0.000000
999.999001	__gene 5_rbs	75.000000	0.000000	0.000000
999.999001	__gene 6.3_rbs	66.000000	0.000000	0.000000
999.999001	__gene 6.5_rbs	121.000000	0.000000	0.000000
999.999001	__gene 6.7_rbs	121.000000	0.000000	0.000000
999.999001	__gene 6_rbs	66.000000	0.000000	0.000000
999.999001	__gene 7.3_rbs	119.000000	0.000000	0.000000
999.999001	__gene 7.7_rbs	124.000000	0.000000	0.000000
999.999001	__gene 7_rbs	111.000000	0.000000	0.000000
999.999001	__gene 8_rbs	112.000000	0.000000	0.000000
999.999001	__gene 9_rbs	323.000000	0.000000	0.000000
999.999001	__gp-2_rbs	31.000000	0.000000	0.000000
999.999001	__lysozyme-3.5_rbs	41.000000	0.000000	0.000000
999.999001	__protein_kinase-0.7_rbs	10.000000	0.000000	0.000000
999.999001	__ribosome	0.000000	0.000000	0.000000
999.999001	__rnapol-1_rbs	12.000000	0.000000	0.000000
999.999001	bound_ecolipol	0.000000	0.000000	0.000000
999.999001	bound_ecolipol_p	1506.000000	0.000000	0.000000
999.999001	bound_ribosome	578.000000	0.000000	0.000000
999.999001	degraded_transcript	42307.000000	0.000000	0.000000
999.999001	ecoli_genome	294.000000	0.000000	0.000000
999.999001	ecoli_transcript	32233.000000	0.000000	0.000000
999.999001	ecolipol	0.000000	0.000000	0.000000
999.999001	ecolipol-2	0.000000	0.000000	0.000000
999.999001	ecolipol-2-p	251.000000	0.000000	0.000000
999.999001	ecolipol-p	40.000000	0.000000	0.000000
999.999001	gene 0.3	330.000000	13.000000	1.230769
999.999001	gene 1.1	395.000000	26.000000	0.115385
999.999001	gene 1.2	297.000000	21.000000	1.380952
999.999001	gene 1.3	240.000000	33.000000	6.090909
999.999001	gene 1.4	284.000000	22.000000	0.409091
999.999001	gene 1.7	366.000000	39.000000	0.923077
999.999001	gene 1.8	300.000000	39.000000	0.256410
999.999001	gene 10A	4182.000000	1177.000000	1.706882
999.999001	gene 11	601.000000	167.000000	0.712575
999.999001	gene 12	175.000000	167.000000	3.053892
999.999001	gene 13	827.000000	276.000000	0.539855
999.999001	gene 14	731.000000	275.000000	0.712727
999.999001	gene 15	167.000000	273.000000	2.652015
999.999001	gene 16	11.000000	267.000000	3.494382
999.999001	gene 17	440.000000	350.000000	2.054286
999.999001	gene 17.5	928.000000	340.000000	0.338235
999.999001	gene 18	794.000000	339.000000	0.356932
999.999001	gene 18.5	793.000000	338.000000	0.727811
999.999001	gene 18.7	680.000000	338.000000	0.428994
999.999001	gene 19	304.000000	337.000000	2.290801
999.999001	gene 19.2	745.000000	336.000000	0.363095
999.999001	gene 19.3	826.000000	335.000000	0.313433
999.999001	gene 19.5	930.000000	334.000000	0.230539
999.999001	gene 2.5	409.000000	47.000000	0.914894
999.999001	gene 2.8	370.000000	47.000000	0.851064
999.999001	gene 3	309.000000	47.000000	0.765957
999.999001	gene 3.8	494.000000	54.000000	0.611111
999.999001	gene 4.2	475.000000	58.000000	0.586207
999.999001	gene 4.3	548.000000	58.000000	0.241379
999.999001	gene 4.5	624.000000	65.000000	0.338462
999.999001	gene 4.7	609.000000	65.000000	0.507692
999.999001	gene 4A	269.000000	54.000000	2.074074
999.999001	gene 5	440.000000	76.000000	3.723684
999.999001	gene 5.3	617.000000	76.000000	0.526316
999.999001	gene 5.5	521.000000	75.000000	0.440000
999.999001	gene 5.7	576.000000	75.000000	0.253333
999.999001	gene 5.9	579.000000	74.000000	0.216216
999.999001	gene 6	436.000000	74.000000	1.229730
999.999001	gene 6.3	527.000000	74.000000	0.202703
999.999001	gene 6.5	907.000000	130.000000	0.392308
999.999001	gene 6.7	804.000000	130.000000	0.323077
999.999001	gene 7	802.000000	130.000000	0.615385
999.999001	gene 7.3	814.000000	130.000000	0.338462
999.999001	gene 7.7	832.000000	130.000000	0.630769
999.999001	gene 8	518.000000	128.000000	2.523438
999.999001	gene 9	1611.000000	341.000000	1.167155
999.999001	gp-2	102.000000	39.000000	0.282051
999.999001	lysozyme-3.5	224.000000	47.000000	0.489362
999.999001	nonpref_charged	0.000000	0.000000	0.000000
999.999001	nonpref_uncharged	15000.000000	0.000000	0.000000
999.999001	pref_charged	22715.000000	0.000000	0.000000
999.999001	pref_uncharged	12285.000000	0.000000	0.000000
999.999001	protein_kinase-0.7	269.000000	12.000000	2.916667
999.999001	rnapol-1	1.000000	12.000000	8.583333
999.999001	rnapol-3.5	87.000000	0.000000	0.000000
1099.999001	E. coli B promoter	1.000000	0.000000	0.000000
1099.999001	E. coli C promoter	1.000000	0.000000	0.000000
1099.999001	E. coli promoter A1	1.000000	0.000000	0.000000
1099.999001	E. coli promoter A2	1.000000	0.000000	0.000000
1099.999001	E. coli promoter A3	1.000000	0.000000	0.000000
1099.999001	T7 promoter phi1.1A	1.000000	0.000000	0.000000
1099.999001	T7 promoter phi1.1B	1.000000	0.000000	0.000000
1099.999001	T7 promoter phi1.3	1.000000	0.000000	0.000000
1099.999001	T7 promoter phi1.5	1.000000	0.000000	0.000000
1099.999001	T7 promoter phi1.6	1.000000	0.000000	0.000000
1099.999001	T7 promoter phi10	1.000000	0.000000	0.000000
1099.999001	T7 promoter phi13	1.000000	0.000000	0.000000
1099.999001	T7 promoter phi17	1.000000	0.000000	0.000000
1099.999001	T7 promoter phi2.5	1.000000	0.000000	0.000000
1099.999001	T7 promoter phi3.8	1.000000	0.000000	0.000000
1099.999001	T7 promoter phi4.3	1.000000	0.000000	0.000000
1099.999001	T7 promoter phi4.7	1.000000	0.000000	0.000000
1099.999001	T7 promoter phi4c	1.000000	0.000000	0.000000
1099.999001	T7 promoter phi6.5	1.000000	0.000000	0.000000
1099.999001	T7 promoter phi9	1.000000	0.000000	0.000000
1099.999001	__gene 0.3_rbs	13.000000	0.000000	0.000000
1099.999001	__gene 1.1_rbs	30.000000	0.000000	0.000000
1099.999001	__gene 1.2_rbs	23.000000	0.000000	0.000000
1099.999001	__gene 1.3_rbs	38.000000	0.000000	0.000000
1099.999001	__gene 1.4_rbs	25.000000	0.000000	0.000000
1099.999001	__gene 1.7_rbs	44.000000	0.000000	0.000000
1099.999001	__gene 1.8_rbs	43.000000	0.000000	0.000000
1099.999001	__gene 10A_rbs	1341.000000	0.000000	0.000000
1099.999001	__gene 11_rbs	197.000000	0.000000	0.000000
1099.999001	__gene 12_rbs	188.000000	0.000000	0.000000
1099.999001	__gene 13_rbs	313.000000	0.000000	0.000000
1099.999001	__gene 14_rbs	290.000000	0.000000	0.000000
1099.999001	__gene 15_rbs	302.000000	0.000000	0.000000
1099.999001	__gene 16_rbs	301.000000	0.000000	0.000000
1099.999001	__gene 17.5_rbs	414.000000	0.000000	0.000000
1099.999001	__gene 17_rbs	422.000000	0.000000	0.000000
1099.999001	__gene 18.5_rbs	397.000000	0.000000	0.000000
1099.999001	__gene 18.7_rbs	362.000000	0.000000	0.000000
1099.999001	__gene 18_rbs	386.000000	0.000000	0.000000
1099.999001	__gene 19.2_rbs	375.000000	0.000000	0.000000
1099.999001	__gene 19.3_rbs	365.000000	0.000000	0.000000
1099.999001	__gene 19.5_rbs	395.000000	0.000000	0.000000
1099.999001	__gene 19_rbs	396.000000	0.000000	0.000000
1099.999001	__gene 2.5_rbs	57.000000	0.000000	0.000000
1099.999001	__gene 2.8_rbs	54.000000	0.000000	0.000000
1099.999001	__gene 3.8_rbs	66.000000	0.000000	0.000000
1099.999001	__gene 3_rbs	52.000000	0.000000	0.000000
1099.999001	__gene 4.2_rbs	67.000000	0.000000	0.000000
1099.999001	__gene 4.3_rbs	64.000000	0.000000	0.000000
1099.999001	__gene 4.5_rbs	71.000000	0.000000	0.000000
1099.999001	__gene 4.7_rbs	75.000000	0.000000	0.000000
1099.999001	__gene 4A_rbs	58.000000	0.000000	0.000000
1099.999001	__gene 5.3_rbs	85.000000	0.000000	0.000000
1099.999001	__gene 5.5_rbs	83.000000	0.000000	0.000000
1099.999001	__gene 5.7_rbs	80.000000	0.000000	0.000000
1099.999001	__gene 5.9_rbs	78.000000	0.000000	0.000000
1099.999001	__gene 5_rbs	85.000000	0.000000	0.000000
1099.999001	__gene 6.3_rbs	77.000000	0.000000	0.000000
1099.999001	__gene 6.5_rbs	143.000000	0.000000	0.000000
1099.999001	__gene 6.7_rbs	138.000000	0.000000	0.000000
1099.999001	__gene 6_rbs	76.000000	0.000000	0.000000
1099.999001	__gene 7.3_rbs	135.000000	0.000000	0.000000
1099.999001	__gene 7.7_rbs	142.000000	0.000000	0.000000
1099.999001	__gene 7_rbs	137.000000	0.000000	0.000000
1099.999001	__gene 8_rbs	131.000000	0.000000	0.000000
1099.999001	__gene 9_rbs	391.000000	0.000000	0.000000
1099.999001	__gp-2_rbs	43.000000	0.000000	0.000000
1099.999001	__lysozyme-3.5_rbs	50.000000	0.000000	0.000000
1099.999001	__protein_kinase-0.7_rbs	13.000000	0.000000	0.000000
1099.999001	__ribosome	0.000000	0.000000	0.000000
1099.999001	__rnapol-1_rbs	13.000000	0.000000	0.000000
1099.999001	bound_ecolipol	0.000000	0.000000	0.000000
1099.999001	bound_ecolipol_p	1490.000000	0.000000	0.000000
1099.999001	bound_ribosome	478.000000	0.000000	0.000000
1099.999001	degraded_transcript	48584.000000	0.000000	0.000000
1099.999001	ecoli_genome	310.000000	0.000000	0.000000
1099.999001	ecoli_transcript	31922.000000	0.000000	0.000000
1099.999001	ecolipol	0.000000	0.000000	0.000000
1099.999001	ecolipol-2	0.000000	0.000000	0.000000
1099.999001	ecolipol-2-p	267.000000	0.000000	0.000000
1099.999001	ecolipol-p	42.000000	0.000000	0.000000
1099.999001	gene 0.3	340.000000	13.000000	1.230769
1099.999001	gene 1.1	407.000000	31.000000	0.064516
1099.999001	gene 1.2	315.000000	24.000000	1.125000
1099.999001	gene 1.3	256.000000	39.000000	5.230769
1099.999001	gene 1.4	304.000000	26.000000	0.076923
1099.999001	gene 1.7	394.000000	48.000000	0.645833
1099.999001	gene 1.8	327.000000	48.000000	0.229167
1099.999001	gene 10A	4978.000000	1377.000000	1.419027
1099.999001	gene 11	699.000000	201.000000	0.557214
1099.999001	gene 12	278.000000	201.000000	2.487562
1099.999001	gene 13	974.000000	326.000000	0.496933
1099.999001	gene 14	890.000000	324.000000	0.700617
1099.999001	gene 15	290.000000	321.000000	2.330218
1099.999001	gene 16	26.000000	313.000000	3.444089
1099.999001	gene 17	612.000000	432.000000	1.722222
1099.999001	gene 17.5	1143.000000	427.000000	0.234192
1099.999001	gene 18	992.000000	425.000000	0.305882
1099.999001	gene 18.5	1010.000000	422.000000	0.594787
1099.999001	gene 18.7	863.000000	422.000000	0.353081
1099.999001	gene 19	481.000000	420.000000	1.878571
1099.999001	gene 19.2	941.000000	419.000000	0.329356
1099.999001	gene 19.3	1030.000000	417.000000	0.223022
1099.999001	gene 19.5	1137.000000	415.000000	0.204819
1099.999001	gene 2.5	449.000000	58.000000	0.603448
1099.999001	gene 2.8	409.000000	58.000000	0.482759
1099.999001	gene 3	341.000000	58.000000	0.500000
1099.999001	gene 3.8	526.000000	67.000000	0.492537
1099.999001	gene 4.2	514.000000	71.000000	0.436620
1099.999001	gene 4.3	586.000000	71.000000	0.295775
1099.999001	gene 4.5	670.000000	78.000000	0.320513
1099.999001	gene 4.7	647.000000	78.000000	0.512821
1099.999001	gene 4A	295.000000	66.000000	1.909091
1099.999001	gene 5	515.000000	89.000000	2.865169
1099.999001	gene 5.3	661.000000	88.000000	0.443182
1099.999001	gene 5.5	567.000000	88.000000	0.420455
1099.999001	gene 5.7	619.000000	87.000000	0.114943
1099.999001	gene 5.9	626.000000	87.000000	0.149425
1099.999001	gene 6	486.000000	87.000000	1.080460
1099.999001	gene 6.3	569.000000	87.000000	0.091954
1099.999001	gene 6.5	991.000000	152.000000	0.315789
1099.999001	gene 6.7	874.000000	152.000000	0.381579
1099.999001	gene 7	891.000000	151.000000	0.496689
1099.999001	gene 7.3	899.000000	149.000000	0.348993
1099.999001	gene 7.7	909.000000	149.000000	0.563758
1099.999001	gene 8	616.000000	148.000000	2.114865
1099.999001	gene 9	1859.000000	400.000000	0.867500
1099.999001	gp-2	111.000000	48.000000	0.187500
1099.999001	lysozyme-3.5	245.000000	58.000000	0.465517
1099.999001	nonpref_charged	2.000000	0.000000	0.000000
1099.999001	nonpref_uncharged	14998.000000	0.000000	0.000000
1099.999001	pref_charged	22607.000000	0.000000	0.000000
1099.999001	pref_uncharged	12393.000000	0.000000	0.000000
1099.999001	protein_kinase-0.7	283.000000	13.000000	2.153846
1099.999001	rnapol-1	0.000000	13.000000	8.000000
1099.999001	rnapol-3.5	87.000000	0.000000	0.000000
1199.999000	E. coli B promoter	1.000000	0.000000	0.000000
1199.999000	E. coli C promoter	1.000000	0.000000	0.000000
1199.999000	E. coli promoter A1	1.000000	0.000000	0.000000
1199.999000	E. coli promoter A2	1.000000	0.000000	0.000000
1199.999000	E. coli promoter A3	1.000000	0.000000	0.000000
1199.999000	T7 promoter phi1.1A	1.000000	0.000000	0.000000
1199.999000	T7 promoter phi1.1B	1.000000	0.000000	0.000000
1199.999000	T7 promoter phi1.3	1.000000	0.000000	0.000000
1199.999000	T7 promoter phi1.5	1.000000	0.000000	0.000000
1199.999000	T7 promoter phi1.6	1.000000	0.000000	0.000000
1199.999000	T7 promoter phi10	0.000000	0.000000	0.000000
1199.999000	T7 promoter phi13	1.000000	0.000000	0.000000
1199.999000	T7 promoter phi17	1.000000	0.000000	0.000000
1199.999000	T7 promoter phi2.5	1.000000	0.000000	0.000000
1199.999000	T7 promoter phi3.8	1.000000	0.000000	0.000000
1199.999000	T7 promoter phi4.3	1.000000	0.000000	0.000000
1199.999000	T7 promoter phi4.7	1.000000	0.000000	0.000000
1199.999000	T7 promoter phi4c	1.000000	0.000000	0.000000
1199.999000	T7 promoter phi6.5	1.000000	0.000000	0.000000
1199.999000	T7 promoter phi9	1.000000	0.000000	0.000000
1199.999000	__gene 0.3_rbs	11.000000	0.000000	0.000000
1199.999000	__gene 1.1_rbs	31.000000	0.000000	0.000000
1199.999000	__gene 1.2_rbs	23.000000	0.000000	0.000000
1199.999000	__gene 1.3_rbs	40.000000	0.000000	0.000000
1199.999000	__gene 1.4_rbs	30.000000	0.000000	0.000000
1199.999000	__gene 1.7_rbs	54.000000	0.000000	0.000000
1199.999000	__gene 1.8_rbs	54.000000	0.000000	0.000000
1199.999000	__gene 10A_rbs	1548.000000	0.000000	0.000000
1199.999000	__gene 11_rbs	224.000000	0.000000	0.000000
1199.999000	__gene 12_rbs	219.000000	0.000000	0.000000
1199.999000	__gene 13_rbs	371.000000	0.000000	0.000000
1199.999000	__gene 14_rbs	354.000000	0.000000	0.000000
1199.999000	__gene 15_rbs	343.000000	0.000000	0.000000
1199.999000	__gene 16_rbs	354.000000	0.000000	0.000000
1199.999000	__gene 17.5_rbs	488.000000	0.000000	0.000000
1199.999000	__gene 17_rbs	494.000000	0.000000	0.000000
1199.999000	__gene 18.5_rbs	477.000000	0.000000	0.000000
1199.999000	__gene 18.7_rbs	435.000000	0.000000	0.000000
1199.999000	__gene 18_rbs	463.000000	0.000000	0.000000
1199.999000	__gene 19.2_rbs	445.000000	0.000000	0.000000
1199.999000	__gene 19.3_rbs	446.000000	0.000000	0.000000
1199.999000	__gene 19.5_rbs	480.000000	0.000000	0.000000
1199.999000	__gene 19_rbs	479.000000	0.000000	0.000000
1199.999000	__gene 2.5_rbs	66.000000	0.000000	0.000000
1199.999000	__gene 2.8_rbs	66.000000	0.000000	0.000000
1199.999000	__gene 3.8_rbs	73.000000	0.000000	0.000000
1199.999000	__gene 3_rbs	58.000000	0.000000	0.000000
1199.999000	__gene 4.2_rbs	71.000000	0.000000	0.000000
1199.999000	__gene 4.3_rbs	75.000000	0.000000	0.000000
1199.999000	__gene 4.5_rbs	84.000000	0.000000	0.000000
1199.999000	__gene 4.7_rbs	85.000000	0.000000	0.000000
1199.999000	__gene 4A_rbs	69.000000	0.000000	0.000000
1199.999000	__gene 5.3_rbs	92.000000	0.000000	0.000000
1199.999000	__gene 5.5_rbs	90.000000	0.000000	0.000000
1199.999000	__gene 5.7_rbs	87.000000	0.000000	0.000000
1199.999000	__gene 5.9_rbs	90.000000	0.000000	0.000000
1199.999000	__gene 5_rbs	92.000000	0.000000	0.000000
1199.999000	__gene 6.3_rbs	88.000000	0.000000	0.000000
1199.999000	__gene 6.5_rbs	166.000000	0.000000	0.000000
1199.999000	__gene 6.7_rbs	160.000000	0.000000	0.000000
1199.999000	__gene 6_rbs	87.000000	0.000000	0.000000
1199.999000	__gene 7.3_rbs	156.000000	0.000000	0.000000
1199.999000	__gene 7.7_rbs	162.000000	0.000000	0.000000
1199.999000	__gene 7_rbs	160.000000	0.000000	0.000000
1199.999000	__gene 8_rbs	156.000000	0.000000	0.000000
1199.999000	__gene 9_rbs	458.000000	0.000000	0.000000
1199.999000	__gp-2_rbs	49.000000	0.000000	0.000000
1199.999000	__lysozyme-3.5_rbs	64.000000	0.000000	0.000000
1199.999000	__protein_kinase-0.7_rbs	13.000000	0.000000	0.000000
1199.999000	__ribosome	0.000000	0.000000	0.000000
1199.999000	__rnapol-1_rbs	12.000000	0.000000	0.000000
1199.999000	bound_ecolipol	0.000000	0.000000	0.000000
1199.999000	bound_ecolipol_p	1483.000000	0.000000	0.000000
1199.999000	bound_ribosome	393.000000	0.000000	0.000000
1199.999000	degraded_transcript	54768.000000	0.000000	0.000000
1199.999000	ecoli_genome	317.000000	0.000000	0.000000
1199.999000	ecoli_transcript	31785.000000	0.000000	0.000000
1199.999000	ecolipol	0.000000	0.000000	0.000000
1199.999000	ecolipol-2	0.000000	0.000000	0.000000
1199.999000	ecolipol-2-p	282.000000	0.000000	0.000000
1199.999000	ecolipol-p	35.000000	0.000000	0.000000
1199.999000	gene 0.3	351.000000	13.000000	1.076923
1199.999000	gene 1.1	425.000000	34.000000	0.029412
1199.999000	gene 1.2	328.000000	25.000000	1.080000
1199.999000	gene 1.3	277.000000	45.000000	4.600000
1199.999000	gene 1.4	315.000000	30.000000	0.133333
1199.999000	gene 1.7	412.000000	57.000000	0.719298
1199.999000	gene 1.8	356.000000	57.000000	0.210526
1199.999000	gene 10A	5758.000000	1590.000000	1.190566
1199.999000	gene 11	792.000000	234.000000	0.500000
1199.999000	gene 12	372.000000	234.000000	2.239316
1199.999000	gene 13	1129.000000	381.000000	0.464567
1199.999000	gene 14	1071.000000	380.000000	0.513158
1199.999000	gene 15	431.000000	379.000000	2.036939
1199.999000	gene 16	57.000000	370.000000	3.264865
1199.999000	gene 17	821.000000	503.000000	1.485089
1199.999000	gene 17.5	1365.000000	501.000000	0.199601
1199.999000	gene 18	1203.000000	501.000000	0.297405
1199.999000	gene 18.5	1229.000000	500.000000	0.534000
1199.999000	gene 18.7	1056.000000	500.000000	0.308000
1199.999000	gene 19	707.000000	500.000000	1.530000
1199.999000	gene 19.2	1143.000000	496.000000	0.256048
1199.999000	gene 19.3	1240.000000	494.000000	0.263158
1199.999000	gene 19.5	1333.000000	493.000000	0.170385
1199.999000	gene 2.5	483.000000	67.000000	0.552239
1199.999000	gene 2.8	435.000000	67.000000	0.313433
1199.999000	gene 3	365.000000	67.000000	0.582090
1199.999000	gene 3.8	558.000000	77.000000	0.389610
1199.999000	gene 4.2	554.000000	80.000000	0.325000
1199.999000	gene 4.3	624.000000	80.000000	0.300000
1199.999000	gene 4.5	708.000000	87.000000	0.333333
1199.999000	gene 4.7	692.000000	86.000000	0.360465
1199.999000	gene 4A	329.000000	77.000000	1.493506
1199.999000	gene 5	571.000000	97.000000	2.628866
1199.999000	gene 5.3	706.000000	96.000000	0.333333
1199.999000	gene 5.5	612.000000	96.000000	0.364583
1199.999000	gene 5.7	659.000000	96.000000	0.145833
1199.999000	gene 5.9	673.000000	96.000000	0.156250
1199.999000	gene 6	533.000000	96.000000	0.833333
1199.999000	gene 6.3	610.000000	96.000000	0.114583
1199.999000	gene 6.5	1061.000000	174.000000	0.252874
1199.999000	gene 6.7	950.000000	174.000000	0.321839
1199.999000	gene 7	973.000000	172.000000	0.354651
1199.999000	gene 7.3	986.000000	172.000000	0.255814
1199.999000	gene 7.7	989.000000	172.000000	0.459302
1199.999000	gene 8	704.000000	171.000000	1.754386
1199.999000	gene 9	2074.000000	478.000000	0.765690
1199.999000	gp-2	117.000000	57.000000	0.122807
1199.999000	lysozyme-3.5	254.000000	67.000000	0.343284
1199.999000	nonpref_charged	0.000000	0.000000	0.000000
1199.999000	nonpref_uncharged	15000.000000	0.000000	0.000000
1199.999000	pref_charged	22797.000000	0.000000	0.000000
1199.999000	pref_uncharged	12203.000000	0.000000	0.000000
1199.999000	protein_kinase-0.7	294.000000	13.000000	2.153846
1199.999000	rnapol-1	0.000000	13.000000	6.923077
1199.999000	rnapol-3.5	99.000000	0.000000	0.000000
