time	species	protein	transcript	ribo_density
0.000000	E. coli B promoter	0.000000	0.000000	0.000000
0.000000	E. coli C promoter	0.000000	0.000000	0.000000
0.000000	E. coli promoter A1	1.000000	0.000000	0.000000
0.000000	E. coli promoter A2	0.000000	0.000000	0.000000
0.000000	E. coli promoter A3	0.000000	0.000000	0.000000
0.000000	T7 promoter phi1.1A	0.000000	0.000000	0.000000
0.000000	T7 promoter phi1.1B	0.000000	0.000000	0.000000
0.000000	T7 promoter phi1.3	0.000000	0.000000	0.000000
0.000000	T7 promoter phi1.5	0.000000	0.000000	0.000000
0.000000	T7 promoter phi1.6	0.000000	0.000000	0.000000
0.000000	T7 promoter phi10	0.000000	0.000000	0.000000
0.000000	T7 promoter phi13	0.000000	0.000000	0.000000
0.000000	T7 promoter phi17	0.000000	0.000000	0.000000
0.000000	T7 promoter phi2.5	0.000000	0.000000	0.000000
0.000000	T7 promoter phi3.8	0.000000	0.000000	0.000000
0.000000	T7 promoter phi4.3	0.000000	0.000000	0.000000
0.000000	T7 promoter phi4.7	0.000000	0.000000	0.000000
0.000000	T7 promoter phi4c	0.000000	0.000000	0.000000
0.000000	T7 promoter phi6.5	0.000000	0.000000	0.000000
0.000000	T7 promoter phi9	0.000000	0.000000	0.000000
0.000000	__gene 0.3_rbs	0.000000	0.000000	0.000000
0.000000	__gene 1.1_rbs	0.000000	0.000000	0.000000
0.000000	__gene 1.2_rbs	0.000000	0.000000	0.000000
0.000000	__gene 1.3_rbs	0.000000	0.000000	0.000000
0.000000	__gene 1.4_rbs	0.000000	0.000000	0.000000
0.000000	__gene 1.7_rbs	0.000000	0.000000	0.000000
0.000000	__gene 1.8_rbs	0.000000	0.000000	0.000000
0.000000	__gene 10A_rbs	0.000000	0.000000	0.000000
0.000000	__gene 11_rbs	0.000000	0.000000	0.000000
0.000000	__gene 12_rbs	0.000000	0.000000	0.000000
0.000000	__gene 13_rbs	0.000000	0.000000	0.000000
0.000000	__gene 14_rbs	0.000000	0.000000	0.000000
0.000000	__gene 15_rbs	0.000000	0.000000	0.000000
0.000000	__gene 16_rbs	0.000000	0.000000	0.000000
0.000000	__gene 17.5_rbs	0.000000	0.000000	0.000000
0.000000	__gene 17_rbs	0.000000	0.000000	0.000000
0.000000	__gene 18.5_rbs	0.000000	0.000000	0.000000
0.000000	__gene 18.7_rbs	0.000000	0.000000	0.000000
0.000000	__gene 18_rbs	0.000000	0.000000	0.000000
0.000000	__gene 19.2_rbs	0.000000	0.000000	0.000000
0.000000	__gene 19.3_rbs	0.000000	0.000000	0.000000
0.000000	__gene 19.5_rbs	0.000000	0.000000	0.000000
0.000000	__gene 19_rbs	0.000000	0.000000	0.000000
0.000000	__gene 2.5_rbs	0.000000	0.000000	0.000000
0.000000	__gene 2.8_rbs	0.000000	0.000000	0.000000
0.000000	__gene 3.8_rbs	0.000000	0.000000	0.000000
0.000000	__gene 3_rbs	0.000000	0.000000	0.000000
0.000000	__gene 4.2_rbs	0.000000	0.000000	0.000000
0.000000	__gene 4.3_rbs	0.000000	0.000000	0.000000
0.000000	__gene 4.5_rbs	0.000000	0.000000	0.000000
0.000000	__gene 4.7_rbs	0.000000	0.000000	0.000000
0.000000	__gene 4A_rbs	0.000000	0.000000	0.000000
0.000000	__gene 5.3_rbs	0.000000	0.000000	0.000000
0.000000	__gene 5.5_rbs	0.000000	0.000000	0.000000
0.000000	__gene 5.7_rbs	0.000000	0.000000	0.000000
0.000000	__gene 5.9_rbs	0.000000	0.000000	0.000000
0.000000	__gene 5_rbs	0.000000	0.000000	0.000000
0.000000	__gene 6.3_rbs	0.000000	0.000000	0.000000
0.000000	__gene 6.5_rbs	0.000000	0.000000	0.000000
0.000000	__gene 6.7_rbs	0.000000	0.000000	0.000000
0.000000	__gene 6_rbs	0.000000	0.000000	0.000000
0.000000	__gene 7.3_rbs	0.000000	0.000000	0.000000
0.000000	__gene 7.7_rbs	0.000000	0.000000	0.000000
0.000000	__gene 7_rbs	0.000000	0.000000	0.000000
0.000000	__gene 8_rbs	0.000000	0.000000	0.000000
0.000000	__gene 9_rbs	0.000000	0.000000	0.000000
0.000000	__gp-2_rbs	0.000000	0.000000	0.000000
0.000000	__lysozyme-3.5_rbs	0.000000	0.000000	0.000000
0.000000	__protein_kinase-0.7_rbs	0.000000	0.000000	0.000000
0.000000	__ribosome	0.000000	0.000000	0.000000
0.000000	__rnapol-1_rbs	0.000000	0.000000	0.000000
0.000000	bound_ecolipol	1800.000000	0.000000	0.000000
0.000000	bound_ecolipol_p	0.000000	0.000000	0.000000
0.000000	bound_ribosome	10000.000000	0.000000	0.000000
0.000000	degraded_transcript	0.000000	0.000000	0.000000
0.000000	ecoli_genome	0.000000	0.000000	0.000000
0.000000	ecoli_transcript	0.000000	0.000000	0.000000
0.000000	ecolipol	0.000000	0.000000	0.000000
0.000000	ecolipol-2	0.000000	0.000000	0.000000
0.000000	ecolipol-2-p	0.000000	0.000000	0.000000
0.000000	ecolipol-p	0.000000	0.000000	0.000000
0.000000	gp-2	0.000000	0.000000	0.000000
0.000000	lysozyme-3.5	0.000000	0.000000	0.000000
0.000000	nonpref_charged	15000.000000	0.000000	0.000000
0.000000	nonpref_uncharged	0.000000	0.000000	0.000000
0.000000	pref_charged	35000.000000	0.000000	0.000000
0.000000	pref_uncharged	0.000000	0.000000	0.000000
0.000000	protein_kinase-0.7	0.000000	0.000000	0.000000
0.000000	rnapol-1	0.000000	0.000000	0.000000
0.000000	rnapol-3.5	0.000000	0.000000	0.000000
5.001420	E. coli B promoter	0.000000	0.000000	0.000000
5.001420	E. coli C promoter	0.000000	0.000000	0.000000
5.001420	E. coli promoter A1	1.000000	0.000000	0.000000
5.001420	E. coli promoter A2	0.000000	0.000000	0.000000
5.001420	E. coli promoter A3	0.000000	0.000000	0.000000
5.001420	T7 promoter phi1.1A	0.000000	0.000000	0.000000
5.001420	T7 promoter phi1.1B	0.000000	0.000000	0.000000
5.001420	T7 promoter phi1.3	0.000000	0.000000	0.000000
5.001420	T7 promoter phi1.5	0.000000	0.000000	0.000000
5.001420	T7 promoter phi1.6	0.000000	0.000000	0.000000
5.001420	T7 promoter phi10	0.000000	0.000000	0.000000
5.001420	T7 promoter phi13	0.000000	0.000000	0.000000
5.001420	T7 promoter phi17	0.000000	0.000000	0.000000
5.001420	T7 promoter phi2.5	0.000000	0.000000	0.000000
5.001420	T7 promoter phi3.8	0.000000	0.000000	0.000000
5.001420	T7 promoter phi4.3	0.000000	0.000000	0.000000
5.001420	T7 promoter phi4.7	0.000000	0.000000	0.000000
5.001420	T7 promoter phi4c	0.000000	0.000000	0.000000
5.001420	T7 promoter phi6.5	0.000000	0.000000	0.000000
5.001420	T7 promoter phi9	0.000000	0.000000	0.000000
5.001420	__gene 0.3_rbs	0.000000	0.000000	0.000000
5.001420	__gene 1.1_rbs	0.000000	0.000000	0.000000
5.001420	__gene 1.2_rbs	0.000000	0.000000	0.000000
5.001420	__gene 1.3_rbs	0.000000	0.000000	0.000000
5.001420	__gene 1.4_rbs	0.000000	0.000000	0.000000
5.001420	__gene 1.7_rbs	0.000000	0.000000	0.000000
5.001420	__gene 1.8_rbs	0.000000	0.000000	0.000000
5.001420	__gene 10A_rbs	0.000000	0.000000	0.000000
5.001420	__gene 11_rbs	0.000000	0.000000	0.000000
5.001420	__gene 12_rbs	0.000000	0.000000	0.000000
5.001420	__gene 13_rbs	0.000000	0.000000	0.000000
5.001420	__gene 14_rbs	0.000000	0.000000	0.000000
5.001420	__gene 15_rbs	0.000000	0.000000	0.000000
5.001420	__gene 16_rbs	0.000000	0.000000	0.000000
5.001420	__gene 17.5_rbs	0.000000	0.000000	0.000000
5.001420	__gene 17_rbs	0.000000	0.000000	0.000000
5.001420	__gene 18.5_rbs	0.000000	0.000000	0.000000
5.001420	__gene 18.7_rbs	0.000000	0.000000	0.000000
5.001420	__gene 18_rbs	0.000000	0.000000	0.000000
5.001420	__gene 19.2_rbs	0.000000	0.000000	0.000000
5.001420	__gene 19.3_rbs	0.000000	0.000000	0.000000
5.001420	__gene 19.5_rbs	0.000000	0.000000	0.000000
5.001420	__gene 19_rbs	0.000000	0.000000	0.000000
5.001420	__gene 2.5_rbs	0.000000	0.000000	0.000000
5.001420	__gene 2.8_rbs	0.000000	0.000000	0.000000
5.001420	__gene 3.8_rbs	0.000000	0.000000	0.000000
5.001420	__gene 3_rbs	0.000000	0.000000	0.000000
5.001420	__gene 4.2_rbs	0.000000	0.000000	0.000000
5.001420	__gene 4.3_rbs	0.000000	0.000000	0.000000
5.001420	__gene 4.5_rbs	0.000000	0.000000	0.000000
5.001420	__gene 4.7_rbs	0.000000	0.000000	0.000000
5.001420	__gene 4A_rbs	0.000000	0.000000	0.000000
5.001420	__gene 5.3_rbs	0.000000	0.000000	0.000000
5.001420	__gene 5.5_rbs	0.000000	0.000000	0.000000
5.001420	__gene 5.7_rbs	0.000000	0.000000	0.000000
5.001420	__gene 5.9_rbs	0.000000	0.000000	0.000000
5.001420	__gene 5_rbs	0.000000	0.000000	0.000000
5.001420	__gene 6.3_rbs	0.000000	0.000000	0.000000
5.001420	__gene 6.5_rbs	0.000000	0.000000	0.000000
5.001420	__gene 6.7_rbs	0.000000	0.000000	0.000000
5.001420	__gene 6_rbs	0.000000	0.000000	0.000000
5.001420	__gene 7.3_rbs	0.000000	0.000000	0.000000
5.001420	__gene 7.7_rbs	0.000000	0.000000	0.000000
5.001420	__gene 7_rbs	0.000000	0.000000	0.000000
5.001420	__gene 8_rbs	0.000000	0.000000	0.000000
5.001420	__gene 9_rbs	0.000000	0.000000	0.000000
5.001420	__gp-2_rbs	0.000000	0.000000	0.000000
5.001420	__lysozyme-3.5_rbs	0.000000	0.000000	0.000000
5.001420	__protein_kinase-0.7_rbs	0.000000	0.000000	0.000000
5.001420	__ribosome	357.000000	0.000000	0.000000
5.001420	__rnapol-1_rbs	0.000000	0.000000	0.000000
5.001420	bound_ecolipol	1738.000000	0.000000	0.000000
5.001420	bound_ecolipol_p	0.000000	0.000000	0.000000
5.001420	bound_ribosome	9643.000000	0.000000	0.000000
5.001420	degraded_transcript	7.000000	0.000000	0.000000
5.001420	ecoli_genome	62.000000	0.000000	0.000000
5.001420	ecoli_transcript	719.000000	0.000000	0.000000
5.001420	ecolipol	62.000000	0.000000	0.000000
5.001420	ecolipol-2	0.000000	0.000000	0.000000
5.001420	ecolipol-2-p	0.000000	0.000000	0.000000
5.001420	ecolipol-p	0.000000	0.000000	0.000000
5.001420	gp-2	0.000000	0.000000	0.000000
5.001420	lysozyme-3.5	0.000000	0.000000	0.000000
5.001420	nonpref_charged	15000.000000	0.000000	0.000000
5.001420	nonpref_uncharged	0.000000	0.000000	0.000000
5.001420	pref_charged	35000.000000	0.000000	0.000000
5.001420	pref_uncharged	0.000000	0.000000	0.000000
5.001420	protein_kinase-0.7	0.000000	0.000000	0.000000
5.001420	rnapol-1	0.000000	0.000000	0.000000
5.001420	rnapol-3.5	0.000000	0.000000	0.000000
9.999834	E. coli B promoter	0.000000	0.000000	0.000000
9.999834	E. coli C promoter	0.000000	0.000000	0.000000
9.999834	E. coli promoter A1	1.000000	0.000000	0.000000
9.999834	E. coli promoter A2	0.000000	0.000000	0.000000
9.999834	E. coli promoter A3	0.000000	0.000000	0.000000
9.999834	T7 promoter phi1.1A	0.000000	0.000000	0.000000
9.999834	T7 promoter phi1.1B	0.000000	0.000000	0.000000
9.999834	T7 promoter phi1.3	0.000000	0.000000	0.000000
9.999834	T7 promoter phi1.5	0.000000	0.000000	0.000000
9.999834	T7 promoter phi1.6	0.000000	0.000000	0.000000
9.999834	T7 promoter phi10	0.000000	0.000000	0.000000
9.999834	T7 promoter phi13	0.000000	0.000000	0.000000
9.999834	T7 promoter phi17	0.000000	0.000000	0.000000
9.999834	T7 promoter phi2.5	0.000000	0.000000	0.000000
9.999834	T7 promoter phi3.8	0.000000	0.000000	0.000000
9.999834	T7 promoter phi4.3	0.000000	0.000000	0.000000
9.999834	T7 promoter phi4.7	0.000000	0.000000	0.000000
9.999834	T7 promoter phi4c	0.000000	0.000000	0.000000
9.999834	T7 promoter phi6.5	0.000000	0.000000	0.000000
9.999834	T7 promoter phi9	0.000000	0.000000	0.000000
9.999834	__gene 0.3_rbs	0.000000	0.000000	0.000000
9.999834	__gene 1.1_rbs	0.000000	0.000000	0.000000
9.999834	__gene 1.2_rbs	0.000000	0.000000	0.000000
9.999834	__gene 1.3_rbs	0.000000	0.000000	0.000000
9.999834	__gene 1.4_rbs	0.000000	0.000000	0.000000
9.999834	__gene 1.7_rbs	0.000000	0.000000	0.000000
9.999834	__gene 1.8_rbs	0.000000	0.000000	0.000000
9.999834	__gene 10A_rbs	0.000000	0.000000	0.000000
9.999834	__gene 11_rbs	0.000000	0.000000	0.000000
9.999834	__gene 12_rbs	0.000000	0.000000	0.000000
9.999834	__gene 13_rbs	0.000000	0.000000	0.000000
9.999834	__gene 14_rbs	0.000000	0.000000	0.000000
9.999834	__gene 15_rbs	0.000000	0.000000	0.000000
9.999834	__gene 16_rbs	0.000000	0.000000	0.000000
9.999834	__gene 17.5_rbs	0.000000	0.000000	0.000000
9.999834	__gene 17_rbs	0.000000	0.000000	0.000000
9.999834	__gene 18.5_rbs	0.000000	0.000000	0.000000
9.999834	__gene 18.7_rbs	0.000000	0.000000	0.000000
9.999834	__gene 18_rbs	0.000000	0.000000	0.000000
9.999834	__gene 19.2_rbs	0.000000	0.000000	0.000000
9.999834	__gene 19.3_rbs	0.000000	0.000000	0.000000
9.999834	__gene 19.5_rbs	0.000000	0.000000	0.000000
9.999834	__gene 19_rbs	0.000000	0.000000	0.000000
9.999834	__gene 2.5_rbs	0.000000	0.000000	0.000000
9.999834	__gene 2.8_rbs	0.000000	0.000000	0.000000
9.999834	__gene 3.8_rbs	0.000000	0.000000	0.000000
9.999834	__gene 3_rbs	0.000000	0.000000	0.000000
9.999834	__gene 4.2_rbs	0.000000	0.000000	0.000000
9.999834	__gene 4.3_rbs	0.000000	0.000000	0.000000
9.999834	__gene 4.5_rbs	0.000000	0.000000	0.000000
9.999834	__gene 4.7_rbs	0.000000	0.000000	0.000000
9.999834	__gene 4A_rbs	0.000000	0.000000	0.000000
9.999834	__gene 5.3_rbs	0.000000	0.000000	0.000000
9.999834	__gene 5.5_rbs	0.000000	0.000000	0.000000
9.999834	__gene 5.7_rbs	0.000000	0.000000	0.000000
9.999834	__gene 5.9_rbs	0.000000	0.000000	0.000000
9.999834	__gene 5_rbs	0.000000	0.000000	0.000000
9.999834	__gene 6.3_rbs	0.000000	0.000000	0.000000
9.999834	__gene 6.5_rbs	0.000000	0.000000	0.000000
9.999834	__gene 6.7_rbs	0.000000	0.000000	0.000000
9.999834	__gene 6_rbs	0.000000	0.000000	0.000000
9.999834	__gene 7.3_rbs	0.000000	0.000000	0.000000
9.999834	__gene 7.7_rbs	0.000000	0.000000	0.000000
9.999834	__gene 7_rbs	0.000000	0.000000	0.000000
9.999834	__gene 8_rbs	0.000000	0.000000	0.000000
9.999834	__gene 9_rbs	0.000000	0.000000	0.000000
9.999834	__gp-2_rbs	0.000000	0.000000	0.000000
9.999834	__lysozyme-3.5_rbs	0.000000	0.000000	0.000000
9.999834	__protein_kinase-0.7_rbs	0.000000	0.000000	0.000000
9.999834	__ribosome	259.000000	0.000000	0.000000
9.999834	__rnapol-1_rbs	0.000000	0.000000	0.000000
9.999834	bound_ecolipol	1727.000000	0.000000	0.000000
9.999834	bound_ecolipol_p	0.000000	0.000000	0.000000
9.999834	bound_ribosome	9741.000000	0.000000	0.000000
9.999834	degraded_transcript	16.000000	0.000000	0.000000
9.999834	ecoli_genome	73.000000	0.000000	0.000000
9.999834	ecoli_transcript	949.000000	0.000000	0.000000
9.999834	ecolipol	73.000000	0.000000	0.000000
9.999834	ecolipol-2	0.000000	0.000000	0.000000
9.999834	ecolipol-2-p	0.000000	0.000000	0.000000
9.999834	ecolipol-p	0.000000	0.000000	0.000000
9.999834	gp-2	0.000000	0.000000	0.000000
9.999834	lysozyme-3.5	0.000000	0.000000	0.000000
9.999834	nonpref_charged	15000.000000	0.000000	0.000000
9.999834	nonpref_uncharged	0.000000	0.000000	0.000000
9.999834	pref_charged	35000.000000	0.000000	0.000000
9.999834	pref_uncharged	0.000000	0.000000	0.000000
9.999834	protein_kinase-0.7	0.000000	0.000000	0.000000
9.999834	rnapol-1	0.000000	0.000000	0.000000
9.999834	rnapol-3.5	0.000000	0.000000	0.000000
15.003529	E. coli B promoter	0.000000	0.000000	0.000000
15.003529	E. coli C promoter	0.000000	0.000000	0.000000
15.003529	E. coli promoter A1	1.000000	0.000000	0.000000
15.003529	E. coli promoter A2	0.000000	0.000000	0.000000
15.003529	E. coli promoter A3	0.000000	0.000000	0.000000
15.003529	T7 promoter phi1.1A	0.000000	0.000000	0.000000
15.003529	T7 promoter phi1.1B	0.000000	0.000000	0.000000
15.003529	T7 promoter phi1.3	0.000000	0.000000	0.000000
15.003529	T7 promoter phi1.5	0.000000	0.000000	0.000000
15.003529	T7 promoter phi1.6	0.000000	0.000000	0.000000
15.003529	T7 promoter phi10	0.000000	0.000000	0.000000
15.003529	T7 promoter phi13	0.000000	0.000000	0.000000
15.003529	T7 promoter phi17	0.000000	0.000000	0.000000
15.003529	T7 promoter phi2.5	0.000000	0.000000	0.000000
15.003529	T7 promoter phi3.8	0.000000	0.000000	0.000000
15.003529	T7 promoter phi4.3	0.000000	0.000000	0.000000
15.003529	T7 promoter phi4.7	0.000000	0.000000	0.000000
15.003529	T7 promoter phi4c	0.000000	0.000000	0.000000
15.003529	T7 promoter phi6.5	0.000000	0.000000	0.000000
15.003529	T7 promoter phi9	0.000000	0.000000	0.000000
15.003529	__gene 0.3_rbs	0.000000	0.000000	0.000000
15.003529	__gene 1.1_rbs	0.000000	0.000000	0.000000
15.003529	__gene 1.2_rbs	0.000000	0.000000	0.000000
15.003529	__gene 1.3_rbs	0.000000	0.000000	0.000000
15.003529	__gene 1.4_rbs	0.000000	0.000000	0.000000
15.003529	__gene 1.7_rbs	0.000000	0.000000	0.000000
15.003529	__gene 1.8_rbs	0.000000	0.000000	0.000000
15.003529	__gene 10A_rbs	0.000000	0.000000	0.000000
15.003529	__gene 11_rbs	0.000000	0.000000	0.000000
15.003529	__gene 12_rbs	0.000000	0.000000	0.000000
15.003529	__gene 13_rbs	0.000000	0.000000	0.000000
15.003529	__gene 14_rbs	0.000000	0.000000	0.000000
15.003529	__gene 15_rbs	0.000000	0.000000	0.000000
15.003529	__gene 16_rbs	0.000000	0.000000	0.000000
15.003529	__gene 17.5_rbs	0.000000	0.000000	0.000000
15.003529	__gene 17_rbs	0.000000	0.000000	0.000000
15.003529	__gene 18.5_rbs	0.000000	0.000000	0.000000
15.003529	__gene 18.7_rbs	0.000000	0.000000	0.000000
15.003529	__gene 18_rbs	0.000000	0.000000	0.000000
15.003529	__gene 19.2_rbs	0.000000	0.000000	0.000000
15.003529	__gene 19.3_rbs	0.000000	0.000000	0.000000
15.003529	__gene 19.5_rbs	0.000000	0.000000	0.000000
15.003529	__gene 19_rbs	0.000000	0.000000	0.000000
15.003529	__gene 2.5_rbs	0.000000	0.000000	0.000000
15.003529	__gene 2.8_rbs	0.000000	0.000000	0.000000
15.003529	__gene 3.8_rbs	0.000000	0.000000	0.000000
15.003529	__gene 3_rbs	0.000000	0.000000	0.000000
15.003529	__gene 4.2_rbs	0.000000	0.000000	0.000000
15.003529	__gene 4.3_rbs	0.000000	0.000000	0.000000
15.003529	__gene 4.5_rbs	0.000000	0.000000	0.000000
15.003529	__gene 4.7_rbs	0.000000	0.000000	0.000000
15.003529	__gene 4A_rbs	0.000000	0.000000	0.000000
15.003529	__gene 5.3_rbs	0.000000	0.000000	0.000000
15.003529	__gene 5.5_rbs	0.000000	0.000000	0.000000
15.003529	__gene 5.7_rbs	0.000000	0.000000	0.000000
15.003529	__gene 5.9_rbs	0.000000	0.000000	0.000000
15.003529	__gene 5_rbs	0.000000	0.000000	0.000000
15.003529	__gene 6.3_rbs	0.000000	0.000000	0.000000
15.003529	__gene 6.5_rbs	0.000000	0.000000	0.000000
15.003529	__gene 6.7_rbs	0.000000	0.000000	0.000000
15.003529	__gene 6_rbs	0.000000	0.000000	0.000000
15.003529	__gene 7.3_rbs	0.000000	0.000000	0.000000
15.003529	__gene 7.7_rbs	0.000000	0.000000	0.000000
15.003529	__gene 7_rbs	0.000000	0.000000	0.000000
15.003529	__gene 8_rbs	0.000000	0.000000	0.000000
15.003529	__gene 9_rbs	0.000000	0.000000	0.000000
15.003529	__gp-2_rbs	0.000000	0.000000	0.000000
15.003529	__lysozyme-3.5_rbs	0.000000	0.000000	0.000000
15.003529	__protein_kinase-0.7_rbs	0.000000	0.000000	0.000000
15.003529	__ribosome	238.000000	0.000000	0.000000
15.003529	__rnapol-1_rbs	0.000000	0.000000	0.000000
15.003529	bound_ecolipol	1736.000000	0.000000	0.000000
15.003529	bound_ecolipol_p	0.000000	0.000000	0.000000
15.003529	bound_ribosome	9762.000000	0.000000	0.000000
15.003529	degraded_transcript	29.000000	0.000000	0.000000
15.003529	ecoli_genome	64.000000	0.000000	0.000000
15.003529	ecoli_transcript	1256.000000	0.000000	0.000000
15.003529	ecolipol	64.000000	0.000000	0.000000
15.003529	ecolipol-2	0.000000	0.000000	0.000000
15.003529	ecolipol-2-p	0.000000	0.000000	0.000000
15.003529	ecolipol-p	0.000000	0.000000	0.000000
15.003529	gp-2	0.000000	0.000000	0.000000
15.003529	lysozyme-3.5	0.000000	0.000000	0.000000
15.003529	nonpref_charged	15000.000000	0.000000	0.000000
15.003529	nonpref_uncharged	0.000000	0.000000	0.000000
15.003529	pref_charged	35000.000000	0.000000	0.000000
15.003529	pref_uncharged	0.000000	0.000000	0.000000
15.003529	protein_kinase-0.7	0.000000	0.000000	0.000000
15.003529	rnapol-1	0.000000	0.000000	0.000000
15.003529	rnapol-3.5	0.000000	0.000000	0.000000
20.000658	E. coli B promoter	0.000000	0.000000	0.000000
20.000658	E. coli C promoter	0.000000	0.000000	0.000000
20.000658	E. coli promoter A1	1.000000	0.000000	0.000000
20.000658	E. coli promoter A2	0.000000	0.000000	0.000000
20.000658	E. coli promoter A3	0.000000	0.000000	0.000000
20.000658	T7 promoter phi1.1A	0.000000	0.000000	0.000000
20.000658	T7 promoter phi1.1B	0.000000	0.000000	0.000000
20.000658	T7 promoter phi1.3	0.000000	0.000000	0.000000
20.000658	T7 promoter phi1.5	0.000000	0.000000	0.000000
20.000658	T7 promoter phi1.6	0.000000	0.000000	0.000000
20.000658	T7 promoter phi10	0.000000	0.000000	0.000000
20.000658	T7 promoter phi13	0.000000	0.000000	0.000000
20.000658	T7 promoter phi17	0.000000	0.000000	0.000000
20.000658	T7 promoter phi2.5	0.000000	0.000000	0.000000
20.000658	T7 promoter phi3.8	0.000000	0.000000	0.000000
20.000658	T7 promoter phi4.3	0.000000	0.000000	0.000000
20.000658	T7 promoter phi4.7	0.000000	0.000000	0.000000
20.000658	T7 promoter phi4c	0.000000	0.000000	0.000000
20.000658	T7 promoter phi6.5	0.000000	0.000000	0.000000
20.000658	T7 promoter phi9	0.000000	0.000000	0.000000
20.000658	__gene 0.3_rbs	0.000000	0.000000	0.000000
20.000658	__gene 1.1_rbs	0.000000	0.000000	0.000000
20.000658	__gene 1.2_rbs	0.000000	0.000000	0.000000
20.000658	__gene 1.3_rbs	0.000000	0.000000	0.000000
20.000658	__gene 1.4_rbs	0.000000	0.000000	0.000000
20.000658	__gene 1.7_rbs	0.000000	0.000000	0.000000
20.000658	__gene 1.8_rbs	0.000000	0.000000	0.000000
20.000658	__gene 10A_rbs	0.000000	0.000000	0.000000
20.000658	__gene 11_rbs	0.000000	0.000000	0.000000
20.000658	__gene 12_rbs	0.000000	0.000000	0.000000
20.000658	__gene 13_rbs	0.000000	0.000000	0.000000
20.000658	__gene 14_rbs	0.000000	0.000000	0.000000
20.000658	__gene 15_rbs	0.000000	0.000000	0.000000
20.000658	__gene 16_rbs	0.000000	0.000000	0.000000
20.000658	__gene 17.5_rbs	0.000000	0.000000	0.000000
20.000658	__gene 17_rbs	0.000000	0.000000	0.000000
20.000658	__gene 18.5_rbs	0.000000	0.000000	0.000000
20.000658	__gene 18.7_rbs	0.000000	0.000000	0.000000
20.000658	__gene 18_rbs	0.000000	0.000000	0.000000
20.000658	__gene 19.2_rbs	0.000000	0.000000	0.000000
20.000658	__gene 19.3_rbs	0.000000	0.000000	0.000000
20.000658	__gene 19.5_rbs	0.000000	0.000000	0.000000
20.000658	__gene 19_rbs	0.000000	0.000000	0.000000
20.000658	__gene 2.5_rbs	0.000000	0.000000	0.000000
20.000658	__gene 2.8_rbs	0.000000	0.000000	0.000000
20.000658	__gene 3.8_rbs	0.000000	0.000000	0.000000
20.000658	__gene 3_rbs	0.000000	0.000000	0.000000
20.000658	__gene 4.2_rbs	0.000000	0.000000	0.000000
20.000658	__gene 4.3_rbs	0.000000	0.000000	0.000000
20.000658	__gene 4.5_rbs	0.000000	0.000000	0.000000
20.000658	__gene 4.7_rbs	0.000000	0.000000	0.000000
20.000658	__gene 4A_rbs	0.000000	0.000000	0.000000
20.000658	__gene 5.3_rbs	0.000000	0.000000	0.000000
20.000658	__gene 5.5_rbs	0.000000	0.000000	0.000000
20.000658	__gene 5.7_rbs	0.000000	0.000000	0.000000
20.000658	__gene 5.9_rbs	0.000000	0.000000	0.000000
20.000658	__gene 5_rbs	0.000000	0.000000	0.000000
20.000658	__gene 6.3_rbs	0.000000	0.000000	0.000000
20.000658	__gene 6.5_rbs	0.000000	0.000000	0.000000
20.000658	__gene 6.7_rbs	0.000000	0.000000	0.000000
20.000658	__gene 6_rbs	0.000000	0.000000	0.000000
20.000658	__gene 7.3_rbs	0.000000	0.000000	0.000000
20.000658	__gene 7.7_rbs	0.000000	0.000000	0.000000
20.000658	__gene 7_rbs	0.000000	0.000000	0.000000
20.000658	__gene 8_rbs	0.000000	0.000000	0.000000
20.000658	__gene 9_rbs	0.000000	0.000000	0.000000
20.000658	__gp-2_rbs	0.000000	0.000000	0.000000
20.000658	__lysozyme-3.5_rbs	0.000000	0.000000	0.000000
20.000658	__protein_kinase-0.7_rbs	0.000000	0.000000	0.000000
20.000658	__ribosome	162.000000	0.000000	0.000000
20.000658	__rnapol-1_rbs	0.000000	0.000000	0.000000
20.000658	bound_ecolipol	1734.000000	0.000000	0.000000
20.000658	bound_ecolipol_p	0.000000	0.000000	0.000000
20.000658	bound_ribosome	9838.000000	0.000000	0.000000
20.000658	degraded_transcript	40.000000	0.000000	0.000000
20.000658	ecoli_genome	66.000000	0.000000	0.000000
20.000658	ecoli_transcript	1526.000000	0.000000	0.000000
20.000658	ecolipol	66.000000	0.000000	0.000000
20.000658	ecolipol-2	0.000000	0.000000	0.000000
20.000658	ecolipol-2-p	0.000000	0.000000	0.000000
20.000658	ecolipol-p	0.000000	0.000000	0.000000
20.000658	gp-2	0.000000	0.000000	0.000000
20.000658	lysozyme-3.5	0.000000	0.000000	0.000000
20.000658	nonpref_charged	15000.000000	0.000000	0.000000
20.000658	nonpref_uncharged	0.000000	0.000000	0.000000
20.000658	pref_charged	35000.000000	0.000000	0.000000
20.000658	pref_uncharged	0.000000	0.000000	0.000000
20.000658	protein_kinase-0.7	0.000000	0.000000	0.000000
20.000658	rnapol-1	0.000000	0.000000	0.000000
20.000658	rnapol-3.5	0.000000	0.000000	0.000000
24.999043	E. coli B promoter	0.000000	0.000000	0.000000
24.999043	E. coli C promoter	0.000000	0.000000	0.000000
24.999043	E. coli promoter A1	1.000000	0.000000	0.000000
24.999043	E. coli promoter A2	0.000000	0.000000	0.000000
24.999043	E. coli promoter A3	0.000000	0.000000	0.000000
24.999043	T7 promoter phi1.1A	0.000000	0.000000	0.000000
24.999043	T7 promoter phi1.1B	0.000000	0.000000	0.000000
24.999043	T7 promoter phi1.3	0.000000	0.000000	0.000000
24.999043	T7 promoter phi1.5	0.000000	0.000000	0.000000
24.999043	T7 promoter phi1.6	0.000000	0.000000	0.000000
24.999043	T7 promoter phi10	0.000000	0.000000	0.000000
24.999043	T7 promoter phi13	0.000000	0.000000	0.000000
24.999043	T7 promoter phi17	0.000000	0.000000	0.000000
24.999043	T7 promoter phi2.5	0.000000	0.000000	0.000000
24.999043	T7 promoter phi3.8	0.000000	0.000000	0.000000
24.999043	T7 promoter phi4.3	0.000000	0.000000	0.000000
24.999043	T7 promoter phi4.7	0.000000	0.000000	0.000000
24.999043	T7 promoter phi4c	0.000000	0.000000	0.000000
24.999043	T7 promoter phi6.5	0.000000	0.000000	0.000000
24.999043	T7 promoter phi9	0.000000	0.000000	0.000000
24.999043	__gene 0.3_rbs	0.000000	0.000000	0.000000
24.999043	__gene 1.1_rbs	0.000000	0.000000	0.000000
24.999043	__gene 1.2_rbs	0.000000	0.000000	0.000000
24.999043	__gene 1.3_rbs	0.000000	0.000000	0.000000
24.999043	__gene 1.4_rbs	0.000000	0.000000	0.000000
24.999043	__gene 1.7_rbs	0.000000	0.000000	0.000000
24.999043	__gene 1.8_rbs	0.000000	0.000000	0.000000
24.999043	__gene 10A_rbs	0.000000	0.000000	0.000000
24.999043	__gene 11_rbs	0.000000	0.000000	0.000000
24.999043	__gene 12_rbs	0.000000	0.000000	0.000000
24.999043	__gene 13_rbs	0.000000	0.000000	0.000000
24.999043	__gene 14_rbs	0.000000	0.000000	0.000000
24.999043	__gene 15_rbs	0.000000	0.000000	0.000000
24.999043	__gene 16_rbs	0.000000	0.000000	0.000000
24.999043	__gene 17.5_rbs	0.000000	0.000000	0.000000
24.999043	__gene 17_rbs	0.000000	0.000000	0.000000
24.999043	__gene 18.5_rbs	0.000000	0.000000	0.000000
24.999043	__gene 18.7_rbs	0.000000	0.000000	0.000000
24.999043	__gene 18_rbs	0.000000	0.000000	0.000000
24.999043	__gene 19.2_rbs	0.000000	0.000000	0.000000
24.999043	__gene 19.3_rbs	0.000000	0.000000	0.000000
24.999043	__gene 19.5_rbs	0.000000	0.000000	0.000000
24.999043	__gene 19_rbs	0.000000	0.000000	0.000000
24.999043	__gene 2.5_rbs	0.000000	0.000000	0.000000
24.999043	__gene 2.8_rbs	0.000000	0.000000	0.000000
24.999043	__gene 3.8_rbs	0.000000	0.000000	0.000000
24.999043	__gene 3_rbs	0.000000	0.000000	0.000000
24.999043	__gene 4.2_rbs	0.000000	0.000000	0.000000
24.999043	__gene 4.3_rbs	0.000000	0.000000	0.000000
24.999043	__gene 4.5_rbs	0.000000	0.000000	0.000000
24.999043	__gene 4.7_rbs	0.000000	0.000000	0.000000
24.999043	__gene 4A_rbs	0.000000	0.000000	0.000000
24.999043	__gene 5.3_rbs	0.000000	0.000000	0.000000
24.999043	__gene 5.5_rbs	0.000000	0.000000	0.000000
24.999043	__gene 5.7_rbs	0.000000	0.000000	0.000000
24.999043	__gene 5.9_rbs	0.000000	0.000000	0.000000
24.999043	__gene 5_rbs	0.000000	0.000000	0.000000
24.999043	__gene 6.3_rbs	0.000000	0.000000	0.000000
24.999043	__gene 6.5_rbs	0.000000	0.000000	0.000000
24.999043	__gene 6.7_rbs	0.000000	0.000000	0.000000
24.999043	__gene 6_rbs	0.000000	0.000000	0.000000
24.999043	__gene 7.3_rbs	0.000000	0.000000	0.000000
24.999043	__gene 7.7_rbs	0.000000	0.000000	0.000000
24.999043	__gene 7_rbs	0.000000	0.000000	0.000000
24.999043	__gene 8_rbs	0.000000	0.000000	0.000000
24.999043	__gene 9_rbs	0.000000	0.000000	0.000000
24.999043	__gp-2_rbs	0.000000	0.000000	0.000000
24.999043	__lysozyme-3.5_rbs	0.000000	0.000000	0.000000
24.999043	__protein_kinase-0.7_rbs	0.000000	0.000000	0.000000
24.999043	__ribosome	161.000000	0.000000	0.000000
24.999043	__rnapol-1_rbs	0.000000	0.000000	0.000000
24.999043	bound_ecolipol	1737.000000	0.000000	0.000000
24.999043	bound_ecolipol_p	0.000000	0.000000	0.000000
24.999043	bound_ribosome	9839.000000	0.000000	0.000000
24.999043	degraded_transcript	57.000000	0.000000	0.000000
24.999043	ecoli_genome	63.000000	0.000000	0.000000
24.999043	ecoli_transcript	1844.000000	0.000000	0.000000
24.999043	ecolipol	63.000000	0.000000	0.000000
24.999043	ecolipol-2	0.000000	0.000000	0.000000
24.999043	ecolipol-2-p	0.000000	0.000000	0.000000
24.999043	ecolipol-p	0.000000	0.000000	0.000000
24.999043	gp-2	0.000000	0.000000	0.000000
24.999043	lysozyme-3.5	0.000000	0.000000	0.000000
24.999043	nonpref_charged	15000.000000	0.000000	0.000000
24.999043	nonpref_uncharged	0.000000	0.000000	0.000000
24.999043	pref_charged	35000.000000	0.000000	0.000000
24.999043	pref_uncharged	0.000000	0.000000	0.000000
24.999043	protein_kinase-0.7	0.000000	0.000000	0.000000
24.999043	rnapol-1	0.000000	0.000000	0.000000
24.999043	rnapol-3.5	0.000000	0.000000	0.000000
29.999900	E. coli B promoter	0.000000	0.000000	0.000000
29.999900	E. coli C promoter	0.000000	0.000000	0.000000
29.999900	E. coli promoter A1	1.000000	0.000000	0.000000
29.999900	E. coli promoter A2	0.000000	0.000000	0.000000
29.999900	E. coli promoter A3	0.000000	0.000000	0.000000
29.999900	T7 promoter phi1.1A	0.000000	0.000000	0.000000
29.999900	T7 promoter phi1.1B	0.000000	0.000000	0.000000
29.999900	T7 promoter phi1.3	0.000000	0.000000	0.000000
29.999900	T7 promoter phi1.5	0.000000	0.000000	0.000000
29.999900	T7 promoter phi1.6	0.000000	0.000000	0.000000
29.999900	T7 promoter phi10	0.000000	0.000000	0.000000
29.999900	T7 promoter phi13	0.000000	0.000000	0.000000
29.999900	T7 promoter phi17	0.000000	0.000000	0.000000
29.999900	T7 promoter phi2.5	0.000000	0.000000	0.000000
29.999900	T7 promoter phi3.8	0.000000	0.000000	0.000000
29.999900	T7 promoter phi4.3	0.000000	0.000000	0.000000
29.999900	T7 promoter phi4.7	0.000000	0.000000	0.000000
29.999900	T7 promoter phi4c	0.000000	0.000000	0.000000
29.999900	T7 promoter phi6.5	0.000000	0.000000	0.000000
29.999900	T7 promoter phi9	0.000000	0.000000	0.000000
29.999900	__gene 0.3_rbs	0.000000	0.000000	0.000000
29.999900	__gene 1.1_rbs	0.000000	0.000000	0.000000
29.999900	__gene 1.2_rbs	0.000000	0.000000	0.000000
29.999900	__gene 1.3_rbs	0.000000	0.000000	0.000000
29.999900	__gene 1.4_rbs	0.000000	0.000000	0.000000
29.999900	__gene 1.7_rbs	0.000000	0.000000	0.000000
29.999900	__gene 1.8_rbs	0.000000	0.000000	0.000000
29.999900	__gene 10A_rbs	0.000000	0.000000	0.000000
29.999900	__gene 11_rbs	0.000000	0.000000	0.000000
29.999900	__gene 12_rbs	0.000000	0.000000	0.000000
29.999900	__gene 13_rbs	0.000000	0.000000	0.000000
29.999900	__gene 14_rbs	0.000000	0.000000	0.000000
29.999900	__gene 15_rbs	0.000000	0.000000	0.000000
29.999900	__gene 16_rbs	0.000000	0.000000	0.000000
29.999900	__gene 17.5_rbs	0.000000	0.000000	0.000000
29.999900	__gene 17_rbs	0.000000	0.000000	0.000000
29.999900	__gene 18.5_rbs	0.000000	0.000000	0.000000
29.999900	__gene 18.7_rbs	0.000000	0.000000	0.000000
29.999900	__gene 18_rbs	0.000000	0.000000	0.000000
29.999900	__gene 19.2_rbs	0.000000	0.000000	0.000000
29.999900	__gene 19.3_rbs	0.000000	0.000000	0.000000
29.999900	__gene 19.5_rbs	0.000000	0.000000	0.000000
29.999900	__gene 19_rbs	0.000000	0.000000	0.000000
29.999900	__gene 2.5_rbs	0.000000	0.000000	0.000000
29.999900	__gene 2.8_rbs	0.000000	0.000000	0.000000
29.999900	__gene 3.8_rbs	0.000000	0.000000	0.000000
29.999900	__gene 3_rbs	0.000000	0.000000	0.000000
29.999900	__gene 4.2_rbs	0.000000	0.000000	0.000000
29.999900	__gene 4.3_rbs	0.000000	0.000000	0.000000
29.999900	__gene 4.5_rbs	0.000000	0.000000	0.000000
29.999900	__gene 4.7_rbs	0.000000	0.000000	0.000000
29.999900	__gene 4A_rbs	0.000000	0.000000	0.000000
29.999900	__gene 5.3_rbs	0.000000	0.000000	0.000000
29.999900	__gene 5.5_rbs	0.000000	0.000000	0.000000
29.999900	__gene 5.7_rbs	0.000000	0.000000	0.000000
29.999900	__gene 5.9_rbs	0.000000	0.000000	0.000000
29.999900	__gene 5_rbs	0.000000	0.000000	0.000000
29.999900	__gene 6.3_rbs	0.000000	0.000000	0.000000
29.999900	__gene 6.5_rbs	0.000000	0.000000	0.000000
29.999900	__gene 6.7_rbs	0.000000	0.000000	0.000000
29.999900	__gene 6_rbs	0.000000	0.000000	0.000000
29.999900	__gene 7.3_rbs	0.000000	0.000000	0.000000
29.999900	__gene 7.7_rbs	0.000000	0.000000	0.000000
29.999900	__gene 7_rbs	0.000000	0.000000	0.000000
29.999900	__gene 8_rbs	0.000000	0.000000	0.000000
29.999900	__gene 9_rbs	0.000000	0.000000	0.000000
29.999900	__gp-2_rbs	0.000000	0.000000	0.000000
29.999900	__lysozyme-3.5_rbs	0.000000	0.000000	0.000000
29.999900	__protein_kinase-0.7_rbs	0.000000	0.000000	0.000000
29.999900	__ribosome	120.000000	0.000000	0.000000
29.999900	__rnapol-1_rbs	0.000000	0.000000	0.000000
29.999900	bound_ecolipol	1744.000000	0.000000	0.000000
29.999900	bound_ecolipol_p	0.000000	0.000000	0.000000
29.999900	bound_ribosome	9880.000000	0.000000	0.000000
29.999900	degraded_transcript	74.000000	0.000000	0.000000
29.999900	ecoli_genome	56.000000	0.000000	0.000000
29.999900	ecoli_transcript	2120.000000	0.000000	0.000000
29.999900	ecolipol	56.000000	0.000000	0.000000
29.999900	ecolipol-2	0.000000	0.000000	0.000000
29.999900	ecolipol-2-p	0.000000	0.000000	0.000000
29.999900	ecolipol-p	0.000000	0.000000	0.000000
29.999900	gp-2	0.000000	0.000000	0.000000
29.999900	lysozyme-3.5	0.000000	0.000000	0.000000
29.999900	nonpref_charged	15000.000000	0.000000	0.000000
29.999900	nonpref_uncharged	0.000000	0.000000	0.000000
29.999900	pref_charged	35000.000000	0.000000	0.000000
29.999900	pref_uncharged	0.000000	0.000000	0.000000
29.999900	protein_kinase-0.7	0.000000	0.000000	0.000000
29.999900	rnapol-1	0.000000	0.000000	0.000000
29.999900	rnapol-3.5	0.000000	0.000000	0.000000
34.999010	E. coli B promoter	0.000000	0.000000	0.000000
34.999010	E. coli C promoter	0.000000	0.000000	0.000000
34.999010	E. coli promoter A1	1.000000	0.000000	0.000000
34.999010	E. coli promoter A2	0.000000	0.000000	0.000000
34.999010	E. coli promoter A3	0.000000	0.000000	0.000000
34.999010	T7 promoter phi1.1A	0.000000	0.000000	0.000000
34.999010	T7 promoter phi1.1B	0.000000	0.000000	0.000000
34.999010	T7 promoter phi1.3	0.000000	0.000000	0.000000
34.999010	T7 promoter phi1.5	0.000000	0.000000	0.000000
34.999010	T7 promoter phi1.6	0.000000	0.000000	0.000000
34.999010	T7 promoter phi10	0.000000	0.000000	0.000000
34.999010	T7 promoter phi13	0.000000	0.000000	0.000000
34.999010	T7 promoter phi17	0.000000	0.000000	0.000000
34.999010	T7 promoter phi2.5	0.000000	0.000000	0.000000
34.999010	T7 promoter phi3.8	0.000000	0.000000	0.000000
34.999010	T7 promoter phi4.3	0.000000	0.000000	0.000000
34.999010	T7 promoter phi4.7	0.000000	0.000000	0.000000
34.999010	T7 promoter phi4c	0.000000	0.000000	0.000000
34.999010	T7 promoter phi6.5	0.000000	0.000000	0.000000
34.999010	T7 promoter phi9	0.000000	0.000000	0.000000
34.999010	__gene 0.3_rbs	0.000000	0.000000	0.000000
34.999010	__gene 1.1_rbs	0.000000	0.000000	0.000000
34.999010	__gene 1.2_rbs	0.000000	0.000000	0.000000
34.999010	__gene 1.3_rbs	0.000000	0.000000	0.000000
34.999010	__gene 1.4_rbs	0.000000	0.000000	0.000000
34.999010	__gene 1.7_rbs	0.000000	0.000000	0.000000
34.999010	__gene 1.8_rbs	0.000000	0.000000	0.000000
34.999010	__gene 10A_rbs	0.000000	0.000000	0.000000
34.999010	__gene 11_rbs	0.000000	0.000000	0.000000
34.999010	__gene 12_rbs	0.000000	0.000000	0.000000
34.999010	__gene 13_rbs	0.000000	0.000000	0.000000
34.999010	__gene 14_rbs	0.000000	0.000000	0.000000
34.999010	__gene 15_rbs	0.000000	0.000000	0.000000
34.999010	__gene 16_rbs	0.000000	0.000000	0.000000
34.999010	__gene 17.5_rbs	0.000000	0.000000	0.000000
34.999010	__gene 17_rbs	0.000000	0.000000	0.000000
34.999010	__gene 18.5_rbs	0.000000	0.000000	0.000000
34.999010	__gene 18.7_rbs	0.000000	0.000000	0.000000
34.999010	__gene 18_rbs	0.000000	0.000000	0.000000
34.999010	__gene 19.2_rbs	0.000000	0.000000	0.000000
34.999010	__gene 19.3_rbs	0.000000	0.000000	0.000000
34.999010	__gene 19.5_rbs	0.000000	0.000000	0.000000
34.999010	__gene 19_rbs	0.000000	0.000000	0.000000
34.999010	__gene 2.5_rbs	0.000000	0.000000	0.000000
34.999010	__gene 2.8_rbs	0.000000	0.000000	0.000000
34.999010	__gene 3.8_rbs	0.000000	0.000000	0.000000
34.999010	__gene 3_rbs	0.000000	0.000000	0.000000
34.999010	__gene 4.2_rbs	0.000000	0.000000	0.000000
34.999010	__gene 4.3_rbs	0.000000	0.000000	0.000000
34.999010	__gene 4.5_rbs	0.000000	0.000000	0.000000
34.999010	__gene 4.7_rbs	0.000000	0.000000	0.000000
34.999010	__gene 4A_rbs	0.000000	0.000000	0.000000
34.999010	__gene 5.3_rbs	0.000000	0.000000	0.000000
34.999010	__gene 5.5_rbs	0.000000	0.000000	0.000000
34.999010	__gene 5.7_rbs	0.000000	0.000000	0.000000
34.999010	__gene 5.9_rbs	0.000000	0.000000	0.000000
34.999010	__gene 5_rbs	0.000000	0.000000	0.000000
34.999010	__gene 6.3_rbs	0.000000	0.000000	0.000000
34.999010	__gene 6.5_rbs	0.000000	0.000000	0.000000
34.999010	__gene 6.7_rbs	0.000000	0.000000	0.000000
34.999010	__gene 6_rbs	0.000000	0.000000	0.000000
34.999010	__gene 7.3_rbs	0.000000	0.000000	0.000000
34.999010	__gene 7.7_rbs	0.000000	0.000000	0.000000
34.999010	__gene 7_rbs	0.000000	0.000000	0.000000
34.999010	__gene 8_rbs	0.000000	0.000000	0.000000
34.999010	__gene 9_rbs	0.000000	0.000000	0.000000
34.999010	__gp-2_rbs	0.000000	0.000000	0.000000
34.999010	__lysozyme-3.5_rbs	0.000000	0.000000	0.000000
34.999010	__protein_kinase-0.7_rbs	0.000000	0.000000	0.000000
34.999010	__ribosome	104.000000	0.000000	0.000000
34.999010	__rnapol-1_rbs	0.000000	0.000000	0.000000
34.999010	bound_ecolipol	1722.000000	0.000000	0.000000
34.999010	bound_ecolipol_p	0.000000	0.000000	0.000000
34.999010	bound_ribosome	9896.000000	0.000000	0.000000
34.999010	degraded_transcript	103.000000	0.000000	0.000000
34.999010	ecoli_genome	78.000000	0.000000	0.000000
34.999010	ecoli_transcript	2406.000000	0.000000	0.000000
34.999010	ecolipol	78.000000	0.000000	0.000000
34.999010	ecolipol-2	0.000000	0.000000	0.000000
34.999010	ecolipol-2-p	0.000000	0.000000	0.000000
34.999010	ecolipol-p	0.000000	0.000000	0.000000
34.999010	gp-2	0.000000	0.000000	0.000000
34.999010	lysozyme-3.5	0.000000	0.000000	0.000000
34.999010	nonpref_charged	15000.000000	0.000000	0.000000
34.999010	nonpref_uncharged	0.000000	0.000000	0.000000
34.999010	pref_charged	35000.000000	0.000000	0.000000
34.999010	pref_uncharged	0.000000	0.000000	0.000000
34.999010	protein_kinase-0.7	0.000000	0.000000	0.000000
34.999010	rnapol-1	0.000000	0.000000	0.000000
34.999010	rnapol-3.5	0.000000	0.000000	0.000000
40.001176	E. coli B promoter	0.000000	0.000000	0.000000
40.001176	E. coli C promoter	0.000000	0.000000	0.000000
40.001176	E. coli promoter A1	1.000000	0.000000	0.000000
40.001176	E. coli promoter A2	0.000000	0.000000	0.000000
40.001176	E. coli promoter A3	0.000000	0.000000	0.000000
40.001176	T7 promoter phi1.1A	0.000000	0.000000	0.000000
40.001176	T7 promoter phi1.1B	0.000000	0.000000	0.000000
40.001176	T7 promoter phi1.3	0.000000	0.000000	0.000000
40.001176	T7 promoter phi1.5	0.000000	0.000000	0.000000
40.001176	T7 promoter phi1.6	0.000000	0.000000	0.000000
40.001176	T7 promoter phi10	0.000000	0.000000	0.000000
40.001176	T7 promoter phi13	0.000000	0.000000	0.000000
40.001176	T7 promoter phi17	0.000000	0.000000	0.000000
40.001176	T7 promoter phi2.5	0.000000	0.000000	0.000000
40.001176	T7 promoter phi3.8	0.000000	0.000000	0.000000
40.001176	T7 promoter phi4.3	0.000000	0.000000	0.000000
40.001176	T7 promoter phi4.7	0.000000	0.000000	0.000000
40.001176	T7 promoter phi4c	0.000000	0.000000	0.000000
40.001176	T7 promoter phi6.5	0.000000	0.000000	0.000000
40.001176	T7 promoter phi9	0.000000	0.000000	0.000000
40.001176	__gene 0.3_rbs	0.000000	0.000000	0.000000
40.001176	__gene 1.1_rbs	0.000000	0.000000	0.000000
40.001176	__gene 1.2_rbs	0.000000	0.000000	0.000000
40.001176	__gene 1.3_rbs	0.000000	0.000000	0.000000
40.001176	__gene 1.4_rbs	0.000000	0.000000	0.000000
40.001176	__gene 1.7_rbs	0.000000	0.000000	0.000000
40.001176	__gene 1.8_rbs	0.000000	0.000000	0.000000
40.001176	__gene 10A_rbs	0.000000	0.000000	0.000000
40.001176	__gene 11_rbs	0.000000	0.000000	0.000000
40.001176	__gene 12_rbs	0.000000	0.000000	0.000000
40.001176	__gene 13_rbs	0.000000	0.000000	0.000000
40.001176	__gene 14_rbs	0.000000	0.000000	0.000000
40.001176	__gene 15_rbs	0.000000	0.000000	0.000000
40.001176	__gene 16_rbs	0.000000	0.000000	0.000000
40.001176	__gene 17.5_rbs	0.000000	0.000000	0.000000
40.001176	__gene 17_rbs	0.000000	0.000000	0.000000
40.001176	__gene 18.5_rbs	0.000000	0.000000	0.000000
40.001176	__gene 18.7_rbs	0.000000	0.000000	0.000000
40.001176	__gene 18_rbs	0.000000	0.000000	0.000000
40.001176	__gene 19.2_rbs	0.000000	0.000000	0.000000
40.001176	__gene 19.3_rbs	0.000000	0.000000	0.000000
40.001176	__gene 19.5_rbs	0.000000	0.000000	0.000000
40.001176	__gene 19_rbs	0.000000	0.000000	0.000000
40.001176	__gene 2.5_rbs	0.000000	0.000000	0.000000
40.001176	__gene 2.8_rbs	0.000000	0.000000	0.000000
40.001176	__gene 3.8_rbs	0.000000	0.000000	0.000000
40.001176	__gene 3_rbs	0.000000	0.000000	0.000000
40.001176	__gene 4.2_rbs	0.000000	0.000000	0.000000
40.001176	__gene 4.3_rbs	0.000000	0.000000	0.000000
40.001176	__gene 4.5_rbs	0.000000	0.000000	0.000000
40.001176	__gene 4.7_rbs	0.000000	0.000000	0.000000
40.001176	__gene 4A_rbs	0.000000	0.000000	0.000000
40.001176	__gene 5.3_rbs	0.000000	0.000000	0.000000
40.001176	__gene 5.5_rbs	0.000000	0.000000	0.000000
40.001176	__gene 5.7_rbs	0.000000	0.000000	0.000000
40.001176	__gene 5.9_rbs	0.000000	0.000000	0.000000
40.001176	__gene 5_rbs	0.000000	0.000000	0.000000
40.001176	__gene 6.3_rbs	0.000000	0.000000	0.000000
40.001176	__gene 6.5_rbs	0.000000	0.000000	0.000000
40.001176	__gene 6.7_rbs	0.000000	0.000000	0.000000
40.001176	__gene 6_rbs	0.000000	0.000000	0.000000
40.001176	__gene 7.3_rbs	0.000000	0.000000	0.000000
40.001176	__gene 7.7_rbs	0.000000	0.000000	0.000000
40.001176	__gene 7_rbs	0.000000	0.000000	0.000000
40.001176	__gene 8_rbs	0.000000	0.000000	0.000000
40.001176	__gene 9_rbs	0.000000	0.000000	0.000000
40.001176	__gp-2_rbs	0.000000	0.000000	0.000000
40.001176	__lysozyme-3.5_rbs	0.000000	0.000000	0.000000
40.001176	__protein_kinase-0.7_rbs	0.000000	0.000000	0.000000
40.001176	__ribosome	117.000000	0.000000	0.000000
40.001176	__rnapol-1_rbs	0.000000	0.000000	0.000000
40.001176	bound_ecolipol	1726.000000	0.000000	0.000000
40.001176	bound_ecolipol_p	0.000000	0.000000	0.000000
40.001176	bound_ribosome	9883.000000	0.000000	0.000000
40.001176	degraded_transcript	131.000000	0.000000	0.000000
40.001176	ecoli_genome	74.000000	0.000000	0.000000
40.001176	ecoli_transcript	2757.000000	0.000000	0.000000
40.001176	ecolipol	74.000000	0.000000	0.000000
40.001176	ecolipol-2	0.000000	0.000000	0.000000
40.001176	ecolipol-2-p	0.000000	0.000000	0.000000
40.001176	ecolipol-p	0.000000	0.000000	0.000000
40.001176	gp-2	0.000000	0.000000	0.000000
40.001176	lysozyme-3.5	0.000000	0.000000	0.000000
40.001176	nonpref_charged	15000.000000	0.000000	0.000000
40.001176	nonpref_uncharged	0.000000	0.000000	0.000000
40.001176	pref_charged	35000.000000	0.000000	0.000000
40.001176	pref_uncharged	0.000000	0.000000	0.000000
40.001176	protein_kinase-0.7	0.000000	0.000000	0.000000
40.001176	rnapol-1	0.000000	0.000000	0.000000
40.001176	rnapol-3.5	0.000000	0.000000	0.000000
44.999653	E. coli B promoter	0.000000	0.000000	0.000000
44.999653	E. coli C promoter	0.000000	0.000000	0.000000
44.999653	E. coli promoter A1	1.000000	0.000000	0.000000
44.999653	E. coli promoter A2	0.000000	0.000000	0.000000
44.999653	E. coli promoter A3	0.000000	0.000000	0.000000
44.999653	T7 promoter phi1.1A	0.000000	0.000000	0.000000
44.999653	T7 promoter phi1.1B	0.000000	0.000000	0.000000
44.999653	T7 promoter phi1.3	0.000000	0.000000	0.000000
44.999653	T7 promoter phi1.5	0.000000	0.000000	0.000000
44.999653	T7 promoter phi1.6	0.000000	0.000000	0.000000
44.999653	T7 promoter phi10	0.000000	0.000000	0.000000
44.999653	T7 promoter phi13	0.000000	0.000000	0.000000
44.999653	T7 promoter phi17	0.000000	0.000000	0.000000
44.999653	T7 promoter phi2.5	0.000000	0.000000	0.000000
44.999653	T7 promoter phi3.8	0.000000	0.000000	0.000000
44.999653	T7 promoter phi4.3	0.000000	0.000000	0.000000
44.999653	T7 promoter phi4.7	0.000000	0.000000	0.000000
44.999653	T7 promoter phi4c	0.000000	0.000000	0.000000
44.999653	T7 promoter phi6.5	0.000000	0.000000	0.000000
44.999653	T7 promoter phi9	0.000000	0.000000	0.000000
44.999653	__gene 0.3_rbs	0.000000	0.000000	0.000000
44.999653	__gene 1.1_rbs	0.000000	0.000000	0.000000
44.999653	__gene 1.2_rbs	0.000000	0.000000	0.000000
44.999653	__gene 1.3_rbs	0.000000	0.000000	0.000000
44.999653	__gene 1.4_rbs	0.000000	0.000000	0.000000
44.999653	__gene 1.7_rbs	0.000000	0.000000	0.000000
44.999653	__gene 1.8_rbs	0.000000	0.000000	0.000000
44.999653	__gene 10A_rbs	0.000000	0.000000	0.000000
44.999653	__gene 11_rbs	0.000000	0.000000	0.000000
44.999653	__gene 12_rbs	0.000000	0.000000	0.000000
44.999653	__gene 13_rbs	0.000000	0.000000	0.000000
44.999653	__gene 14_rbs	0.000000	0.000000	0.000000
44.999653	__gene 15_rbs	0.000000	0.000000	0.000000
44.999653	__gene 16_rbs	0.000000	0.000000	0.000000
44.999653	__gene 17.5_rbs	0.000000	0.000000	0.000000
44.999653	__gene 17_rbs	0.000000	0.000000	0.000000
44.999653	__gene 18.5_rbs	0.000000	0.000000	0.000000
44.999653	__gene 18.7_rbs	0.000000	0.000000	0.000000
44.999653	__gene 18_rbs	0.000000	0.000000	0.000000
44.999653	__gene 19.2_rbs	0.000000	0.000000	0.000000
44.999653	__gene 19.3_rbs	0.000000	0.000000	0.000000
44.999653	__gene 19.5_rbs	0.000000	0.000000	0.000000
44.999653	__gene 19_rbs	0.000000	0.000000	0.000000
44.999653	__gene 2.5_rbs	0.000000	0.000000	0.000000
44.999653	__gene 2.8_rbs	0.000000	0.000000	0.000000
44.999653	__gene 3.8_rbs	0.000000	0.000000	0.000000
44.999653	__gene 3_rbs	0.000000	0.000000	0.000000
44.999653	__gene 4.2_rbs	0.000000	0.000000	0.000000
44.999653	__gene 4.3_rbs	0.000000	0.000000	0.000000
44.999653	__gene 4.5_rbs	0.000000	0.000000	0.000000
44.999653	__gene 4.7_rbs	0.000000	0.000000	0.000000
44.999653	__gene 4A_rbs	0.000000	0.000000	0.000000
44.999653	__gene 5.3_rbs	0.000000	0.000000	0.000000
44.999653	__gene 5.5_rbs	0.000000	0.000000	0.000000
44.999653	__gene 5.7_rbs	0.000000	0.000000	0.000000
44.999653	__gene 5.9_rbs	0.000000	0.000000	0.000000
44.999653	__gene 5_rbs	0.000000	0.000000	0.000000
44.999653	__gene 6.3_rbs	0.000000	0.000000	0.000000
44.999653	__gene 6.5_rbs	0.000000	0.000000	0.000000
44.999653	__gene 6.7_rbs	0.000000	0.000000	0.000000
44.999653	__gene 6_rbs	0.000000	0.000000	0.000000
44.999653	__gene 7.3_rbs	0.000000	0.000000	0.000000
44.999653	__gene 7.7_rbs	0.000000	0.000000	0.000000
44.999653	__gene 7_rbs	0.000000	0.000000	0.000000
44.999653	__gene 8_rbs	0.000000	0.000000	0.000000
44.999653	__gene 9_rbs	0.000000	0.000000	0.000000
44.999653	__gp-2_rbs	0.000000	0.000000	0.000000
44.999653	__lysozyme-3.5_rbs	0.000000	0.000000	0.000000
44.999653	__protein_kinase-0.7_rbs	0.000000	0.000000	0.000000
44.999653	__ribosome	85.000000	0.000000	0.000000
44.999653	__rnapol-1_rbs	0.000000	0.000000	0.000000
44.999653	bound_ecolipol	1726.000000	0.000000	0.000000
44.999653	bound_ecolipol_p	0.000000	0.000000	0.000000
44.999653	bound_ribosome	9915.000000	0.000000	0.000000
44.999653	degraded_transcript	157.000000	0.000000	0.000000
44.999653	ecoli_genome	74.000000	0.000000	0.000000
44.999653	ecoli_transcript	3051.000000	0.000000	0.000000
44.999653	ecolipol	74.000000	0.000000	0.000000
44.999653	ecolipol-2	0.000000	0.000000	0.000000
44.999653	ecolipol-2-p	0.000000	0.000000	0.000000
44.999653	ecolipol-p	0.000000	0.000000	0.000000
44.999653	gp-2	0.000000	0.000000	0.000000
44.999653	lysozyme-3.5	0.000000	0.000000	0.000000
44.999653	nonpref_charged	15000.000000	0.000000	0.000000
44.999653	nonpref_uncharged	0.000000	0.000000	0.000000
44.999653	pref_charged	35000.000000	0.000000	0.000000
44.999653	pref_uncharged	0.000000	0.000000	0.000000
44.999653	protein_kinase-0.7	0.000000	0.000000	0.000000
44.999653	rnapol-1	0.000000	0.000000	0.000000
44.999653	rnapol-3.5	0.000000	0.000000	0.000000
50.000227	E. coli B promoter	0.000000	0.000000	0.000000
50.000227	E. coli C promoter	0.000000	0.000000	0.000000
50.000227	E. coli promoter A1	1.000000	0.000000	0.000000
50.000227	E. coli promoter A2	0.000000	0.000000	0.000000
50.000227	E. coli promoter A3	0.000000	0.000000	0.000000
50.000227	T7 promoter phi1.1A	0.000000	0.000000	0.000000
50.000227	T7 promoter phi1.1B	0.000000	0.000000	0.000000
50.000227	T7 promoter phi1.3	0.000000	0.000000	0.000000
50.000227	T7 promoter phi1.5	0.000000	0.000000	0.000000
50.000227	T7 promoter phi1.6	0.000000	0.000000	0.000000
50.000227	T7 promoter phi10	0.000000	0.000000	0.000000
50.000227	T7 promoter phi13	0.000000	0.000000	0.000000
50.000227	T7 promoter phi17	0.000000	0.000000	0.000000
50.000227	T7 promoter phi2.5	0.000000	0.000000	0.000000
50.000227	T7 promoter phi3.8	0.000000	0.000000	0.000000
50.000227	T7 promoter phi4.3	0.000000	0.000000	0.000000
50.000227	T7 promoter phi4.7	0.000000	0.000000	0.000000
50.000227	T7 promoter phi4c	0.000000	0.000000	0.000000
50.000227	T7 promoter phi6.5	0.000000	0.000000	0.000000
50.000227	T7 promoter phi9	0.000000	0.000000	0.000000
50.000227	__gene 0.3_rbs	0.000000	0.000000	0.000000
50.000227	__gene 1.1_rbs	0.000000	0.000000	0.000000
50.000227	__gene 1.2_rbs	0.000000	0.000000	0.000000
50.000227	__gene 1.3_rbs	0.000000	0.000000	0.000000
50.000227	__gene 1.4_rbs	0.000000	0.000000	0.000000
50.000227	__gene 1.7_rbs	0.000000	0.000000	0.000000
50.000227	__gene 1.8_rbs	0.000000	0.000000	0.000000
50.000227	__gene 10A_rbs	0.000000	0.000000	0.000000
50.000227	__gene 11_rbs	0.000000	0.000000	0.000000
50.000227	__gene 12_rbs	0.000000	0.000000	0.000000
50.000227	__gene 13_rbs	0.000000	0.000000	0.000000
50.000227	__gene 14_rbs	0.000000	0.000000	0.000000
50.000227	__gene 15_rbs	0.000000	0.000000	0.000000
50.000227	__gene 16_rbs	0.000000	0.000000	0.000000
50.000227	__gene 17.5_rbs	0.000000	0.000000	0.000000
50.000227	__gene 17_rbs	0.000000	0.000000	0.000000
50.000227	__gene 18.5_rbs	0.000000	0.000000	0.000000
50.000227	__gene 18.7_rbs	0.000000	0.000000	0.000000
50.000227	__gene 18_rbs	0.000000	0.000000	0.000000
50.000227	__gene 19.2_rbs	0.000000	0.000000	0.000000
50.000227	__gene 19.3_rbs	0.000000	0.000000	0.000000
50.000227	__gene 19.5_rbs	0.000000	0.000000	0.000000
50.000227	__gene 19_rbs	0.000000	0.000000	0.000000
50.000227	__gene 2.5_rbs	0.000000	0.000000	0.000000
50.000227	__gene 2.8_rbs	0.000000	0.000000	0.000000
50.000227	__gene 3.8_rbs	0.000000	0.000000	0.000000
50.000227	__gene 3_rbs	0.000000	0.000000	0.000000
50.000227	__gene 4.2_rbs	0.000000	0.000000	0.000000
50.000227	__gene 4.3_rbs	0.000000	0.000000	0.000000
50.000227	__gene 4.5_rbs	0.000000	0.000000	0.000000
50.000227	__gene 4.7_rbs	0.000000	0.000000	0.000000
50.000227	__gene 4A_rbs	0.000000	0.000000	0.000000
50.000227	__gene 5.3_rbs	0.000000	0.000000	0.000000
50.000227	__gene 5.5_rbs	0.000000	0.000000	0.000000
50.000227	__gene 5.7_rbs	0.000000	0.000000	0.000000
50.000227	__gene 5.9_rbs	0.000000	0.000000	0.000000
50.000227	__gene 5_rbs	0.000000	0.000000	0.000000
50.000227	__gene 6.3_rbs	0.000000	0.000000	0.000000
50.000227	__gene 6.5_rbs	0.000000	0.000000	0.000000
50.000227	__gene 6.7_rbs	0.000000	0.000000	0.000000
50.000227	__gene 6_rbs	0.000000	0.000000	0.000000
50.000227	__gene 7.3_rbs	0.000000	0.000000	0.000000
50.000227	__gene 7.7_rbs	0.000000	0.000000	0.000000
50.000227	__gene 7_rbs	0.000000	0.000000	0.000000
50.000227	__gene 8_rbs	0.000000	0.000000	0.000000
50.000227	__gene 9_rbs	0.000000	0.000000	0.000000
50.000227	__gp-2_rbs	0.000000	0.000000	0.000000
50.000227	__lysozyme-3.5_rbs	0.000000	0.000000	0.000000
50.000227	__protein_kinase-0.7_rbs	0.000000	0.000000	0.000000
50.000227	__ribosome	75.000000	0.000000	0.000000
50.000227	__rnapol-1_rbs	0.000000	0.000000	0.000000
50.000227	bound_ecolipol	1742.000000	0.000000	0.000000
50.000227	bound_ecolipol_p	0.000000	0.000000	0.000000
50.000227	bound_ribosome	9925.000000	0.000000	0.000000
50.000227	degraded_transcript	192.000000	0.000000	0.000000
50.000227	ecoli_genome	58.000000	0.000000	0.000000
50.000227	ecoli_transcript	3356.000000	0.000000	0.000000
50.000227	ecolipol	58.000000	0.000000	0.000000
50.000227	ecolipol-2	0.000000	0.000000	0.000000
50.000227	ecolipol-2-p	0.000000	0.000000	0.000000
50.000227	ecolipol-p	0.000000	0.000000	0.000000
50.000227	gp-2	0.000000	0.000000	0.000000
50.000227	lysozyme-3.5	0.000000	0.000000	0.000000
50.000227	nonpref_charged	15000.000000	0.000000	0.000000
50.000227	nonpref_uncharged	0.000000	0.000000	0.000000
50.000227	pref_charged	35000.000000	0.000000	0.000000
50.000227	pref_uncharged	0.000000	0.000000	0.000000
50.000227	protein_kinase-0.7	0.000000	0.000000	0.000000
50.000227	rnapol-1	0.000000	0.000000	0.000000
50.000227	rnapol-3.5	0.000000	0.000000	0.000000
54.999379	E. coli B promoter	0.000000	0.000000	0.000000
54.999379	E. coli C promoter	0.000000	0.000000	0.000000
54.999379	E. coli promoter A1	1.000000	0.000000	0.000000
54.999379	E. coli promoter A2	0.000000	0.000000	0.000000
54.999379	E. coli promoter A3	0.000000	0.000000	0.000000
54.999379	T7 promoter phi1.1A	0.000000	0.000000	0.000000
54.999379	T7 promoter phi1.1B	0.000000	0.000000	0.000000
54.999379	T7 promoter phi1.3	0.000000	0.000000	0.000000
54.999379	T7 promoter phi1.5	0.000000	0.000000	0.000000
54.999379	T7 promoter phi1.6	0.000000	0.000000	0.000000
54.999379	T7 promoter phi10	0.000000	0.000000	0.000000
54.999379	T7 promoter phi13	0.000000	0.000000	0.000000
54.999379	T7 promoter phi17	0.000000	0.000000	0.000000
54.999379	T7 promoter phi2.5	0.000000	0.000000	0.000000
54.999379	T7 promoter phi3.8	0.000000	0.000000	0.000000
54.999379	T7 promoter phi4.3	0.000000	0.000000	0.000000
54.999379	T7 promoter phi4.7	0.000000	0.000000	0.000000
54.999379	T7 promoter phi4c	0.000000	0.000000	0.000000
54.999379	T7 promoter phi6.5	0.000000	0.000000	0.000000
54.999379	T7 promoter phi9	0.000000	0.000000	0.000000
54.999379	__gene 0.3_rbs	0.000000	0.000000	0.000000
54.999379	__gene 1.1_rbs	0.000000	0.000000	0.000000
54.999379	__gene 1.2_rbs	0.000000	0.000000	0.000000
54.999379	__gene 1.3_rbs	0.000000	0.000000	0.000000
54.999379	__gene 1.4_rbs	0.000000	0.000000	0.000000
54.999379	__gene 1.7_rbs	0.000000	0.000000	0.000000
54.999379	__gene 1.8_rbs	0.000000	0.000000	0.000000
54.999379	__gene 10A_rbs	0.000000	0.000000	0.000000
54.999379	__gene 11_rbs	0.000000	0.000000	0.000000
54.999379	__gene 12_rbs	0.000000	0.000000	0.000000
54.999379	__gene 13_rbs	0.000000	0.000000	0.000000
54.999379	__gene 14_rbs	0.000000	0.000000	0.000000
54.999379	__gene 15_rbs	0.000000	0.000000	0.000000
54.999379	__gene 16_rbs	0.000000	0.000000	0.000000
54.999379	__gene 17.5_rbs	0.000000	0.000000	0.000000
54.999379	__gene 17_rbs	0.000000	0.000000	0.000000
54.999379	__gene 18.5_rbs	0.000000	0.000000	0.000000
54.999379	__gene 18.7_rbs	0.000000	0.000000	0.000000
54.999379	__gene 18_rbs	0.000000	0.000000	0.000000
54.999379	__gene 19.2_rbs	0.000000	0.000000	0.000000
54.999379	__gene 19.3_rbs	0.000000	0.000000	0.000000
54.999379	__gene 19.5_rbs	0.000000	0.000000	0.000000
54.999379	__gene 19_rbs	0.000000	0.000000	0.000000
54.999379	__gene 2.5_rbs	0.000000	0.000000	0.000000
54.999379	__gene 2.8_rbs	0.000000	0.000000	0.000000
54.999379	__gene 3.8_rbs	0.000000	0.000000	0.000000
54.999379	__gene 3_rbs	0.000000	0.000000	0.000000
54.999379	__gene 4.2_rbs	0.000000	0.000000	0.000000
54.999379	__gene 4.3_rbs	0.000000	0.000000	0.000000
54.999379	__gene 4.5_rbs	0.000000	0.000000	0.000000
54.999379	__gene 4.7_rbs	0.000000	0.000000	0.000000
54.999379	__gene 4A_rbs	0.000000	0.000000	0.000000
54.999379	__gene 5.3_rbs	0.000000	0.000000	0.000000
54.999379	__gene 5.5_rbs	0.000000	0.000000	0.000000
54.999379	__gene 5.7_rbs	0.000000	0.000000	0.000000
54.999379	__gene 5.9_rbs	0.000000	0.000000	0.000000
54.999379	__gene 5_rbs	0.000000	0.000000	0.000000
54.999379	__gene 6.3_rbs	0.000000	0.000000	0.000000
54.999379	__gene 6.5_rbs	0.000000	0.000000	0.000000
54.999379	__gene 6.7_rbs	0.000000	0.000000	0.000000
54.999379	__gene 6_rbs	0.000000	0.000000	0.000000
54.999379	__gene 7.3_rbs	0.000000	0.000000	0.000000
54.999379	__gene 7.7_rbs	0.000000	0.000000	0.000000
54.999379	__gene 7_rbs	0.000000	0.000000	0.000000
54.999379	__gene 8_rbs	0.000000	0.000000	0.000000
54.999379	__gene 9_rbs	0.000000	0.000000	0.000000
54.999379	__gp-2_rbs	0.000000	0.000000	0.000000
54.999379	__lysozyme-3.5_rbs	0.000000	0.000000	0.000000
54.999379	__protein_kinase-0.7_rbs	0.000000	0.000000	0.000000
54.999379	__ribosome	73.000000	0.000000	0.000000
54.999379	__rnapol-1_rbs	0.000000	0.000000	0.000000
54.999379	bound_ecolipol	1731.000000	0.000000	0.000000
54.999379	bound_ecolipol_p	0.000000	0.000000	0.000000
54.999379	bound_ribosome	9927.000000	0.000000	0.000000
54.999379	degraded_transcript	219.000000	0.000000	0.000000
54.999379	ecoli_genome	69.000000	0.000000	0.000000
54.999379	ecoli_transcript	3677.000000	0.000000	0.000000
54.999379	ecolipol	69.000000	0.000000	0.000000
54.999379	ecolipol-2	0.000000	0.000000	0.000000
54.999379	ecolipol-2-p	0.000000	0.000000	0.000000
54.999379	ecolipol-p	0.000000	0.000000	0.000000
54.999379	gp-2	0.000000	0.000000	0.000000
54.999379	lysozyme-3.5	0.000000	0.000000	0.000000
54.999379	nonpref_charged	15000.000000	0.000000	0.000000
54.999379	nonpref_uncharged	0.000000	0.000000	0.000000
54.999379	pref_charged	35000.000000	0.000000	0.000000
54.999379	pref_uncharged	0.000000	0.000000	0.000000
54.999379	protein_kinase-0.7	0.000000	0.000000	0.000000
54.999379	rnapol-1	0.000000	0.000000	0.000000
54.999379	rnapol-3.5	0.000000	0.000000	0.000000
60.002233	E. coli B promoter	0.000000	0.000000	0.000000
60.002233	E. coli C promoter	0.000000	0.000000	0.000000
60.002233	E. coli promoter A1	1.000000	0.000000	0.000000
60.002233	E. coli promoter A2	0.000000	0.000000	0.000000
60.002233	E. coli promoter A3	0.000000	0.000000	0.000000
60.002233	T7 promoter phi1.1A	0.000000	0.000000	0.000000
60.002233	T7 promoter phi1.1B	0.000000	0.000000	0.000000
60.002233	T7 promoter phi1.3	0.000000	0.000000	0.000000
60.002233	T7 promoter phi1.5	0.000000	0.000000	0.000000
60.002233	T7 promoter phi1.6	0.000000	0.000000	0.000000
60.002233	T7 promoter phi10	0.000000	0.000000	0.000000
60.002233	T7 promoter phi13	0.000000	0.000000	0.000000
60.002233	T7 promoter phi17	0.000000	0.000000	0.000000
60.002233	T7 promoter phi2.5	0.000000	0.000000	0.000000
60.002233	T7 promoter phi3.8	0.000000	0.000000	0.000000
60.002233	T7 promoter phi4.3	0.000000	0.000000	0.000000
60.002233	T7 promoter phi4.7	0.000000	0.000000	0.000000
60.002233	T7 promoter phi4c	0.000000	0.000000	0.000000
60.002233	T7 promoter phi6.5	0.000000	0.000000	0.000000
60.002233	T7 promoter phi9	0.000000	0.000000	0.000000
60.002233	__gene 0.3_rbs	0.000000	0.000000	0.000000
60.002233	__gene 1.1_rbs	0.000000	0.000000	0.000000
60.002233	__gene 1.2_rbs	0.000000	0.000000	0.000000
60.002233	__gene 1.3_rbs	0.000000	0.000000	0.000000
60.002233	__gene 1.4_rbs	0.000000	0.000000	0.000000
60.002233	__gene 1.7_rbs	0.000000	0.000000	0.000000
60.002233	__gene 1.8_rbs	0.000000	0.000000	0.000000
60.002233	__gene 10A_rbs	0.000000	0.000000	0.000000
60.002233	__gene 11_rbs	0.000000	0.000000	0.000000
60.002233	__gene 12_rbs	0.000000	0.000000	0.000000
60.002233	__gene 13_rbs	0.000000	0.000000	0.000000
60.002233	__gene 14_rbs	0.000000	0.000000	0.000000
60.002233	__gene 15_rbs	0.000000	0.000000	0.000000
60.002233	__gene 16_rbs	0.000000	0.000000	0.000000
60.002233	__gene 17.5_rbs	0.000000	0.000000	0.000000
60.002233	__gene 17_rbs	0.000000	0.000000	0.000000
60.002233	__gene 18.5_rbs	0.000000	0.000000	0.000000
60.002233	__gene 18.7_rbs	0.000000	0.000000	0.000000
60.002233	__gene 18_rbs	0.000000	0.000000	0.000000
60.002233	__gene 19.2_rbs	0.000000	0.000000	0.000000
60.002233	__gene 19.3_rbs	0.000000	0.000000	0.000000
60.002233	__gene 19.5_rbs	0.000000	0.000000	0.000000
60.002233	__gene 19_rbs	0.000000	0.000000	0.000000
60.002233	__gene 2.5_rbs	0.000000	0.000000	0.000000
60.002233	__gene 2.8_rbs	0.000000	0.000000	0.000000
60.002233	__gene 3.8_rbs	0.000000	0.000000	0.000000
60.002233	__gene 3_rbs	0.000000	0.000000	0.000000
60.002233	__gene 4.2_rbs	0.000000	0.000000	0.000000
60.002233	__gene 4.3_rbs	0.000000	0.000000	0.000000
60.002233	__gene 4.5_rbs	0.000000	0.000000	0.000000
60.002233	__gene 4.7_rbs	0.000000	0.000000	0.000000
60.002233	__gene 4A_rbs	0.000000	0.000000	0.000000
60.002233	__gene 5.3_rbs	0.000000	0.000000	0.000000
60.002233	__gene 5.5_rbs	0.000000	0.000000	0.000000
60.002233	__gene 5.7_rbs	0.000000	0.000000	0.000000
60.002233	__gene 5.9_rbs	0.000000	0.000000	0.000000
60.002233	__gene 5_rbs	0.000000	0.000000	0.000000
60.002233	__gene 6.3_rbs	0.000000	0.000000	0.000000
60.002233	__gene 6.5_rbs	0.000000	0.000000	0.000000
60.002233	__gene 6.7_rbs	0.000000	0.000000	0.000000
60.002233	__gene 6_rbs	0.000000	0.000000	0.000000
60.002233	__gene 7.3_rbs	0.000000	0.000000	0.000000
60.002233	__gene 7.7_rbs	0.000000	0.000000	0.000000
60.002233	__gene 7_rbs	0.000000	0.000000	0.000000
60.002233	__gene 8_rbs	0.000000	0.000000	0.000000
60.002233	__gene 9_rbs	0.000000	0.000000	0.000000
60.002233	__gp-2_rbs	0.000000	0.000000	0.000000
60.002233	__lysozyme-3.5_rbs	0.000000	0.000000	0.000000
60.002233	__protein_kinase-0.7_rbs	0.000000	0.000000	0.000000
60.002233	__ribosome	68.000000	0.000000	0.000000
60.002233	__rnapol-1_rbs	0.000000	0.000000	0.000000
60.002233	bound_ecolipol	1734.000000	0.000000	0.000000
60.002233	bound_ecolipol_p	0.000000	0.000000	0.000000
60.002233	bound_ribosome	9932.000000	0.000000	0.000000
60.002233	degraded_transcript	257.000000	0.000000	0.000000
60.002233	ecoli_genome	66.000000	0.000000	0.000000
60.002233	ecoli_transcript	4013.000000	0.000000	0.000000
60.002233	ecolipol	66.000000	0.000000	0.000000
60.002233	ecolipol-2	0.000000	0.000000	0.000000
60.002233	ecolipol-2-p	0.000000	0.000000	0.000000
60.002233	ecolipol-p	0.000000	0.000000	0.000000
60.002233	gp-2	0.000000	0.000000	0.000000
60.002233	lysozyme-3.5	0.000000	0.000000	0.000000
60.002233	nonpref_charged	15000.000000	0.000000	0.000000
60.002233	nonpref_uncharged	0.000000	0.000000	0.000000
60.002233	pref_charged	35000.000000	0.000000	0.000000
60.002233	pref_uncharged	0.000000	0.000000	0.000000
60.002233	protein_kinase-0.7	0.000000	0.000000	0.000000
60.002233	rnapol-1	0.000000	0.000000	0.000000
60.002233	rnapol-3.5	0.000000	0.000000	0.000000
65.000120	E. coli B promoter	0.000000	0.000000	0.000000
65.000120	E. coli C promoter	0.000000	0.000000	0.000000
65.000120	E. coli promoter A1	1.000000	0.000000	0.000000
65.000120	E. coli promoter A2	0.000000	0.000000	0.000000
65.000120	E. coli promoter A3	0.000000	0.000000	0.000000
65.000120	T7 promoter phi1.1A	0.000000	0.000000	0.000000
65.000120	T7 promoter phi1.1B	0.000000	0.000000	0.000000
65.000120	T7 promoter phi1.3	0.000000	0.000000	0.000000
65.000120	T7 promoter phi1.5	0.000000	0.000000	0.000000
65.000120	T7 promoter phi1.6	0.000000	0.000000	0.000000
65.000120	T7 promoter phi10	0.000000	0.000000	0.000000
65.000120	T7 promoter phi13	0.000000	0.000000	0.000000
65.000120	T7 promoter phi17	0.000000	0.000000	0.000000
65.000120	T7 promoter phi2.5	0.000000	0.000000	0.000000
65.000120	T7 promoter phi3.8	0.000000	0.000000	0.000000
65.000120	T7 promoter phi4.3	0.000000	0.000000	0.000000
65.000120	T7 promoter phi4.7	0.000000	0.000000	0.000000
65.000120	T7 promoter phi4c	0.000000	0.000000	0.000000
65.000120	T7 promoter phi6.5	0.000000	0.000000	0.000000
65.000120	T7 promoter phi9	0.000000	0.000000	0.000000
65.000120	__gene 0.3_rbs	0.000000	0.000000	0.000000
65.000120	__gene 1.1_rbs	0.000000	0.000000	0.000000
65.000120	__gene 1.2_rbs	0.000000	0.000000	0.000000
65.000120	__gene 1.3_rbs	0.000000	0.000000	0.000000
65.000120	__gene 1.4_rbs	0.000000	0.000000	0.000000
65.000120	__gene 1.7_rbs	0.000000	0.000000	0.000000
65.000120	__gene 1.8_rbs	0.000000	0.000000	0.000000
65.000120	__gene 10A_rbs	0.000000	0.000000	0.000000
65.000120	__gene 11_rbs	0.000000	0.000000	0.000000
65.000120	__gene 12_rbs	0.000000	0.000000	0.000000
65.000120	__gene 13_rbs	0.000000	0.000000	0.000000
65.000120	__gene 14_rbs	0.000000	0.000000	0.000000
65.000120	__gene 15_rbs	0.000000	0.000000	0.000000
65.000120	__gene 16_rbs	0.000000	0.000000	0.000000
65.000120	__gene 17.5_rbs	0.000000	0.000000	0.000000
65.000120	__gene 17_rbs	0.000000	0.000000	0.000000
65.000120	__gene 18.5_rbs	0.000000	0.000000	0.000000
65.000120	__gene 18.7_rbs	0.000000	0.000000	0.000000
65.000120	__gene 18_rbs	0.000000	0.000000	0.000000
65.000120	__gene 19.2_rbs	0.000000	0.000000	0.000000
65.000120	__gene 19.3_rbs	0.000000	0.000000	0.000000
65.000120	__gene 19.5_rbs	0.000000	0.000000	0.000000
65.000120	__gene 19_rbs	0.000000	0.000000	0.000000
65.000120	__gene 2.5_rbs	0.000000	0.000000	0.000000
65.000120	__gene 2.8_rbs	0.000000	0.000000	0.000000
65.000120	__gene 3.8_rbs	0.000000	0.000000	0.000000
65.000120	__gene 3_rbs	0.000000	0.000000	0.000000
65.000120	__gene 4.2_rbs	0.000000	0.000000	0.000000
65.000120	__gene 4.3_rbs	0.000000	0.000000	0.000000
65.000120	__gene 4.5_rbs	0.000000	0.000000	0.000000
65.000120	__gene 4.7_rbs	0.000000	0.000000	0.000000
65.000120	__gene 4A_rbs	0.000000	0.000000	0.000000
65.000120	__gene 5.3_rbs	0.000000	0.000000	0.000000
65.000120	__gene 5.5_rbs	0.000000	0.000000	0.000000
65.000120	__gene 5.7_rbs	0.000000	0.000000	0.000000
65.000120	__gene 5.9_rbs	0.000000	0.000000	0.000000
65.000120	__gene 5_rbs	0.000000	0.000000	0.000000
65.000120	__gene 6.3_rbs	0.000000	0.000000	0.000000
65.000120	__gene 6.5_rbs	0.000000	0.000000	0.000000
65.000120	__gene 6.7_rbs	0.000000	0.000000	0.000000
65.000120	__gene 6_rbs	0.000000	0.000000	0.000000
65.000120	__gene 7.3_rbs	0.000000	0.000000	0.000000
65.000120	__gene 7.7_rbs	0.000000	0.000000	0.000000
65.000120	__gene 7_rbs	0.000000	0.000000	0.000000
65.000120	__gene 8_rbs	0.000000	0.000000	0.000000
65.000120	__gene 9_rbs	0.000000	0.000000	0.000000
65.000120	__gp-2_rbs	0.000000	0.000000	0.000000
65.000120	__lysozyme-3.5_rbs	0.000000	0.000000	0.000000
65.000120	__protein_kinase-0.7_rbs	0.000000	0.000000	0.000000
65.000120	__ribosome	59.000000	0.000000	0.000000
65.000120	__rnapol-1_rbs	0.000000	0.000000	0.000000
65.000120	bound_ecolipol	1730.000000	0.000000	0.000000
65.000120	bound_ecolipol_p	0.000000	0.000000	0.000000
65.000120	bound_ribosome	9941.000000	0.000000	0.000000
65.000120	degraded_transcript	291.000000	0.000000	0.000000
65.000120	ecoli_genome	70.000000	0.000000	0.000000
65.000120	ecoli_transcript	4300.000000	0.000000	0.000000
65.000120	ecolipol	70.000000	0.000000	0.000000
65.000120	ecolipol-2	0.000000	0.000000	0.000000
65.000120	ecolipol-2-p	0.000000	0.000000	0.000000
65.000120	ecolipol-p	0.000000	0.000000	0.000000
65.000120	gp-2	0.000000	0.000000	0.000000
65.000120	lysozyme-3.5	0.000000	0.000000	0.000000
65.000120	nonpref_charged	15000.000000	0.000000	0.000000
65.000120	nonpref_uncharged	0.000000	0.000000	0.000000
65.000120	pref_charged	35000.000000	0.000000	0.000000
65.000120	pref_uncharged	0.000000	0.000000	0.000000
65.000120	protein_kinase-0.7	0.000000	0.000000	0.000000
65.000120	rnapol-1	0.000000	0.000000	0.000000
65.000120	rnapol-3.5	0.000000	0.000000	0.000000
70.001647	E. coli B promoter	0.000000	0.000000	0.000000
70.001647	E. coli C promoter	0.000000	0.000000	0.000000
70.001647	E. coli promoter A1	1.000000	0.000000	0.000000
70.001647	E. coli promoter A2	0.000000	0.000000	0.000000
70.001647	E. coli promoter A3	0.000000	0.000000	0.000000
70.001647	T7 promoter phi1.1A	0.000000	0.000000	0.000000
70.001647	T7 promoter phi1.1B	0.000000	0.000000	0.000000
70.001647	T7 promoter phi1.3	0.000000	0.000000	0.000000
70.001647	T7 promoter phi1.5	0.000000	0.000000	0.000000
70.001647	T7 promoter phi1.6	0.000000	0.000000	0.000000
70.001647	T7 promoter phi10	0.000000	0.000000	0.000000
70.001647	T7 promoter phi13	0.000000	0.000000	0.000000
70.001647	T7 promoter phi17	0.000000	0.000000	0.000000
70.001647	T7 promoter phi2.5	0.000000	0.000000	0.000000
70.001647	T7 promoter phi3.8	0.000000	0.000000	0.000000
70.001647	T7 promoter phi4.3	0.000000	0.000000	0.000000
70.001647	T7 promoter phi4.7	0.000000	0.000000	0.000000
70.001647	T7 promoter phi4c	0.000000	0.000000	0.000000
70.001647	T7 promoter phi6.5	0.000000	0.000000	0.000000
70.001647	T7 promoter phi9	0.000000	0.000000	0.000000
70.001647	__gene 0.3_rbs	0.000000	0.000000	0.000000
70.001647	__gene 1.1_rbs	0.000000	0.000000	0.000000
70.001647	__gene 1.2_rbs	0.000000	0.000000	0.000000
70.001647	__gene 1.3_rbs	0.000000	0.000000	0.000000
70.001647	__gene 1.4_rbs	0.000000	0.000000	0.000000
70.001647	__gene 1.7_rbs	0.000000	0.000000	0.000000
70.001647	__gene 1.8_rbs	0.000000	0.000000	0.000000
70.001647	__gene 10A_rbs	0.000000	0.000000	0.000000
70.001647	__gene 11_rbs	0.000000	0.000000	0.000000
70.001647	__gene 12_rbs	0.000000	0.000000	0.000000
70.001647	__gene 13_rbs	0.000000	0.000000	0.000000
70.001647	__gene 14_rbs	0.000000	0.000000	0.000000
70.001647	__gene 15_rbs	0.000000	0.000000	0.000000
70.001647	__gene 16_rbs	0.000000	0.000000	0.000000
70.001647	__gene 17.5_rbs	0.000000	0.000000	0.000000
70.001647	__gene 17_rbs	0.000000	0.000000	0.000000
70.001647	__gene 18.5_rbs	0.000000	0.000000	0.000000
70.001647	__gene 18.7_rbs	0.000000	0.000000	0.000000
70.001647	__gene 18_rbs	0.000000	0.000000	0.000000
70.001647	__gene 19.2_rbs	0.000000	0.000000	0.000000
70.001647	__gene 19.3_rbs	0.000000	0.000000	0.000000
70.001647	__gene 19.5_rbs	0.000000	0.000000	0.000000
70.001647	__gene 19_rbs	0.000000	0.000000	0.000000
70.001647	__gene 2.5_rbs	0.000000	0.000000	0.000000
70.001647	__gene 2.8_rbs	0.000000	0.000000	0.000000
70.001647	__gene 3.8_rbs	0.000000	0.000000	0.000000
70.001647	__gene 3_rbs	0.000000	0.000000	0.000000
70.001647	__gene 4.2_rbs	0.000000	0.000000	0.000000
70.001647	__gene 4.3_rbs	0.000000	0.000000	0.000000
70.001647	__gene 4.5_rbs	0.000000	0.000000	0.000000
70.001647	__gene 4.7_rbs	0.000000	0.000000	0.000000
70.001647	__gene 4A_rbs	0.000000	0.000000	0.000000
70.001647	__gene 5.3_rbs	0.000000	0.000000	0.000000
70.001647	__gene 5.5_rbs	0.000000	0.000000	0.000000
70.001647	__gene 5.7_rbs	0.000000	0.000000	0.000000
70.001647	__gene 5.9_rbs	0.000000	0.000000	0.000000
70.001647	__gene 5_rbs	0.000000	0.000000	0.000000
70.001647	__gene 6.3_rbs	0.000000	0.000000	0.000000
70.001647	__gene 6.5_rbs	0.000000	0.000000	0.000000
70.001647	__gene 6.7_rbs	0.000000	0.000000	0.000000
70.001647	__gene 6_rbs	0.000000	0.000000	0.000000
70.001647	__gene 7.3_rbs	0.000000	0.000000	0.000000
70.001647	__gene 7.7_rbs	0.000000	0.000000	0.000000
70.001647	__gene 7_rbs	0.000000	0.000000	0.000000
70.001647	__gene 8_rbs	0.000000	0.000000	0.000000
70.001647	__gene 9_rbs	0.000000	0.000000	0.000000
70.001647	__gp-2_rbs	0.000000	0.000000	0.000000
70.001647	__lysozyme-3.5_rbs	0.000000	0.000000	0.000000
70.001647	__protein_kinase-0.7_rbs	0.000000	0.000000	0.000000
70.001647	__ribosome	46.000000	0.000000	0.000000
70.001647	__rnapol-1_rbs	0.000000	0.000000	0.000000
70.001647	bound_ecolipol	1738.000000	0.000000	0.000000
70.001647	bound_ecolipol_p	0.000000	0.000000	0.000000
70.001647	bound_ribosome	9954.000000	0.000000	0.000000
70.001647	degraded_transcript	343.000000	0.000000	0.000000
70.001647	ecoli_genome	62.000000	0.000000	0.000000
70.001647	ecoli_transcript	4589.000000	0.000000	0.000000
70.001647	ecolipol	62.000000	0.000000	0.000000
70.001647	ecolipol-2	0.000000	0.000000	0.000000
70.001647	ecolipol-2-p	0.000000	0.000000	0.000000
70.001647	ecolipol-p	0.000000	0.000000	0.000000
70.001647	gp-2	0.000000	0.000000	0.000000
70.001647	lysozyme-3.5	0.000000	0.000000	0.000000
70.001647	nonpref_charged	15000.000000	0.000000	0.000000
70.001647	nonpref_uncharged	0.000000	0.000000	0.000000
70.001647	pref_charged	35000.000000	0.000000	0.000000
70.001647	pref_uncharged	0.000000	0.000000	0.000000
70.001647	protein_kinase-0.7	0.000000	0.000000	0.000000
70.001647	rnapol-1	0.000000	0.000000	0.000000
70.001647	rnapol-3.5	0.000000	0.000000	0.000000
75.000309	E. coli B promoter	0.000000	0.000000	0.000000
75.000309	E. coli C promoter	0.000000	0.000000	0.000000
75.000309	E. coli promoter A1	1.000000	0.000000	0.000000
75.000309	E. coli promoter A2	0.000000	0.000000	0.000000
75.000309	E. coli promoter A3	0.000000	0.000000	0.000000
75.000309	T7 promoter phi1.1A	0.000000	0.000000	0.000000
75.000309	T7 promoter phi1.1B	0.000000	0.000000	0.000000
75.000309	T7 promoter phi1.3	0.000000	0.000000	0.000000
75.000309	T7 promoter phi1.5	0.000000	0.000000	0.000000
75.000309	T7 promoter phi1.6	0.000000	0.000000	0.000000
75.000309	T7 promoter phi10	0.000000	0.000000	0.000000
75.000309	T7 promoter phi13	0.000000	0.000000	0.000000
75.000309	T7 promoter phi17	0.000000	0.000000	0.000000
75.000309	T7 promoter phi2.5	0.000000	0.000000	0.000000
75.000309	T7 promoter phi3.8	0.000000	0.000000	0.000000
75.000309	T7 promoter phi4.3	0.000000	0.000000	0.000000
75.000309	T7 promoter phi4.7	0.000000	0.000000	0.000000
75.000309	T7 promoter phi4c	0.000000	0.000000	0.000000
75.000309	T7 promoter phi6.5	0.000000	0.000000	0.000000
75.000309	T7 promoter phi9	0.000000	0.000000	0.000000
75.000309	__gene 0.3_rbs	0.000000	0.000000	0.000000
75.000309	__gene 1.1_rbs	0.000000	0.000000	0.000000
75.000309	__gene 1.2_rbs	0.000000	0.000000	0.000000
75.000309	__gene 1.3_rbs	0.000000	0.000000	0.000000
75.000309	__gene 1.4_rbs	0.000000	0.000000	0.000000
75.000309	__gene 1.7_rbs	0.000000	0.000000	0.000000
75.000309	__gene 1.8_rbs	0.000000	0.000000	0.000000
75.000309	__gene 10A_rbs	0.000000	0.000000	0.000000
75.000309	__gene 11_rbs	0.000000	0.000000	0.000000
75.000309	__gene 12_rbs	0.000000	0.000000	0.000000
75.000309	__gene 13_rbs	0.000000	0.000000	0.000000
75.000309	__gene 14_rbs	0.000000	0.000000	0.000000
75.000309	__gene 15_rbs	0.000000	0.000000	0.000000
75.000309	__gene 16_rbs	0.000000	0.000000	0.000000
75.000309	__gene 17.5_rbs	0.000000	0.000000	0.000000
75.000309	__gene 17_rbs	0.000000	0.000000	0.000000
75.000309	__gene 18.5_rbs	0.000000	0.000000	0.000000
75.000309	__gene 18.7_rbs	0.000000	0.000000	0.000000
75.000309	__gene 18_rbs	0.000000	0.000000	0.000000
75.000309	__gene 19.2_rbs	0.000000	0.000000	0.000000
75.000309	__gene 19.3_rbs	0.000000	0.000000	0.000000
75.000309	__gene 19.5_rbs	0.000000	0.000000	0.000000
75.000309	__gene 19_rbs	0.000000	0.000000	0.000000
75.000309	__gene 2.5_rbs	0.000000	0.000000	0.000000
75.000309	__gene 2.8_rbs	0.000000	0.000000	0.000000
75.000309	__gene 3.8_rbs	0.000000	0.000000	0.000000
75.000309	__gene 3_rbs	0.000000	0.000000	0.000000
75.000309	__gene 4.2_rbs	0.000000	0.000000	0.000000
75.000309	__gene 4.3_rbs	0.000000	0.000000	0.000000
75.000309	__gene 4.5_rbs	0.000000	0.000000	0.000000
75.000309	__gene 4.7_rbs	0.000000	0.000000	0.000000
75.000309	__gene 4A_rbs	0.000000	0.000000	0.000000
75.000309	__gene 5.3_rbs	0.000000	0.000000	0.000000
75.000309	__gene 5.5_rbs	0.000000	0.000000	0.000000
75.000309	__gene 5.7_rbs	0.000000	0.000000	0.000000
75.000309	__gene 5.9_rbs	0.000000	0.000000	0.000000
75.000309	__gene 5_rbs	0.000000	0.000000	0.000000
75.000309	__gene 6.3_rbs	0.000000	0.000000	0.000000
75.000309	__gene 6.5_rbs	0.000000	0.000000	0.000000
75.000309	__gene 6.7_rbs	0.000000	0.000000	0.000000
75.000309	__gene 6_rbs	0.000000	0.000000	0.000000
75.000309	__gene 7.3_rbs	0.000000	0.000000	0.000000
75.000309	__gene 7.7_rbs	0.000000	0.000000	0.000000
75.000309	__gene 7_rbs	0.000000	0.000000	0.000000
75.000309	__gene 8_rbs	0.000000	0.000000	0.000000
75.000309	__gene 9_rbs	0.000000	0.000000	0.000000
75.000309	__gp-2_rbs	0.000000	0.000000	0.000000
75.000309	__lysozyme-3.5_rbs	0.000000	0.000000	0.000000
75.000309	__protein_kinase-0.7_rbs	0.000000	0.000000	0.000000
75.000309	__ribosome	58.000000	0.000000	0.000000
75.000309	__rnapol-1_rbs	0.000000	0.000000	0.000000
75.000309	bound_ecolipol	1737.000000	0.000000	0.000000
75.000309	bound_ecolipol_p	0.000000	0.000000	0.000000
75.000309	bound_ribosome	9942.000000	0.000000	0.000000
75.000309	degraded_transcript	380.000000	0.000000	0.000000
75.000309	ecoli_genome	63.000000	0.000000	0.000000
75.000309	ecoli_transcript	4917.000000	0.000000	0.000000
75.000309	ecolipol	63.000000	0.000000	0.000000
75.000309	ecolipol-2	0.000000	0.000000	0.000000
75.000309	ecolipol-2-p	0.000000	0.000000	0.000000
75.000309	ecolipol-p	0.000000	0.000000	0.000000
75.000309	gp-2	0.000000	0.000000	0.000000
75.000309	lysozyme-3.5	0.000000	0.000000	0.000000
75.000309	nonpref_charged	15000.000000	0.000000	0.000000
75.000309	nonpref_uncharged	0.000000	0.000000	0.000000
75.000309	pref_charged	35000.000000	0.000000	0.000000
75.000309	pref_uncharged	0.000000	0.000000	0.000000
75.000309	protein_kinase-0.7	0.000000	0.000000	0.000000
75.000309	rnapol-1	0.000000	0.000000	0.000000
75.000309	rnapol-3.5	0.000000	0.000000	0.000000
80.000419	E. coli B promoter	0.000000	0.000000	0.000000
80.000419	E. coli C promoter	0.000000	0.000000	0.000000
80.000419	E. coli promoter A1	1.000000	0.000000	0.000000
80.000419	E. coli promoter A2	0.000000	0.000000	0.000000
80.000419	E. coli promoter A3	0.000000	0.000000	0.000000
80.000419	T7 promoter phi1.1A	0.000000	0.000000	0.000000
80.000419	T7 promoter phi1.1B	0.000000	0.000000	0.000000
80.000419	T7 promoter phi1.3	0.000000	0.000000	0.000000
80.000419	T7 promoter phi1.5	0.000000	0.000000	0.000000
80.000419	T7 promoter phi1.6	0.000000	0.000000	0.000000
80.000419	T7 promoter phi10	0.000000	0.000000	0.000000
80.000419	T7 promoter phi13	0.000000	0.000000	0.000000
80.000419	T7 promoter phi17	0.000000	0.000000	0.000000
80.000419	T7 promoter phi2.5	0.000000	0.000000	0.000000
80.000419	T7 promoter phi3.8	0.000000	0.000000	0.000000
80.000419	T7 promoter phi4.3	0.000000	0.000000	0.000000
80.000419	T7 promoter phi4.7	0.000000	0.000000	0.000000
80.000419	T7 promoter phi4c	0.000000	0.000000	0.000000
80.000419	T7 promoter phi6.5	0.000000	0.000000	0.000000
80.000419	T7 promoter phi9	0.000000	0.000000	0.000000
80.000419	__gene 0.3_rbs	0.000000	0.000000	0.000000
80.000419	__gene 1.1_rbs	0.000000	0.000000	0.000000
80.000419	__gene 1.2_rbs	0.000000	0.000000	0.000000
80.000419	__gene 1.3_rbs	0.000000	0.000000	0.000000
80.000419	__gene 1.4_rbs	0.000000	0.000000	0.000000
80.000419	__gene 1.7_rbs	0.000000	0.000000	0.000000
80.000419	__gene 1.8_rbs	0.000000	0.000000	0.000000
80.000419	__gene 10A_rbs	0.000000	0.000000	0.000000
80.000419	__gene 11_rbs	0.000000	0.000000	0.000000
80.000419	__gene 12_rbs	0.000000	0.000000	0.000000
80.000419	__gene 13_rbs	0.000000	0.000000	0.000000
80.000419	__gene 14_rbs	0.000000	0.000000	0.000000
80.000419	__gene 15_rbs	0.000000	0.000000	0.000000
80.000419	__gene 16_rbs	0.000000	0.000000	0.000000
80.000419	__gene 17.5_rbs	0.000000	0.000000	0.000000
80.000419	__gene 17_rbs	0.000000	0.000000	0.000000
80.000419	__gene 18.5_rbs	0.000000	0.000000	0.000000
80.000419	__gene 18.7_rbs	0.000000	0.000000	0.000000
80.000419	__gene 18_rbs	0.000000	0.000000	0.000000
80.000419	__gene 19.2_rbs	0.000000	0.000000	0.000000
80.000419	__gene 19.3_rbs	0.000000	0.000000	0.000000
80.000419	__gene 19.5_rbs	0.000000	0.000000	0.000000
80.000419	__gene 19_rbs	0.000000	0.000000	0.000000
80.000419	__gene 2.5_rbs	0.000000	0.000000	0.000000
80.000419	__gene 2.8_rbs	0.000000	0.000000	0.000000
80.000419	__gene 3.8_rbs	0.000000	0.000000	0.000000
80.000419	__gene 3_rbs	0.000000	0.000000	0.000000
80.000419	__gene 4.2_rbs	0.000000	0.000000	0.000000
80.000419	__gene 4.3_rbs	0.000000	0.000000	0.000000
80.000419	__gene 4.5_rbs	0.000000	0.000000	0.000000
80.000419	__gene 4.7_rbs	0.000000	0.000000	0.000000
80.000419	__gene 4A_rbs	0.000000	0.000000	0.000000
80.000419	__gene 5.3_rbs	0.000000	0.000000	0.000000
80.000419	__gene 5.5_rbs	0.000000	0.000000	0.000000
80.000419	__gene 5.7_rbs	0.000000	0.000000	0.000000
80.000419	__gene 5.9_rbs	0.000000	0.000000	0.000000
80.000419	__gene 5_rbs	0.000000	0.000000	0.000000
80.000419	__gene 6.3_rbs	0.000000	0.000000	0.000000
80.000419	__gene 6.5_rbs	0.000000	0.000000	0.000000
80.000419	__gene 6.7_rbs	0.000000	0.000000	0.000000
80.000419	__gene 6_rbs	0.000000	0.000000	0.000000
80.000419	__gene 7.3_rbs	0.000000	0.000000	0.000000
80.000419	__gene 7.7_rbs	0.000000	0.000000	0.000000
80.000419	__gene 7_rbs	0.000000	0.000000	0.000000
80.000419	__gene 8_rbs	0.000000	0.000000	0.000000
80.000419	__gene 9_rbs	0.000000	0.000000	0.000000
80.000419	__gp-2_rbs	0.000000	0.000000	0.000000
80.000419	__lysozyme-3.5_rbs	0.000000	0.000000	0.000000
80.000419	__protein_kinase-0.7_rbs	0.000000	0.000000	0.000000
80.000419	__ribosome	54.000000	0.000000	0.000000
80.000419	__rnapol-1_rbs	0.000000	0.000000	0.000000
80.000419	bound_ecolipol	1745.000000	0.000000	0.000000
80.000419	bound_ecolipol_p	0.000000	0.000000	0.000000
80.000419	bound_ribosome	9946.000000	0.000000	0.000000
80.000419	degraded_transcript	438.000000	0.000000	0.000000
80.000419	ecoli_genome	55.000000	0.000000	0.000000
80.000419	ecoli_transcript	5195.000000	0.000000	0.000000
80.000419	ecolipol	55.000000	0.000000	0.000000
80.000419	ecolipol-2	0.000000	0.000000	0.000000
80.000419	ecolipol-2-p	0.000000	0.000000	0.000000
80.000419	ecolipol-p	0.000000	0.000000	0.000000
80.000419	gp-2	0.000000	0.000000	0.000000
80.000419	lysozyme-3.5	0.000000	0.000000	0.000000
80.000419	nonpref_charged	15000.000000	0.000000	0.000000
80.000419	nonpref_uncharged	0.000000	0.000000	0.000000
80.000419	pref_charged	35000.000000	0.000000	0.000000
80.000419	pref_uncharged	0.000000	0.000000	0.000000
80.000419	protein_kinase-0.7	0.000000	0.000000	0.000000
80.000419	rnapol-1	0.000000	0.000000	0.000000
80.000419	rnapol-3.5	0.000000	0.000000	0.000000
85.000293	E. coli B promoter	0.000000	0.000000	0.000000
85.000293	E. coli C promoter	0.000000	0.000000	0.000000
85.000293	E. coli promoter A1	1.000000	0.000000	0.000000
85.000293	E. coli promoter A2	0.000000	0.000000	0.000000
85.000293	E. coli promoter A3	0.000000	0.000000	0.000000
85.000293	T7 promoter phi1.1A	0.000000	0.000000	0.000000
85.000293	T7 promoter phi1.1B	0.000000	0.000000	0.000000
85.000293	T7 promoter phi1.3	0.000000	0.000000	0.000000
85.000293	T7 promoter phi1.5	0.000000	0.000000	0.000000
85.000293	T7 promoter phi1.6	0.000000	0.000000	0.000000
85.000293	T7 promoter phi10	0.000000	0.000000	0.000000
85.000293	T7 promoter phi13	0.000000	0.000000	0.000000
85.000293	T7 promoter phi17	0.000000	0.000000	0.000000
85.000293	T7 promoter phi2.5	0.000000	0.000000	0.000000
85.000293	T7 promoter phi3.8	0.000000	0.000000	0.000000
85.000293	T7 promoter phi4.3	0.000000	0.000000	0.000000
85.000293	T7 promoter phi4.7	0.000000	0.000000	0.000000
85.000293	T7 promoter phi4c	0.000000	0.000000	0.000000
85.000293	T7 promoter phi6.5	0.000000	0.000000	0.000000
85.000293	T7 promoter phi9	0.000000	0.000000	0.000000
85.000293	__gene 0.3_rbs	0.000000	0.000000	0.000000
85.000293	__gene 1.1_rbs	0.000000	0.000000	0.000000
85.000293	__gene 1.2_rbs	0.000000	0.000000	0.000000
85.000293	__gene 1.3_rbs	0.000000	0.000000	0.000000
85.000293	__gene 1.4_rbs	0.000000	0.000000	0.000000
85.000293	__gene 1.7_rbs	0.000000	0.000000	0.000000
85.000293	__gene 1.8_rbs	0.000000	0.000000	0.000000
85.000293	__gene 10A_rbs	0.000000	0.000000	0.000000
85.000293	__gene 11_rbs	0.000000	0.000000	0.000000
85.000293	__gene 12_rbs	0.000000	0.000000	0.000000
85.000293	__gene 13_rbs	0.000000	0.000000	0.000000
85.000293	__gene 14_rbs	0.000000	0.000000	0.000000
85.000293	__gene 15_rbs	0.000000	0.000000	0.000000
85.000293	__gene 16_rbs	0.000000	0.000000	0.000000
85.000293	__gene 17.5_rbs	0.000000	0.000000	0.000000
85.000293	__gene 17_rbs	0.000000	0.000000	0.000000
85.000293	__gene 18.5_rbs	0.000000	0.000000	0.000000
85.000293	__gene 18.7_rbs	0.000000	0.000000	0.000000
85.000293	__gene 18_rbs	0.000000	0.000000	0.000000
85.000293	__gene 19.2_rbs	0.000000	0.000000	0.000000
85.000293	__gene 19.3_rbs	0.000000	0.000000	0.000000
85.000293	__gene 19.5_rbs	0.000000	0.000000	0.000000
85.000293	__gene 19_rbs	0.000000	0.000000	0.000000
85.000293	__gene 2.5_rbs	0.000000	0.000000	0.000000
85.000293	__gene 2.8_rbs	0.000000	0.000000	0.000000
85.000293	__gene 3.8_rbs	0.000000	0.000000	0.000000
85.000293	__gene 3_rbs	0.000000	0.000000	0.000000
85.000293	__gene 4.2_rbs	0.000000	0.000000	0.000000
85.000293	__gene 4.3_rbs	0.000000	0.000000	0.000000
85.000293	__gene 4.5_rbs	0.000000	0.000000	0.000000
85.000293	__gene 4.7_rbs	0.000000	0.000000	0.000000
85.000293	__gene 4A_rbs	0.000000	0.000000	0.000000
85.000293	__gene 5.3_rbs	0.000000	0.000000	0.000000
85.000293	__gene 5.5_rbs	0.000000	0.000000	0.000000
85.000293	__gene 5.7_rbs	0.000000	0.000000	0.000000
85.000293	__gene 5.9_rbs	0.000000	0.000000	0.000000
85.000293	__gene 5_rbs	0.000000	0.000000	0.000000
85.000293	__gene 6.3_rbs	0.000000	0.000000	0.000000
85.000293	__gene 6.5_rbs	0.000000	0.000000	0.000000
85.000293	__gene 6.7_rbs	0.000000	0.000000	0.000000
85.000293	__gene 6_rbs	0.000000	0.000000	0.000000
85.000293	__gene 7.3_rbs	0.000000	0.000000	0.000000
85.000293	__gene 7.7_rbs	0.000000	0.000000	0.000000
85.000293	__gene 7_rbs	0.000000	0.000000	0.000000
85.000293	__gene 8_rbs	0.000000	0.000000	0.000000
85.000293	__gene 9_rbs	0.000000	0.000000	0.000000
85.000293	__gp-2_rbs	0.000000	0.000000	0.000000
85.000293	__lysozyme-3.5_rbs	0.000000	0.000000	0.000000
85.000293	__protein_kinase-0.7_rbs	0.000000	0.000000	0.000000
85.000293	__ribosome	47.000000	0.000000	0.000000
85.000293	__rnapol-1_rbs	0.000000	0.000000	0.000000
85.000293	bound_ecolipol	1732.000000	0.000000	0.000000
85.000293	bound_ecolipol_p	0.000000	0.000000	0.000000
85.000293	bound_ribosome	9953.000000	0.000000	0.000000
85.000293	degraded_transcript	495.000000	0.000000	0.000000
85.000293	ecoli_genome	68.000000	0.000000	0.000000
85.000293	ecoli_transcript	5516.000000	0.000000	0.000000
85.000293	ecolipol	68.000000	0.000000	0.000000
85.000293	ecolipol-2	0.000000	0.000000	0.000000
85.000293	ecolipol-2-p	0.000000	0.000000	0.000000
85.000293	ecolipol-p	0.000000	0.000000	0.000000
85.000293	gp-2	0.000000	0.000000	0.000000
85.000293	lysozyme-3.5	0.000000	0.000000	0.000000
85.000293	nonpref_charged	15000.000000	0.000000	0.000000
85.000293	nonpref_uncharged	0.000000	0.000000	0.000000
85.000293	pref_charged	35000.000000	0.000000	0.000000
85.000293	pref_uncharged	0.000000	0.000000	0.000000
85.000293	protein_kinase-0.7	0.000000	0.000000	0.000000
85.000293	rnapol-1	0.000000	0.000000	0.000000
85.000293	rnapol-3.5	0.000000	0.000000	0.000000
89.999232	E. coli B promoter	0.000000	0.000000	0.000000
89.999232	E. coli C promoter	0.000000	0.000000	0.000000
89.999232	E. coli promoter A1	1.000000	0.000000	0.000000
89.999232	E. coli promoter A2	0.000000	0.000000	0.000000
89.999232	E. coli promoter A3	0.000000	0.000000	0.000000
89.999232	T7 promoter phi1.1A	0.000000	0.000000	0.000000
89.999232	T7 promoter phi1.1B	0.000000	0.000000	0.000000
89.999232	T7 promoter phi1.3	0.000000	0.000000	0.000000
89.999232	T7 promoter phi1.5	0.000000	0.000000	0.000000
89.999232	T7 promoter phi1.6	0.000000	0.000000	0.000000
89.999232	T7 promoter phi10	0.000000	0.000000	0.000000
89.999232	T7 promoter phi13	0.000000	0.000000	0.000000
89.999232	T7 promoter phi17	0.000000	0.000000	0.000000
89.999232	T7 promoter phi2.5	0.000000	0.000000	0.000000
89.999232	T7 promoter phi3.8	0.000000	0.000000	0.000000
89.999232	T7 promoter phi4.3	0.000000	0.000000	0.000000
89.999232	T7 promoter phi4.7	0.000000	0.000000	0.000000
89.999232	T7 promoter phi4c	0.000000	0.000000	0.000000
89.999232	T7 promoter phi6.5	0.000000	0.000000	0.000000
89.999232	T7 promoter phi9	0.000000	0.000000	0.000000
89.999232	__gene 0.3_rbs	0.000000	0.000000	0.000000
89.999232	__gene 1.1_rbs	0.000000	0.000000	0.000000
89.999232	__gene 1.2_rbs	0.000000	0.000000	0.000000
89.999232	__gene 1.3_rbs	0.000000	0.000000	0.000000
89.999232	__gene 1.4_rbs	0.000000	0.000000	0.000000
89.999232	__gene 1.7_rbs	0.000000	0.000000	0.000000
89.999232	__gene 1.8_rbs	0.000000	0.000000	0.000000
89.999232	__gene 10A_rbs	0.000000	0.000000	0.000000
89.999232	__gene 11_rbs	0.000000	0.000000	0.000000
89.999232	__gene 12_rbs	0.000000	0.000000	0.000000
89.999232	__gene 13_rbs	0.000000	0.000000	0.000000
89.999232	__gene 14_rbs	0.000000	0.000000	0.000000
89.999232	__gene 15_rbs	0.000000	0.000000	0.000000
89.999232	__gene 16_rbs	0.000000	0.000000	0.000000
89.999232	__gene 17.5_rbs	0.000000	0.000000	0.000000
89.999232	__gene 17_rbs	0.000000	0.000000	0.000000
89.999232	__gene 18.5_rbs	0.000000	0.000000	0.000000
89.999232	__gene 18.7_rbs	0.000000	0.000000	0.000000
89.999232	__gene 18_rbs	0.000000	0.000000	0.000000
89.999232	__gene 19.2_rbs	0.000000	0.000000	0.000000
89.999232	__gene 19.3_rbs	0.000000	0.000000	0.000000
89.999232	__gene 19.5_rbs	0.000000	0.000000	0.000000
89.999232	__gene 19_rbs	0.000000	0.000000	0.000000
89.999232	__gene 2.5_rbs	0.000000	0.000000	0.000000
89.999232	__gene 2.8_rbs	0.000000	0.000000	0.000000
89.999232	__gene 3.8_rbs	0.000000	0.000000	0.000000
89.999232	__gene 3_rbs	0.000000	0.000000	0.000000
89.999232	__gene 4.2_rbs	0.000000	0.000000	0.000000
89.999232	__gene 4.3_rbs	0.000000	0.000000	0.000000
89.999232	__gene 4.5_rbs	0.000000	0.000000	0.000000
89.999232	__gene 4.7_rbs	0.000000	0.000000	0.000000
89.999232	__gene 4A_rbs	0.000000	0.000000	0.000000
89.999232	__gene 5.3_rbs	0.000000	0.000000	0.000000
89.999232	__gene 5.5_rbs	0.000000	0.000000	0.000000
89.999232	__gene 5.7_rbs	0.000000	0.000000	0.000000
89.999232	__gene 5.9_rbs	0.000000	0.000000	0.000000
89.999232	__gene 5_rbs	0.000000	0.000000	0.000000
89.999232	__gene 6.3_rbs	0.000000	0.000000	0.000000
89.999232	__gene 6.5_rbs	0.000000	0.000000	0.000000
89.999232	__gene 6.7_rbs	0.000000	0.000000	0.000000
89.999232	__gene 6_rbs	0.000000	0.000000	0.000000
89.999232	__gene 7.3_rbs	0.000000	0.000000	0.000000
89.999232	__gene 7.7_rbs	0.000000	0.000000	0.000000
89.999232	__gene 7_rbs	0.000000	0.000000	0.000000
89.999232	__gene 8_rbs	0.000000	0.000000	0.000000
89.999232	__gene 9_rbs	0.000000	0.000000	0.000000
89.999232	__gp-2_rbs	0.000000	0.000000	0.000000
89.999232	__lysozyme-3.5_rbs	0.000000	0.000000	0.000000
89.999232	__protein_kinase-0.7_rbs	0.000000	0.000000	0.000000
89.999232	__ribosome	45.000000	0.000000	0.000000
89.999232	__rnapol-1_rbs	0.000000	0.000000	0.000000
89.999232	bound_ecolipol	1744.000000	0.000000	0.000000
89.999232	bound_ecolipol_p	0.000000	0.000000	0.000000
89.999232	bound_ribosome	9955.000000	0.000000	0.000000
89.999232	degraded_transcript	542.000000	0.000000	0.000000
89.999232	ecoli_genome	56.000000	0.000000	0.000000
89.999232	ecoli_transcript	5811.000000	0.000000	0.000000
89.999232	ecolipol	56.000000	0.000000	0.000000
89.999232	ecolipol-2	0.000000	0.000000	0.000000
89.999232	ecolipol-2-p	0.000000	0.000000	0.000000
89.999232	ecolipol-p	0.000000	0.000000	0.000000
89.999232	gp-2	0.000000	0.000000	0.000000
89.999232	lysozyme-3.5	0.000000	0.000000	0.000000
89.999232	nonpref_charged	15000.000000	0.000000	0.000000
89.999232	nonpref_uncharged	0.000000	0.000000	0.000000
89.999232	pref_charged	35000.000000	0.000000	0.000000
89.999232	pref_uncharged	0.000000	0.000000	0.000000
89.999232	protein_kinase-0.7	0.000000	0.000000	0.000000
89.999232	rnapol-1	0.000000	0.000000	0.000000
89.999232	rnapol-3.5	0.000000	0.000000	0.000000
95.000033	E. coli B promoter	0.000000	0.000000	0.000000
95.000033	E. coli C promoter	0.000000	0.000000	0.000000
95.000033	E. coli promoter A1	1.000000	0.000000	0.000000
95.000033	E. coli promoter A2	0.000000	0.000000	0.000000
95.000033	E. coli promoter A3	0.000000	0.000000	0.000000
95.000033	T7 promoter phi1.1A	0.000000	0.000000	0.000000
95.000033	T7 promoter phi1.1B	0.000000	0.000000	0.000000
95.000033	T7 promoter phi1.3	0.000000	0.000000	0.000000
95.000033	T7 promoter phi1.5	0.000000	0.000000	0.000000
95.000033	T7 promoter phi1.6	0.000000	0.000000	0.000000
95.000033	T7 promoter phi10	0.000000	0.000000	0.000000
95.000033	T7 promoter phi13	0.000000	0.000000	0.000000
95.000033	T7 promoter phi17	0.000000	0.000000	0.000000
95.000033	T7 promoter phi2.5	0.000000	0.000000	0.000000
95.000033	T7 promoter phi3.8	0.000000	0.000000	0.000000
95.000033	T7 promoter phi4.3	0.000000	0.000000	0.000000
95.000033	T7 promoter phi4.7	0.000000	0.000000	0.000000
95.000033	T7 promoter phi4c	0.000000	0.000000	0.000000
95.000033	T7 promoter phi6.5	0.000000	0.000000	0.000000
95.000033	T7 promoter phi9	0.000000	0.000000	0.000000
95.000033	__gene 0.3_rbs	0.000000	0.000000	0.000000
95.000033	__gene 1.1_rbs	0.000000	0.000000	0.000000
95.000033	__gene 1.2_rbs	0.000000	0.000000	0.000000
95.000033	__gene 1.3_rbs	0.000000	0.000000	0.000000
95.000033	__gene 1.4_rbs	0.000000	0.000000	0.000000
95.000033	__gene 1.7_rbs	0.000000	0.000000	0.000000
95.000033	__gene 1.8_rbs	0.000000	0.000000	0.000000
95.000033	__gene 10A_rbs	0.000000	0.000000	0.000000
95.000033	__gene 11_rbs	0.000000	0.000000	0.000000
95.000033	__gene 12_rbs	0.000000	0.000000	0.000000
95.000033	__gene 13_rbs	0.000000	0.000000	0.000000
95.000033	__gene 14_rbs	0.000000	0.000000	0.000000
95.000033	__gene 15_rbs	0.000000	0.000000	0.000000
95.000033	__gene 16_rbs	0.000000	0.000000	0.000000
95.000033	__gene 17.5_rbs	0.000000	0.000000	0.000000
95.000033	__gene 17_rbs	0.000000	0.000000	0.000000
95.000033	__gene 18.5_rbs	0.000000	0.000000	0.000000
95.000033	__gene 18.7_rbs	0.000000	0.000000	0.000000
95.000033	__gene 18_rbs	0.000000	0.000000	0.000000
95.000033	__gene 19.2_rbs	0.000000	0.000000	0.000000
95.000033	__gene 19.3_rbs	0.000000	0.000000	0.000000
95.000033	__gene 19.5_rbs	0.000000	0.000000	0.000000
95.000033	__gene 19_rbs	0.000000	0.000000	0.000000
95.000033	__gene 2.5_rbs	0.000000	0.000000	0.000000
95.000033	__gene 2.8_rbs	0.000000	0.000000	0.000000
95.000033	__gene 3.8_rbs	0.000000	0.000000	0.000000
95.000033	__gene 3_rbs	0.000000	0.000000	0.000000
95.000033	__gene 4.2_rbs	0.000000	0.000000	0.000000
95.000033	__gene 4.3_rbs	0.000000	0.000000	0.000000
95.000033	__gene 4.5_rbs	0.000000	0.000000	0.000000
95.000033	__gene 4.7_rbs	0.000000	0.000000	0.000000
95.000033	__gene 4A_rbs	0.000000	0.000000	0.000000
95.000033	__gene 5.3_rbs	0.000000	0.000000	0.000000
95.000033	__gene 5.5_rbs	0.000000	0.000000	0.000000
95.000033	__gene 5.7_rbs	0.000000	0.000000	0.000000
95.000033	__gene 5.9_rbs	0.000000	0.000000	0.000000
95.000033	__gene 5_rbs	0.000000	0.000000	0.000000
95.000033	__gene 6.3_rbs	0.000000	0.000000	0.000000
95.000033	__gene 6.5_rbs	0.000000	0.000000	0.000000
95.000033	__gene 6.7_rbs	0.000000	0.000000	0.000000
95.000033	__gene 6_rbs	0.000000	0.000000	0.000000
95.000033	__gene 7.3_rbs	0.000000	0.000000	0.000000
95.000033	__gene 7.7_rbs	0.000000	0.000000	0.000000
95.000033	__gene 7_rbs	0.000000	0.000000	0.000000
95.000033	__gene 8_rbs	0.000000	0.000000	0.000000
95.000033	__gene 9_rbs	0.000000	0.000000	0.000000
95.000033	__gp-2_rbs	0.000000	0.000000	0.000000
95.000033	__lysozyme-3.5_rbs	0.000000	0.000000	0.000000
95.000033	__protein_kinase-0.7_rbs	0.000000	0.000000	0.000000
95.000033	__ribosome	46.000000	0.000000	0.000000
95.000033	__rnapol-1_rbs	0.000000	0.000000	0.000000
95.000033	bound_ecolipol	1728.000000	0.000000	0.000000
95.000033	bound_ecolipol_p	0.000000	0.000000	0.000000
95.000033	bound_ribosome	9954.000000	0.000000	0.000000
95.000033	degraded_transcript	594.000000	0.000000	0.000000
95.000033	ecoli_genome	72.000000	0.000000	0.000000
95.000033	ecoli_transcript	6113.000000	0.000000	0.000000
95.000033	ecolipol	72.000000	0.000000	0.000000
95.000033	ecolipol-2	0.000000	0.000000	0.000000
95.000033	ecolipol-2-p	0.000000	0.000000	0.000000
95.000033	ecolipol-p	0.000000	0.000000	0.000000
95.000033	gp-2	0.000000	0.000000	0.000000
95.000033	lysozyme-3.5	0.000000	0.000000	0.000000
95.000033	nonpref_charged	15000.000000	0.000000	0.000000
95.000033	nonpref_uncharged	0.000000	0.000000	0.000000
95.000033	pref_charged	35000.000000	0.000000	0.000000
95.000033	pref_uncharged	0.000000	0.000000	0.000000
95.000033	protein_kinase-0.7	0.000000	0.000000	0.000000
95.000033	rnapol-1	0.000000	0.000000	0.000000
95.000033	rnapol-3.5	0.000000	0.000000	0.000000
100.000110	E. coli B promoter	0.000000	0.000000	0.000000
100.000110	E. coli C promoter	0.000000	0.000000	0.000000
100.000110	E. coli promoter A1	1.000000	0.000000	0.000000
100.000110	E. coli promoter A2	0.000000	0.000000	0.000000
100.000110	E. coli promoter A3	0.000000	0.000000	0.000000
100.000110	T7 promoter phi1.1A	0.000000	0.000000	0.000000
100.000110	T7 promoter phi1.1B	0.000000	0.000000	0.000000
100.000110	T7 promoter phi1.3	0.000000	0.000000	0.000000
100.000110	T7 promoter phi1.5	0.000000	0.000000	0.000000
100.000110	T7 promoter phi1.6	0.000000	0.000000	0.000000
100.000110	T7 promoter phi10	0.000000	0.000000	0.000000
100.000110	T7 promoter phi13	0.000000	0.000000	0.000000
100.000110	T7 promoter phi17	0.000000	0.000000	0.000000
100.000110	T7 promoter phi2.5	0.000000	0.000000	0.000000
100.000110	T7 promoter phi3.8	0.000000	0.000000	0.000000
100.000110	T7 promoter phi4.3	0.000000	0.000000	0.000000
100.000110	T7 promoter phi4.7	0.000000	0.000000	0.000000
100.000110	T7 promoter phi4c	0.000000	0.000000	0.000000
100.000110	T7 promoter phi6.5	0.000000	0.000000	0.000000
100.000110	T7 promoter phi9	0.000000	0.000000	0.000000
100.000110	__gene 0.3_rbs	0.000000	0.000000	0.000000
100.000110	__gene 1.1_rbs	0.000000	0.000000	0.000000
100.000110	__gene 1.2_rbs	0.000000	0.000000	0.000000
100.000110	__gene 1.3_rbs	0.000000	0.000000	0.000000
100.000110	__gene 1.4_rbs	0.000000	0.000000	0.000000
100.000110	__gene 1.7_rbs	0.000000	0.000000	0.000000
100.000110	__gene 1.8_rbs	0.000000	0.000000	0.000000
100.000110	__gene 10A_rbs	0.000000	0.000000	0.000000
100.000110	__gene 11_rbs	0.000000	0.000000	0.000000
100.000110	__gene 12_rbs	0.000000	0.000000	0.000000
100.000110	__gene 13_rbs	0.000000	0.000000	0.000000
100.000110	__gene 14_rbs	0.000000	0.000000	0.000000
100.000110	__gene 15_rbs	0.000000	0.000000	0.000000
100.000110	__gene 16_rbs	0.000000	0.000000	0.000000
100.000110	__gene 17.5_rbs	0.000000	0.000000	0.000000
100.000110	__gene 17_rbs	0.000000	0.000000	0.000000
100.000110	__gene 18.5_rbs	0.000000	0.000000	0.000000
100.000110	__gene 18.7_rbs	0.000000	0.000000	0.000000
100.000110	__gene 18_rbs	0.000000	0.000000	0.000000
100.000110	__gene 19.2_rbs	0.000000	0.000000	0.000000
100.000110	__gene 19.3_rbs	0.000000	0.000000	0.000000
100.000110	__gene 19.5_rbs	0.000000	0.000000	0.000000
100.000110	__gene 19_rbs	0.000000	0.000000	0.000000
100.000110	__gene 2.5_rbs	0.000000	0.000000	0.000000
100.000110	__gene 2.8_rbs	0.000000	0.000000	0.000000
100.000110	__gene 3.8_rbs	0.000000	0.000000	0.000000
100.000110	__gene 3_rbs	0.000000	0.000000	0.000000
100.000110	__gene 4.2_rbs	0.000000	0.000000	0.000000
100.000110	__gene 4.3_rbs	0.000000	0.000000	0.000000
100.000110	__gene 4.5_rbs	0.000000	0.000000	0.000000
100.000110	__gene 4.7_rbs	0.000000	0.000000	0.000000
100.000110	__gene 4A_rbs	0.000000	0.000000	0.000000
100.000110	__gene 5.3_rbs	0.000000	0.000000	0.000000
100.000110	__gene 5.5_rbs	0.000000	0.000000	0.000000
100.000110	__gene 5.7_rbs	0.000000	0.000000	0.000000
100.000110	__gene 5.9_rbs	0.000000	0.000000	0.000000
100.000110	__gene 5_rbs	0.000000	0.000000	0.000000
100.000110	__gene 6.3_rbs	0.000000	0.000000	0.000000
100.000110	__gene 6.5_rbs	0.000000	0.000000	0.000000
100.000110	__gene 6.7_rbs	0.000000	0.000000	0.000000
100.000110	__gene 6_rbs	0.000000	0.000000	0.000000
100.000110	__gene 7.3_rbs	0.000000	0.000000	0.000000
100.000110	__gene 7.7_rbs	0.000000	0.000000	0.000000
100.000110	__gene 7_rbs	0.000000	0.000000	0.000000
100.000110	__gene 8_rbs	0.000000	0.000000	0.000000
100.000110	__gene 9_rbs	0.000000	0.000000	0.000000
100.000110	__gp-2_rbs	0.000000	0.000000	0.000000
100.000110	__lysozyme-3.5_rbs	0.000000	0.000000	0.000000
100.000110	__protein_kinase-0.7_rbs	0.000000	0.000000	0.000000
100.000110	__ribosome	55.000000	0.000000	0.000000
100.000110	__rnapol-1_rbs	0.000000	0.000000	0.000000
100.000110	bound_ecolipol	1733.000000	0.000000	0.000000
100.000110	bound_ecolipol_p	0.000000	0.000000	0.000000
100.000110	bound_ribosome	9945.000000	0.000000	0.000000
100.000110	degraded_transcript	656.000000	0.000000	0.000000
100.000110	ecoli_genome	67.000000	0.000000	0.000000
100.000110	ecoli_transcript	6406.000000	0.000000	0.000000
100.000110	ecolipol	67.000000	0.000000	0.000000
100.000110	ecolipol-2	0.000000	0.000000	0.000000
100.000110	ecolipol-2-p	0.000000	0.000000	0.000000
100.000110	ecolipol-p	0.000000	0.000000	0.000000
100.000110	gp-2	0.000000	0.000000	0.000000
100.000110	lysozyme-3.5	0.000000	0.000000	0.000000
100.000110	nonpref_charged	15000.000000	0.000000	0.000000
100.000110	nonpref_uncharged	0.000000	0.000000	0.000000
100.000110	pref_charged	35000.000000	0.000000	0.000000
100.000110	pref_uncharged	0.000000	0.000000	0.000000
100.000110	protein_kinase-0.7	0.000000	0.000000	0.000000
100.000110	rnapol-1	0.000000	0.000000	0.000000
100.000110	rnapol-3.5	0.000000	0.000000	0.000000
105.002560	E. coli B promoter	0.000000	0.000000	0.000000
105.002560	E. coli C promoter	0.000000	0.000000	0.000000
105.002560	E. coli promoter A1	1.000000	0.000000	0.000000
105.002560	E. coli promoter A2	0.000000	0.000000	0.000000
105.002560	E. coli promoter A3	0.000000	0.000000	0.000000
105.002560	T7 promoter phi1.1A	0.000000	0.000000	0.000000
105.002560	T7 promoter phi1.1B	0.000000	0.000000	0.000000
105.002560	T7 promoter phi1.3	0.000000	0.000000	0.000000
105.002560	T7 promoter phi1.5	0.000000	0.000000	0.000000
105.002560	T7 promoter phi1.6	0.000000	0.000000	0.000000
105.002560	T7 promoter phi10	0.000000	0.000000	0.000000
105.002560	T7 promoter phi13	0.000000	0.000000	0.000000
105.002560	T7 promoter phi17	0.000000	0.000000	0.000000
105.002560	T7 promoter phi2.5	0.000000	0.000000	0.000000
105.002560	T7 promoter phi3.8	0.000000	0.000000	0.000000
105.002560	T7 promoter phi4.3	0.000000	0.000000	0.000000
105.002560	T7 promoter phi4.7	0.000000	0.000000	0.000000
105.002560	T7 promoter phi4c	0.000000	0.000000	0.000000
105.002560	T7 promoter phi6.5	0.000000	0.000000	0.000000
105.002560	T7 promoter phi9	0.000000	0.000000	0.000000
105.002560	__gene 0.3_rbs	0.000000	0.000000	0.000000
105.002560	__gene 1.1_rbs	0.000000	0.000000	0.000000
105.002560	__gene 1.2_rbs	0.000000	0.000000	0.000000
105.002560	__gene 1.3_rbs	0.000000	0.000000	0.000000
105.002560	__gene 1.4_rbs	0.000000	0.000000	0.000000
105.002560	__gene 1.7_rbs	0.000000	0.000000	0.000000
105.002560	__gene 1.8_rbs	0.000000	0.000000	0.000000
105.002560	__gene 10A_rbs	0.000000	0.000000	0.000000
105.002560	__gene 11_rbs	0.000000	0.000000	0.000000
105.002560	__gene 12_rbs	0.000000	0.000000	0.000000
105.002560	__gene 13_rbs	0.000000	0.000000	0.000000
105.002560	__gene 14_rbs	0.000000	0.000000	0.000000
105.002560	__gene 15_rbs	0.000000	0.000000	0.000000
105.002560	__gene 16_rbs	0.000000	0.000000	0.000000
105.002560	__gene 17.5_rbs	0.000000	0.000000	0.000000
105.002560	__gene 17_rbs	0.000000	0.000000	0.000000
105.002560	__gene 18.5_rbs	0.000000	0.000000	0.000000
105.002560	__gene 18.7_rbs	0.000000	0.000000	0.000000
105.002560	__gene 18_rbs	0.000000	0.000000	0.000000
105.002560	__gene 19.2_rbs	0.000000	0.000000	0.000000
105.002560	__gene 19.3_rbs	0.000000	0.000000	0.000000
105.002560	__gene 19.5_rbs	0.000000	0.000000	0.000000
105.002560	__gene 19_rbs	0.000000	0.000000	0.000000
105.002560	__gene 2.5_rbs	0.000000	0.000000	0.000000
105.002560	__gene 2.8_rbs	0.000000	0.000000	0.000000
105.002560	__gene 3.8_rbs	0.000000	0.000000	0.000000
105.002560	__gene 3_rbs	0.000000	0.000000	0.000000
105.002560	__gene 4.2_rbs	0.000000	0.000000	0.000000
105.002560	__gene 4.3_rbs	0.000000	0.000000	0.000000
105.002560	__gene 4.5_rbs	0.000000	0.000000	0.000000
105.002560	__gene 4.7_rbs	0.000000	0.000000	0.000000
105.002560	__gene 4A_rbs	0.000000	0.000000	0.000000
105.002560	__gene 5.3_rbs	0.000000	0.000000	0.000000
105.002560	__gene 5.5_rbs	0.000000	0.000000	0.000000
105.002560	__gene 5.7_rbs	0.000000	0.000000	0.000000
105.002560	__gene 5.9_rbs	0.000000	0.000000	0.000000
105.002560	__gene 5_rbs	0.000000	0.000000	0.000000
105.002560	__gene 6.3_rbs	0.000000	0.000000	0.000000
105.002560	__gene 6.5_rbs	0.000000	0.000000	0.000000
105.002560	__gene 6.7_rbs	0.000000	0.000000	0.000000
105.002560	__gene 6_rbs	0.000000	0.000000	0.000000
105.002560	__gene 7.3_rbs	0.000000	0.000000	0.000000
105.002560	__gene 7.7_rbs	0.000000	0.000000	0.000000
105.002560	__gene 7_rbs	0.000000	0.000000	0.000000
105.002560	__gene 8_rbs	0.000000	0.000000	0.000000
105.002560	__gene 9_rbs	0.000000	0.000000	0.000000
105.002560	__gp-2_rbs	0.000000	0.000000	0.000000
105.002560	__lysozyme-3.5_rbs	0.000000	0.000000	0.000000
105.002560	__protein_kinase-0.7_rbs	0.000000	0.000000	0.000000
105.002560	__ribosome	35.000000	0.000000	0.000000
105.002560	__rnapol-1_rbs	0.000000	0.000000	0.000000
105.002560	bound_ecolipol	1724.000000	0.000000	0.000000
105.002560	bound_ecolipol_p	0.000000	0.000000	0.000000
105.002560	bound_ribosome	9965.000000	0.000000	0.000000
105.002560	degraded_transcript	711.000000	0.000000	0.000000
105.002560	ecoli_genome	76.000000	0.000000	0.000000
105.002560	ecoli_transcript	6690.000000	0.000000	0.000000
105.002560	ecolipol	76.000000	0.000000	0.000000
105.002560	ecolipol-2	0.000000	0.000000	0.000000
105.002560	ecolipol-2-p	0.000000	0.000000	0.000000
105.002560	ecolipol-p	0.000000	0.000000	0.000000
105.002560	gp-2	0.000000	0.000000	0.000000
105.002560	lysozyme-3.5	0.000000	0.000000	0.000000
105.002560	nonpref_charged	15000.000000	0.000000	0.000000
105.002560	nonpref_uncharged	0.000000	0.000000	0.000000
105.002560	pref_charged	35000.000000	0.000000	0.000000
105.002560	pref_uncharged	0.000000	0.000000	0.000000
105.002560	protein_kinase-0.7	0.000000	0.000000	0.000000
105.002560	rnapol-1	0.000000	0.000000	0.000000
105.002560	rnapol-3.5	0.000000	0.000000	0.000000
109.999277	E. coli B promoter	0.000000	0.000000	0.000000
109.999277	E. coli C promoter	0.000000	0.000000	0.000000
109.999277	E. coli promoter A1	1.000000	0.000000	0.000000
109.999277	E. coli promoter A2	0.000000	0.000000	0.000000
109.999277	E. coli promoter A3	0.000000	0.000000	0.000000
109.999277	T7 promoter phi1.1A	0.000000	0.000000	0.000000
109.999277	T7 promoter phi1.1B	0.000000	0.000000	0.000000
109.999277	T7 promoter phi1.3	0.000000	0.000000	0.000000
109.999277	T7 promoter phi1.5	0.000000	0.000000	0.000000
109.999277	T7 promoter phi1.6	0.000000	0.000000	0.000000
109.999277	T7 promoter phi10	0.000000	0.000000	0.000000
109.999277	T7 promoter phi13	0.000000	0.000000	0.000000
109.999277	T7 promoter phi17	0.000000	0.000000	0.000000
109.999277	T7 promoter phi2.5	0.000000	0.000000	0.000000
109.999277	T7 promoter phi3.8	0.000000	0.000000	0.000000
109.999277	T7 promoter phi4.3	0.000000	0.000000	0.000000
109.999277	T7 promoter phi4.7	0.000000	0.000000	0.000000
109.999277	T7 promoter phi4c	0.000000	0.000000	0.000000
109.999277	T7 promoter phi6.5	0.000000	0.000000	0.000000
109.999277	T7 promoter phi9	0.000000	0.000000	0.000000
109.999277	__gene 0.3_rbs	0.000000	0.000000	0.000000
109.999277	__gene 1.1_rbs	0.000000	0.000000	0.000000
109.999277	__gene 1.2_rbs	0.000000	0.000000	0.000000
109.999277	__gene 1.3_rbs	0.000000	0.000000	0.000000
109.999277	__gene 1.4_rbs	0.000000	0.000000	0.000000
109.999277	__gene 1.7_rbs	0.000000	0.000000	0.000000
109.999277	__gene 1.8_rbs	0.000000	0.000000	0.000000
109.999277	__gene 10A_rbs	0.000000	0.000000	0.000000
109.999277	__gene 11_rbs	0.000000	0.000000	0.000000
109.999277	__gene 12_rbs	0.000000	0.000000	0.000000
109.999277	__gene 13_rbs	0.000000	0.000000	0.000000
109.999277	__gene 14_rbs	0.000000	0.000000	0.000000
109.999277	__gene 15_rbs	0.000000	0.000000	0.000000
109.999277	__gene 16_rbs	0.000000	0.000000	0.000000
109.999277	__gene 17.5_rbs	0.000000	0.000000	0.000000
109.999277	__gene 17_rbs	0.000000	0.000000	0.000000
109.999277	__gene 18.5_rbs	0.000000	0.000000	0.000000
109.999277	__gene 18.7_rbs	0.000000	0.000000	0.000000
109.999277	__gene 18_rbs	0.000000	0.000000	0.000000
109.999277	__gene 19.2_rbs	0.000000	0.000000	0.000000
109.999277	__gene 19.3_rbs	0.000000	0.000000	0.000000
109.999277	__gene 19.5_rbs	0.000000	0.000000	0.000000
109.999277	__gene 19_rbs	0.000000	0.000000	0.000000
109.999277	__gene 2.5_rbs	0.000000	0.000000	0.000000
109.999277	__gene 2.8_rbs	0.000000	0.000000	0.000000
109.999277	__gene 3.8_rbs	0.000000	0.000000	0.000000
109.999277	__gene 3_rbs	0.000000	0.000000	0.000000
109.999277	__gene 4.2_rbs	0.000000	0.000000	0.000000
109.999277	__gene 4.3_rbs	0.000000	0.000000	0.000000
109.999277	__gene 4.5_rbs	0.000000	0.000000	0.000000
109.999277	__gene 4.7_rbs	0.000000	0.000000	0.000000
109.999277	__gene 4A_rbs	0.000000	0.000000	0.000000
109.999277	__gene 5.3_rbs	0.000000	0.000000	0.000000
109.999277	__gene 5.5_rbs	0.000000	0.000000	0.000000
109.999277	__gene 5.7_rbs	0.000000	0.000000	0.000000
109.999277	__gene 5.9_rbs	0.000000	0.000000	0.000000
109.999277	__gene 5_rbs	0.000000	0.000000	0.000000
109.999277	__gene 6.3_rbs	0.000000	0.000000	0.000000
109.999277	__gene 6.5_rbs	0.000000	0.000000	0.000000
109.999277	__gene 6.7_rbs	0.000000	0.000000	0.000000
109.999277	__gene 6_rbs	0.000000	0.000000	0.000000
109.999277	__gene 7.3_rbs	0.000000	0.000000	0.000000
109.999277	__gene 7.7_rbs	0.000000	0.000000	0.000000
109.999277	__gene 7_rbs	0.000000	0.000000	0.000000
109.999277	__gene 8_rbs	0.000000	0.000000	0.000000
109.999277	__gene 9_rbs	0.000000	0.000000	0.000000
109.999277	__gp-2_rbs	0.000000	0.000000	0.000000
109.999277	__lysozyme-3.5_rbs	0.000000	0.000000	0.000000
109.999277	__protein_kinase-0.7_rbs	0.000000	0.000000	0.000000
109.999277	__ribosome	43.000000	0.000000	0.000000
109.999277	__rnapol-1_rbs	0.000000	0.000000	0.000000
109.999277	bound_ecolipol	1729.000000	0.000000	0.000000
109.999277	bound_ecolipol_p	0.000000	0.000000	0.000000
109.999277	bound_ribosome	9957.000000	0.000000	0.000000
109.999277	degraded_transcript	774.000000	0.000000	0.000000
109.999277	ecoli_genome	71.000000	0.000000	0.000000
109.999277	ecoli_transcript	6995.000000	0.000000	0.000000
109.999277	ecolipol	71.000000	0.000000	0.000000
109.999277	ecolipol-2	0.000000	0.000000	0.000000
109.999277	ecolipol-2-p	0.000000	0.000000	0.000000
109.999277	ecolipol-p	0.000000	0.000000	0.000000
109.999277	gp-2	0.000000	0.000000	0.000000
109.999277	lysozyme-3.5	0.000000	0.000000	0.000000
109.999277	nonpref_charged	15000.000000	0.000000	0.000000
109.999277	nonpref_uncharged	0.000000	0.000000	0.000000
109.999277	pref_charged	35000.000000	0.000000	0.000000
109.999277	pref_uncharged	0.000000	0.000000	0.000000
109.999277	protein_kinase-0.7	0.000000	0.000000	0.000000
109.999277	rnapol-1	0.000000	0.000000	0.000000
109.999277	rnapol-3.5	0.000000	0.000000	0.000000
115.004003	E. coli B promoter	0.000000	0.000000	0.000000
115.004003	E. coli C promoter	0.000000	0.000000	0.000000
115.004003	E. coli promoter A1	1.000000	0.000000	0.000000
115.004003	E. coli promoter A2	0.000000	0.000000	0.000000
115.004003	E. coli promoter A3	0.000000	0.000000	0.000000
115.004003	T7 promoter phi1.1A	0.000000	0.000000	0.000000
115.004003	T7 promoter phi1.1B	0.000000	0.000000	0.000000
115.004003	T7 promoter phi1.3	0.000000	0.000000	0.000000
115.004003	T7 promoter phi1.5	0.000000	0.000000	0.000000
115.004003	T7 promoter phi1.6	0.000000	0.000000	0.000000
115.004003	T7 promoter phi10	0.000000	0.000000	0.000000
115.004003	T7 promoter phi13	0.000000	0.000000	0.000000
115.004003	T7 promoter phi17	0.000000	0.000000	0.000000
115.004003	T7 promoter phi2.5	0.000000	0.000000	0.000000
115.004003	T7 promoter phi3.8	0.000000	0.000000	0.000000
115.004003	T7 promoter phi4.3	0.000000	0.000000	0.000000
115.004003	T7 promoter phi4.7	0.000000	0.000000	0.000000
115.004003	T7 promoter phi4c	0.000000	0.000000	0.000000
115.004003	T7 promoter phi6.5	0.000000	0.000000	0.000000
115.004003	T7 promoter phi9	0.000000	0.000000	0.000000
115.004003	__gene 0.3_rbs	0.000000	0.000000	0.000000
115.004003	__gene 1.1_rbs	0.000000	0.000000	0.000000
115.004003	__gene 1.2_rbs	0.000000	0.000000	0.000000
115.004003	__gene 1.3_rbs	0.000000	0.000000	0.000000
115.004003	__gene 1.4_rbs	0.000000	0.000000	0.000000
115.004003	__gene 1.7_rbs	0.000000	0.000000	0.000000
115.004003	__gene 1.8_rbs	0.000000	0.000000	0.000000
115.004003	__gene 10A_rbs	0.000000	0.000000	0.000000
115.004003	__gene 11_rbs	0.000000	0.000000	0.000000
115.004003	__gene 12_rbs	0.000000	0.000000	0.000000
115.004003	__gene 13_rbs	0.000000	0.000000	0.000000
115.004003	__gene 14_rbs	0.000000	0.000000	0.000000
115.004003	__gene 15_rbs	0.000000	0.000000	0.000000
115.004003	__gene 16_rbs	0.000000	0.000000	0.000000
115.004003	__gene 17.5_rbs	0.000000	0.000000	0.000000
115.004003	__gene 17_rbs	0.000000	0.000000	0.000000
115.004003	__gene 18.5_rbs	0.000000	0.000000	0.000000
115.004003	__gene 18.7_rbs	0.000000	0.000000	0.000000
115.004003	__gene 18_rbs	0.000000	0.000000	0.000000
115.004003	__gene 19.2_rbs	0.000000	0.000000	0.000000
115.004003	__gene 19.3_rbs	0.000000	0.000000	0.000000
115.004003	__gene 19.5_rbs	0.000000	0.000000	0.000000
115.004003	__gene 19_rbs	0.000000	0.000000	0.000000
115.004003	__gene 2.5_rbs	0.000000	0.000000	0.000000
115.004003	__gene 2.8_rbs	0.000000	0.000000	0.000000
115.004003	__gene 3.8_rbs	0.000000	0.000000	0.000000
115.004003	__gene 3_rbs	0.000000	0.000000	0.000000
115.004003	__gene 4.2_rbs	0.000000	0.000000	0.000000
115.004003	__gene 4.3_rbs	0.000000	0.000000	0.000000
115.004003	__gene 4.5_rbs	0.000000	0.000000	0.000000
115.004003	__gene 4.7_rbs	0.000000	0.000000	0.000000
115.004003	__gene 4A_rbs	0.000000	0.000000	0.000000
115.004003	__gene 5.3_rbs	0.000000	0.000000	0.000000
115.004003	__gene 5.5_rbs	0.000000	0.000000	0.000000
115.004003	__gene 5.7_rbs	0.000000	0.000000	0.000000
115.004003	__gene 5.9_rbs	0.000000	0.000000	0.000000
115.004003	__gene 5_rbs	0.000000	0.000000	0.000000
115.004003	__gene 6.3_rbs	0.000000	0.000000	0.000000
115.004003	__gene 6.5_rbs	0.000000	0.000000	0.000000
115.004003	__gene 6.7_rbs	0.000000	0.000000	0.000000
115.004003	__gene 6_rbs	0.000000	0.000000	0.000000
115.004003	__gene 7.3_rbs	0.000000	0.000000	0.000000
115.004003	__gene 7.7_rbs	0.000000	0.000000	0.000000
115.004003	__gene 7_rbs	0.000000	0.000000	0.000000
115.004003	__gene 8_rbs	0.000000	0.000000	0.000000
115.004003	__gene 9_rbs	0.000000	0.000000	0.000000
115.004003	__gp-2_rbs	0.000000	0.000000	0.000000
115.004003	__lysozyme-3.5_rbs	0.000000	0.000000	0.000000
115.004003	__protein_kinase-0.7_rbs	0.000000	0.000000	0.000000
115.004003	__ribosome	31.000000	0.000000	0.000000
115.004003	__rnapol-1_rbs	0.000000	0.000000	0.000000
115.004003	bound_ecolipol	1740.000000	0.000000	0.000000
115.004003	bound_ecolipol_p	0.000000	0.000000	0.000000
115.004003	bound_ribosome	9969.000000	0.000000	0.000000
115.004003	degraded_transcript	856.000000	0.000000	0.000000
115.004003	ecoli_genome	60.000000	0.000000	0.000000
115.004003	ecoli_transcript	7231.000000	0.000000	0.000000
115.004003	ecolipol	60.000000	0.000000	0.000000
115.004003	ecolipol-2	0.000000	0.000000	0.000000
115.004003	ecolipol-2-p	0.000000	0.000000	0.000000
115.004003	ecolipol-p	0.000000	0.000000	0.000000
115.004003	gp-2	0.000000	0.000000	0.000000
115.004003	lysozyme-3.5	0.000000	0.000000	0.000000
115.004003	nonpref_charged	15000.000000	0.000000	0.000000
115.004003	nonpref_uncharged	0.000000	0.000000	0.000000
115.004003	pref_charged	35000.000000	0.000000	0.000000
115.004003	pref_uncharged	0.000000	0.000000	0.000000
115.004003	protein_kinase-0.7	0.000000	0.000000	0.000000
115.004003	rnapol-1	0.000000	0.000000	0.000000
115.004003	rnapol-3.5	0.000000	0.000000	0.000000
119.999753	E. coli B promoter	0.000000	0.000000	0.000000
119.999753	E. coli C promoter	0.000000	0.000000	0.000000
119.999753	E. coli promoter A1	1.000000	0.000000	0.000000
119.999753	E. coli promoter A2	0.000000	0.000000	0.000000
119.999753	E. coli promoter A3	0.000000	0.000000	0.000000
119.999753	T7 promoter phi1.1A	0.000000	0.000000	0.000000
119.999753	T7 promoter phi1.1B	0.000000	0.000000	0.000000
119.999753	T7 promoter phi1.3	0.000000	0.000000	0.000000
119.999753	T7 promoter phi1.5	0.000000	0.000000	0.000000
119.999753	T7 promoter phi1.6	0.000000	0.000000	0.000000
119.999753	T7 promoter phi10	0.000000	0.000000	0.000000
119.999753	T7 promoter phi13	0.000000	0.000000	0.000000
119.999753	T7 promoter phi17	0.000000	0.000000	0.000000
119.999753	T7 promoter phi2.5	0.000000	0.000000	0.000000
119.999753	T7 promoter phi3.8	0.000000	0.000000	0.000000
119.999753	T7 promoter phi4.3	0.000000	0.000000	0.000000
119.999753	T7 promoter phi4.7	0.000000	0.000000	0.000000
119.999753	T7 promoter phi4c	0.000000	0.000000	0.000000
119.999753	T7 promoter phi6.5	0.000000	0.000000	0.000000
119.999753	T7 promoter phi9	0.000000	0.000000	0.000000
119.999753	__gene 0.3_rbs	0.000000	0.000000	0.000000
119.999753	__gene 1.1_rbs	0.000000	0.000000	0.000000
119.999753	__gene 1.2_rbs	0.000000	0.000000	0.000000
119.999753	__gene 1.3_rbs	0.000000	0.000000	0.000000
119.999753	__gene 1.4_rbs	0.000000	0.000000	0.000000
119.999753	__gene 1.7_rbs	0.000000	0.000000	0.000000
119.999753	__gene 1.8_rbs	0.000000	0.000000	0.000000
119.999753	__gene 10A_rbs	0.000000	0.000000	0.000000
119.999753	__gene 11_rbs	0.000000	0.000000	0.000000
119.999753	__gene 12_rbs	0.000000	0.000000	0.000000
119.999753	__gene 13_rbs	0.000000	0.000000	0.000000
119.999753	__gene 14_rbs	0.000000	0.000000	0.000000
119.999753	__gene 15_rbs	0.000000	0.000000	0.000000
119.999753	__gene 16_rbs	0.000000	0.000000	0.000000
119.999753	__gene 17.5_rbs	0.000000	0.000000	0.000000
119.999753	__gene 17_rbs	0.000000	0.000000	0.000000
119.999753	__gene 18.5_rbs	0.000000	0.000000	0.000000
119.999753	__gene 18.7_rbs	0.000000	0.000000	0.000000
119.999753	__gene 18_rbs	0.000000	0.000000	0.000000
119.999753	__gene 19.2_rbs	0.000000	0.000000	0.000000
119.999753	__gene 19.3_rbs	0.000000	0.000000	0.000000
119.999753	__gene 19.5_rbs	0.000000	0.000000	0.000000
119.999753	__gene 19_rbs	0.000000	0.000000	0.000000
119.999753	__gene 2.5_rbs	0.000000	0.000000	0.000000
119.999753	__gene 2.8_rbs	0.000000	0.000000	0.000000
119.999753	__gene 3.8_rbs	0.000000	0.000000	0.000000
119.999753	__gene 3_rbs	0.000000	0.000000	0.000000
119.999753	__gene 4.2_rbs	0.000000	0.000000	0.000000
119.999753	__gene 4.3_rbs	0.000000	0.000000	0.000000
119.999753	__gene 4.5_rbs	0.000000	0.000000	0.000000
119.999753	__gene 4.7_rbs	0.000000	0.000000	0.000000
119.999753	__gene 4A_rbs	0.000000	0.000000	0.000000
119.999753	__gene 5.3_rbs	0.000000	0.000000	0.000000
119.999753	__gene 5.5_rbs	0.000000	0.000000	0.000000
119.999753	__gene 5.7_rbs	0.000000	0.000000	0.000000
119.999753	__gene 5.9_rbs	0.000000	0.000000	0.000000
119.999753	__gene 5_rbs	0.000000	0.000000	0.000000
119.999753	__gene 6.3_rbs	0.000000	0.000000	0.000000
119.999753	__gene 6.5_rbs	0.000000	0.000000	0.000000
119.999753	__gene 6.7_rbs	0.000000	0.000000	0.000000
119.999753	__gene 6_rbs	0.000000	0.000000	0.000000
119.999753	__gene 7.3_rbs	0.000000	0.000000	0.000000
119.999753	__gene 7.7_rbs	0.000000	0.000000	0.000000
119.999753	__gene 7_rbs	0.000000	0.000000	0.000000
119.999753	__gene 8_rbs	0.000000	0.000000	0.000000
119.999753	__gene 9_rbs	0.000000	0.000000	0.000000
119.999753	__gp-2_rbs	0.000000	0.000000	0.000000
119.999753	__lysozyme-3.5_rbs	0.000000	0.000000	0.000000
119.999753	__protein_kinase-0.7_rbs	0.000000	0.000000	0.000000
119.999753	__ribosome	36.000000	0.000000	0.000000
119.999753	__rnapol-1_rbs	0.000000	0.000000	0.000000
119.999753	bound_ecolipol	1733.000000	0.000000	0.000000
119.999753	bound_ecolipol_p	0.000000	0.000000	0.000000
119.999753	bound_ribosome	9964.000000	0.000000	0.000000
119.999753	degraded_transcript	939.000000	0.000000	0.000000
119.999753	ecoli_genome	67.000000	0.000000	0.000000
119.999753	ecoli_transcript	7500.000000	0.000000	0.000000
119.999753	ecolipol	67.000000	0.000000	0.000000
119.999753	ecolipol-2	0.000000	0.000000	0.000000
119.999753	ecolipol-2-p	0.000000	0.000000	0.000000
119.999753	ecolipol-p	0.000000	0.000000	0.000000
119.999753	gp-2	0.000000	0.000000	0.000000
119.999753	lysozyme-3.5	0.000000	0.000000	0.000000
119.999753	nonpref_charged	15000.000000	0.000000	0.000000
119.999753	nonpref_uncharged	0.000000	0.000000	0.000000
119.999753	pref_charged	35000.000000	0.000000	0.000000
119.999753	pref_uncharged	0.000000	0.000000	0.000000
119.999753	protein_kinase-0.7	0.000000	0.000000	0.000000
119.999753	rnapol-1	0.000000	0.000000	0.000000
119.999753	rnapol-3.5	0.000000	0.000000	0.000000
124.999839	E. coli B promoter	0.000000	0.000000	0.000000
124.999839	E. coli C promoter	0.000000	0.000000	0.000000
124.999839	E. coli promoter A1	1.000000	0.000000	0.000000
124.999839	E. coli promoter A2	0.000000	0.000000	0.000000
124.999839	E. coli promoter A3	0.000000	0.000000	0.000000
124.999839	T7 promoter phi1.1A	0.000000	0.000000	0.000000
124.999839	T7 promoter phi1.1B	0.000000	0.000000	0.000000
124.999839	T7 promoter phi1.3	0.000000	0.000000	0.000000
124.999839	T7 promoter phi1.5	0.000000	0.000000	0.000000
124.999839	T7 promoter phi1.6	0.000000	0.000000	0.000000
124.999839	T7 promoter phi10	0.000000	0.000000	0.000000
124.999839	T7 promoter phi13	0.000000	0.000000	0.000000
124.999839	T7 promoter phi17	0.000000	0.000000	0.000000
124.999839	T7 promoter phi2.5	0.000000	0.000000	0.000000
124.999839	T7 promoter phi3.8	0.000000	0.000000	0.000000
124.999839	T7 promoter phi4.3	0.000000	0.000000	0.000000
124.999839	T7 promoter phi4.7	0.000000	0.000000	0.000000
124.999839	T7 promoter phi4c	0.000000	0.000000	0.000000
124.999839	T7 promoter phi6.5	0.000000	0.000000	0.000000
124.999839	T7 promoter phi9	0.000000	0.000000	0.000000
124.999839	__gene 0.3_rbs	0.000000	0.000000	0.000000
124.999839	__gene 1.1_rbs	0.000000	0.000000	0.000000
124.999839	__gene 1.2_rbs	0.000000	0.000000	0.000000
124.999839	__gene 1.3_rbs	0.000000	0.000000	0.000000
124.999839	__gene 1.4_rbs	0.000000	0.000000	0.000000
124.999839	__gene 1.7_rbs	0.000000	0.000000	0.000000
124.999839	__gene 1.8_rbs	0.000000	0.000000	0.000000
124.999839	__gene 10A_rbs	0.000000	0.000000	0.000000
124.999839	__gene 11_rbs	0.000000	0.000000	0.000000
124.999839	__gene 12_rbs	0.000000	0.000000	0.000000
124.999839	__gene 13_rbs	0.000000	0.000000	0.000000
124.999839	__gene 14_rbs	0.000000	0.000000	0.000000
124.999839	__gene 15_rbs	0.000000	0.000000	0.000000
124.999839	__gene 16_rbs	0.000000	0.000000	0.000000
124.999839	__gene 17.5_rbs	0.000000	0.000000	0.000000
124.999839	__gene 17_rbs	0.000000	0.000000	0.000000
124.999839	__gene 18.5_rbs	0.000000	0.000000	0.000000
124.999839	__gene 18.7_rbs	0.000000	0.000000	0.000000
124.999839	__gene 18_rbs	0.000000	0.000000	0.000000
124.999839	__gene 19.2_rbs	0.000000	0.000000	0.000000
124.999839	__gene 19.3_rbs	0.000000	0.000000	0.000000
124.999839	__gene 19.5_rbs	0.000000	0.000000	0.000000
124.999839	__gene 19_rbs	0.000000	0.000000	0.000000
124.999839	__gene 2.5_rbs	0.000000	0.000000	0.000000
124.999839	__gene 2.8_rbs	0.000000	0.000000	0.000000
124.999839	__gene 3.8_rbs	0.000000	0.000000	0.000000
124.999839	__gene 3_rbs	0.000000	0.000000	0.000000
124.999839	__gene 4.2_rbs	0.000000	0.000000	0.000000
124.999839	__gene 4.3_rbs	0.000000	0.000000	0.000000
124.999839	__gene 4.5_rbs	0.000000	0.000000	0.000000
124.999839	__gene 4.7_rbs	0.000000	0.000000	0.000000
124.999839	__gene 4A_rbs	0.000000	0.000000	0.000000
124.999839	__gene 5.3_rbs	0.000000	0.000000	0.000000
124.999839	__gene 5.5_rbs	0.000000	0.000000	0.000000
124.999839	__gene 5.7_rbs	0.000000	0.000000	0.000000
124.999839	__gene 5.9_rbs	0.000000	0.000000	0.000000
124.999839	__gene 5_rbs	0.000000	0.000000	0.000000
124.999839	__gene 6.3_rbs	0.000000	0.000000	0.000000
124.999839	__gene 6.5_rbs	0.000000	0.000000	0.000000
124.999839	__gene 6.7_rbs	0.000000	0.000000	0.000000
124.999839	__gene 6_rbs	0.000000	0.000000	0.000000
124.999839	__gene 7.3_rbs	0.000000	0.000000	0.000000
124.999839	__gene 7.7_rbs	0.000000	0.000000	0.000000
124.999839	__gene 7_rbs	0.000000	0.000000	0.000000
124.999839	__gene 8_rbs	0.000000	0.000000	0.000000
124.999839	__gene 9_rbs	0.000000	0.000000	0.000000
124.999839	__gp-2_rbs	0.000000	0.000000	0.000000
124.999839	__lysozyme-3.5_rbs	0.000000	0.000000	0.000000
124.999839	__protein_kinase-0.7_rbs	0.000000	0.000000	0.000000
124.999839	__ribosome	28.000000	0.000000	0.000000
124.999839	__rnapol-1_rbs	0.000000	0.000000	0.000000
124.999839	bound_ecolipol	1726.000000	0.000000	0.000000
124.999839	bound_ecolipol_p	0.000000	0.000000	0.000000
124.999839	bound_ribosome	9972.000000	0.000000	0.000000
124.999839	degraded_transcript	1028.000000	0.000000	0.000000
124.999839	ecoli_genome	74.000000	0.000000	0.000000
124.999839	ecoli_transcript	7745.000000	0.000000	0.000000
124.999839	ecolipol	74.000000	0.000000	0.000000
124.999839	ecolipol-2	0.000000	0.000000	0.000000
124.999839	ecolipol-2-p	0.000000	0.000000	0.000000
124.999839	ecolipol-p	0.000000	0.000000	0.000000
124.999839	gp-2	0.000000	0.000000	0.000000
124.999839	lysozyme-3.5	0.000000	0.000000	0.000000
124.999839	nonpref_charged	15000.000000	0.000000	0.000000
124.999839	nonpref_uncharged	0.000000	0.000000	0.000000
124.999839	pref_charged	35000.000000	0.000000	0.000000
124.999839	pref_uncharged	0.000000	0.000000	0.000000
124.999839	protein_kinase-0.7	0.000000	0.000000	0.000000
124.999839	rnapol-1	0.000000	0.000000	0.000000
124.999839	rnapol-3.5	0.000000	0.000000	0.000000
129.999777	E. coli B promoter	0.000000	0.000000	0.000000
129.999777	E. coli C promoter	0.000000	0.000000	0.000000
129.999777	E. coli promoter A1	1.000000	0.000000	0.000000
129.999777	E. coli promoter A2	0.000000	0.000000	0.000000
129.999777	E. coli promoter A3	0.000000	0.000000	0.000000
129.999777	T7 promoter phi1.1A	0.000000	0.000000	0.000000
129.999777	T7 promoter phi1.1B	0.000000	0.000000	0.000000
129.999777	T7 promoter phi1.3	0.000000	0.000000	0.000000
129.999777	T7 promoter phi1.5	0.000000	0.000000	0.000000
129.999777	T7 promoter phi1.6	0.000000	0.000000	0.000000
129.999777	T7 promoter phi10	0.000000	0.000000	0.000000
129.999777	T7 promoter phi13	0.000000	0.000000	0.000000
129.999777	T7 promoter phi17	0.000000	0.000000	0.000000
129.999777	T7 promoter phi2.5	0.000000	0.000000	0.000000
129.999777	T7 promoter phi3.8	0.000000	0.000000	0.000000
129.999777	T7 promoter phi4.3	0.000000	0.000000	0.000000
129.999777	T7 promoter phi4.7	0.000000	0.000000	0.000000
129.999777	T7 promoter phi4c	0.000000	0.000000	0.000000
129.999777	T7 promoter phi6.5	0.000000	0.000000	0.000000
129.999777	T7 promoter phi9	0.000000	0.000000	0.000000
129.999777	__gene 0.3_rbs	0.000000	0.000000	0.000000
129.999777	__gene 1.1_rbs	0.000000	0.000000	0.000000
129.999777	__gene 1.2_rbs	0.000000	0.000000	0.000000
129.999777	__gene 1.3_rbs	0.000000	0.000000	0.000000
129.999777	__gene 1.4_rbs	0.000000	0.000000	0.000000
129.999777	__gene 1.7_rbs	0.000000	0.000000	0.000000
129.999777	__gene 1.8_rbs	0.000000	0.000000	0.000000
129.999777	__gene 10A_rbs	0.000000	0.000000	0.000000
129.999777	__gene 11_rbs	0.000000	0.000000	0.000000
129.999777	__gene 12_rbs	0.000000	0.000000	0.000000
129.999777	__gene 13_rbs	0.000000	0.000000	0.000000
129.999777	__gene 14_rbs	0.000000	0.000000	0.000000
129.999777	__gene 15_rbs	0.000000	0.000000	0.000000
129.999777	__gene 16_rbs	0.000000	0.000000	0.000000
129.999777	__gene 17.5_rbs	0.000000	0.000000	0.000000
129.999777	__gene 17_rbs	0.000000	0.000000	0.000000
129.999777	__gene 18.5_rbs	0.000000	0.000000	0.000000
129.999777	__gene 18.7_rbs	0.000000	0.000000	0.000000
129.999777	__gene 18_rbs	0.000000	0.000000	0.000000
129.999777	__gene 19.2_rbs	0.000000	0.000000	0.000000
129.999777	__gene 19.3_rbs	0.000000	0.000000	0.000000
129.999777	__gene 19.5_rbs	0.000000	0.000000	0.000000
129.999777	__gene 19_rbs	0.000000	0.000000	0.000000
129.999777	__gene 2.5_rbs	0.000000	0.000000	0.000000
129.999777	__gene 2.8_rbs	0.000000	0.000000	0.000000
129.999777	__gene 3.8_rbs	0.000000	0.000000	0.000000
129.999777	__gene 3_rbs	0.000000	0.000000	0.000000
129.999777	__gene 4.2_rbs	0.000000	0.000000	0.000000
129.999777	__gene 4.3_rbs	0.000000	0.000000	0.000000
129.999777	__gene 4.5_rbs	0.000000	0.000000	0.000000
129.999777	__gene 4.7_rbs	0.000000	0.000000	0.000000
129.999777	__gene 4A_rbs	0.000000	0.000000	0.000000
129.999777	__gene 5.3_rbs	0.000000	0.000000	0.000000
129.999777	__gene 5.5_rbs	0.000000	0.000000	0.000000
129.999777	__gene 5.7_rbs	0.000000	0.000000	0.000000
129.999777	__gene 5.9_rbs	0.000000	0.000000	0.000000
129.999777	__gene 5_rbs	0.000000	0.000000	0.000000
129.999777	__gene 6.3_rbs	0.000000	0.000000	0.000000
129.999777	__gene 6.5_rbs	0.000000	0.000000	0.000000
129.999777	__gene 6.7_rbs	0.000000	0.000000	0.000000
129.999777	__gene 6_rbs	0.000000	0.000000	0.000000
129.999777	__gene 7.3_rbs	0.000000	0.000000	0.000000
129.999777	__gene 7.7_rbs	0.000000	0.000000	0.000000
129.999777	__gene 7_rbs	0.000000	0.000000	0.000000
129.999777	__gene 8_rbs	0.000000	0.000000	0.000000
129.999777	__gene 9_rbs	0.000000	0.000000	0.000000
129.999777	__gp-2_rbs	0.000000	0.000000	0.000000
129.999777	__lysozyme-3.5_rbs	0.000000	0.000000	0.000000
129.999777	__protein_kinase-0.7_rbs	0.000000	0.000000	0.000000
129.999777	__ribosome	32.000000	0.000000	0.000000
129.999777	__rnapol-1_rbs	0.000000	0.000000	0.000000
129.999777	bound_ecolipol	1737.000000	0.000000	0.000000
129.999777	bound_ecolipol_p	0.000000	0.000000	0.000000
129.999777	bound_ribosome	9968.000000	0.000000	0.000000
129.999777	degraded_transcript	1094.000000	0.000000	0.000000
129.999777	ecoli_genome	63.000000	0.000000	0.000000
129.999777	ecoli_transcript	8012.000000	0.000000	0.000000
129.999777	ecolipol	63.000000	0.000000	0.000000
129.999777	ecolipol-2	0.000000	0.000000	0.000000
129.999777	ecolipol-2-p	0.000000	0.000000	0.000000
129.999777	ecolipol-p	0.000000	0.000000	0.000000
129.999777	gp-2	0.000000	0.000000	0.000000
129.999777	lysozyme-3.5	0.000000	0.000000	0.000000
129.999777	nonpref_charged	15000.000000	0.000000	0.000000
129.999777	nonpref_uncharged	0.000000	0.000000	0.000000
129.999777	pref_charged	35000.000000	0.000000	0.000000
129.999777	pref_uncharged	0.000000	0.000000	0.000000
129.999777	protein_kinase-0.7	0.000000	0.000000	0.000000
129.999777	rnapol-1	0.000000	0.000000	0.000000
129.999777	rnapol-3.5	0.000000	0.000000	0.000000
135.005141	E. coli B promoter	0.000000	0.000000	0.000000
135.005141	E. coli C promoter	0.000000	0.000000	0.000000
135.005141	E. coli promoter A1	1.000000	0.000000	0.000000
135.005141	E. coli promoter A2	0.000000	0.000000	0.000000
135.005141	E. coli promoter A3	0.000000	0.000000	0.000000
135.005141	T7 promoter phi1.1A	0.000000	0.000000	0.000000
135.005141	T7 promoter phi1.1B	0.000000	0.000000	0.000000
135.005141	T7 promoter phi1.3	0.000000	0.000000	0.000000
135.005141	T7 promoter phi1.5	0.000000	0.000000	0.000000
135.005141	T7 promoter phi1.6	0.000000	0.000000	0.000000
135.005141	T7 promoter phi10	0.000000	0.000000	0.000000
135.005141	T7 promoter phi13	0.000000	0.000000	0.000000
135.005141	T7 promoter phi17	0.000000	0.000000	0.000000
135.005141	T7 promoter phi2.5	0.000000	0.000000	0.000000
135.005141	T7 promoter phi3.8	0.000000	0.000000	0.000000
135.005141	T7 promoter phi4.3	0.000000	0.000000	0.000000
135.005141	T7 promoter phi4.7	0.000000	0.000000	0.000000
135.005141	T7 promoter phi4c	0.000000	0.000000	0.000000
135.005141	T7 promoter phi6.5	0.000000	0.000000	0.000000
135.005141	T7 promoter phi9	0.000000	0.000000	0.000000
135.005141	__gene 0.3_rbs	0.000000	0.000000	0.000000
135.005141	__gene 1.1_rbs	0.000000	0.000000	0.000000
135.005141	__gene 1.2_rbs	0.000000	0.000000	0.000000
135.005141	__gene 1.3_rbs	0.000000	0.000000	0.000000
135.005141	__gene 1.4_rbs	0.000000	0.000000	0.000000
135.005141	__gene 1.7_rbs	0.000000	0.000000	0.000000
135.005141	__gene 1.8_rbs	0.000000	0.000000	0.000000
135.005141	__gene 10A_rbs	0.000000	0.000000	0.000000
135.005141	__gene 11_rbs	0.000000	0.000000	0.000000
135.005141	__gene 12_rbs	0.000000	0.000000	0.000000
135.005141	__gene 13_rbs	0.000000	0.000000	0.000000
135.005141	__gene 14_rbs	0.000000	0.000000	0.000000
135.005141	__gene 15_rbs	0.000000	0.000000	0.000000
135.005141	__gene 16_rbs	0.000000	0.000000	0.000000
135.005141	__gene 17.5_rbs	0.000000	0.000000	0.000000
135.005141	__gene 17_rbs	0.000000	0.000000	0.000000
135.005141	__gene 18.5_rbs	0.000000	0.000000	0.000000
135.005141	__gene 18.7_rbs	0.000000	0.000000	0.000000
135.005141	__gene 18_rbs	0.000000	0.000000	0.000000
135.005141	__gene 19.2_rbs	0.000000	0.000000	0.000000
135.005141	__gene 19.3_rbs	0.000000	0.000000	0.000000
135.005141	__gene 19.5_rbs	0.000000	0.000000	0.000000
135.005141	__gene 19_rbs	0.000000	0.000000	0.000000
135.005141	__gene 2.5_rbs	0.000000	0.000000	0.000000
135.005141	__gene 2.8_rbs	0.000000	0.000000	0.000000
135.005141	__gene 3.8_rbs	0.000000	0.000000	0.000000
135.005141	__gene 3_rbs	0.000000	0.000000	0.000000
135.005141	__gene 4.2_rbs	0.000000	0.000000	0.000000
135.005141	__gene 4.3_rbs	0.000000	0.000000	0.000000
135.005141	__gene 4.5_rbs	0.000000	0.000000	0.000000
135.005141	__gene 4.7_rbs	0.000000	0.000000	0.000000
135.005141	__gene 4A_rbs	0.000000	0.000000	0.000000
135.005141	__gene 5.3_rbs	0.000000	0.000000	0.000000
135.005141	__gene 5.5_rbs	0.000000	0.000000	0.000000
135.005141	__gene 5.7_rbs	0.000000	0.000000	0.000000
135.005141	__gene 5.9_rbs	0.000000	0.000000	0.000000
135.005141	__gene 5_rbs	0.000000	0.000000	0.000000
135.005141	__gene 6.3_rbs	0.000000	0.000000	0.000000
135.005141	__gene 6.5_rbs	0.000000	0.000000	0.000000
135.005141	__gene 6.7_rbs	0.000000	0.000000	0.000000
135.005141	__gene 6_rbs	0.000000	0.000000	0.000000
135.005141	__gene 7.3_rbs	0.000000	0.000000	0.000000
135.005141	__gene 7.7_rbs	0.000000	0.000000	0.000000
135.005141	__gene 7_rbs	0.000000	0.000000	0.000000
135.005141	__gene 8_rbs	0.000000	0.000000	0.000000
135.005141	__gene 9_rbs	0.000000	0.000000	0.000000
135.005141	__gp-2_rbs	0.000000	0.000000	0.000000
135.005141	__lysozyme-3.5_rbs	0.000000	0.000000	0.000000
135.005141	__protein_kinase-0.7_rbs	0.000000	0.000000	0.000000
135.005141	__ribosome	21.000000	0.000000	0.000000
135.005141	__rnapol-1_rbs	0.000000	0.000000	0.000000
135.005141	bound_ecolipol	1734.000000	0.000000	0.000000
135.005141	bound_ecolipol_p	0.000000	0.000000	0.000000
135.005141	bound_ribosome	9979.000000	0.000000	0.000000
135.005141	degraded_transcript	1166.000000	0.000000	0.000000
135.005141	ecoli_genome	66.000000	0.000000	0.000000
135.005141	ecoli_transcript	8273.000000	0.000000	0.000000
135.005141	ecolipol	66.000000	0.000000	0.000000
135.005141	ecolipol-2	0.000000	0.000000	0.000000
135.005141	ecolipol-2-p	0.000000	0.000000	0.000000
135.005141	ecolipol-p	0.000000	0.000000	0.000000
135.005141	gp-2	0.000000	0.000000	0.000000
135.005141	lysozyme-3.5	0.000000	0.000000	0.000000
135.005141	nonpref_charged	15000.000000	0.000000	0.000000
135.005141	nonpref_uncharged	0.000000	0.000000	0.000000
135.005141	pref_charged	35000.000000	0.000000	0.000000
135.005141	pref_uncharged	0.000000	0.000000	0.000000
135.005141	protein_kinase-0.7	0.000000	0.000000	0.000000
135.005141	rnapol-1	0.000000	0.000000	0.000000
135.005141	rnapol-3.5	0.000000	0.000000	0.000000
140.001049	E. coli B promoter	0.000000	0.000000	0.000000
140.001049	E. coli C promoter	0.000000	0.000000	0.000000
140.001049	E. coli promoter A1	1.000000	0.000000	0.000000
140.001049	E. coli promoter A2	0.000000	0.000000	0.000000
140.001049	E. coli promoter A3	0.000000	0.000000	0.000000
140.001049	T7 promoter phi1.1A	0.000000	0.000000	0.000000
140.001049	T7 promoter phi1.1B	0.000000	0.000000	0.000000
140.001049	T7 promoter phi1.3	0.000000	0.000000	0.000000
140.001049	T7 promoter phi1.5	0.000000	0.000000	0.000000
140.001049	T7 promoter phi1.6	0.000000	0.000000	0.000000
140.001049	T7 promoter phi10	0.000000	0.000000	0.000000
140.001049	T7 promoter phi13	0.000000	0.000000	0.000000
140.001049	T7 promoter phi17	0.000000	0.000000	0.000000
140.001049	T7 promoter phi2.5	0.000000	0.000000	0.000000
140.001049	T7 promoter phi3.8	0.000000	0.000000	0.000000
140.001049	T7 promoter phi4.3	0.000000	0.000000	0.000000
140.001049	T7 promoter phi4.7	0.000000	0.000000	0.000000
140.001049	T7 promoter phi4c	0.000000	0.000000	0.000000
140.001049	T7 promoter phi6.5	0.000000	0.000000	0.000000
140.001049	T7 promoter phi9	0.000000	0.000000	0.000000
140.001049	__gene 0.3_rbs	0.000000	0.000000	0.000000
140.001049	__gene 1.1_rbs	0.000000	0.000000	0.000000
140.001049	__gene 1.2_rbs	0.000000	0.000000	0.000000
140.001049	__gene 1.3_rbs	0.000000	0.000000	0.000000
140.001049	__gene 1.4_rbs	0.000000	0.000000	0.000000
140.001049	__gene 1.7_rbs	0.000000	0.000000	0.000000
140.001049	__gene 1.8_rbs	0.000000	0.000000	0.000000
140.001049	__gene 10A_rbs	0.000000	0.000000	0.000000
140.001049	__gene 11_rbs	0.000000	0.000000	0.000000
140.001049	__gene 12_rbs	0.000000	0.000000	0.000000
140.001049	__gene 13_rbs	0.000000	0.000000	0.000000
140.001049	__gene 14_rbs	0.000000	0.000000	0.000000
140.001049	__gene 15_rbs	0.000000	0.000000	0.000000
140.001049	__gene 16_rbs	0.000000	0.000000	0.000000
140.001049	__gene 17.5_rbs	0.000000	0.000000	0.000000
140.001049	__gene 17_rbs	0.000000	0.000000	0.000000
140.001049	__gene 18.5_rbs	0.000000	0.000000	0.000000
140.001049	__gene 18.7_rbs	0.000000	0.000000	0.000000
140.001049	__gene 18_rbs	0.000000	0.000000	0.000000
140.001049	__gene 19.2_rbs	0.000000	0.000000	0.000000
140.001049	__gene 19.3_rbs	0.000000	0.000000	0.000000
140.001049	__gene 19.5_rbs	0.000000	0.000000	0.000000
140.001049	__gene 19_rbs	0.000000	0.000000	0.000000
140.001049	__gene 2.5_rbs	0.000000	0.000000	0.000000
140.001049	__gene 2.8_rbs	0.000000	0.000000	0.000000
140.001049	__gene 3.8_rbs	0.000000	0.000000	0.000000
140.001049	__gene 3_rbs	0.000000	0.000000	0.000000
140.001049	__gene 4.2_rbs	0.000000	0.000000	0.000000
140.001049	__gene 4.3_rbs	0.000000	0.000000	0.000000
140.001049	__gene 4.5_rbs	0.000000	0.000000	0.000000
140.001049	__gene 4.7_rbs	0.000000	0.000000	0.000000
140.001049	__gene 4A_rbs	0.000000	0.000000	0.000000
140.001049	__gene 5.3_rbs	0.000000	0.000000	0.000000
140.001049	__gene 5.5_rbs	0.000000	0.000000	0.000000
140.001049	__gene 5.7_rbs	0.000000	0.000000	0.000000
140.001049	__gene 5.9_rbs	0.000000	0.000000	0.000000
140.001049	__gene 5_rbs	0.000000	0.000000	0.000000
140.001049	__gene 6.3_rbs	0.000000	0.000000	0.000000
140.001049	__gene 6.5_rbs	0.000000	0.000000	0.000000
140.001049	__gene 6.7_rbs	0.000000	0.000000	0.000000
140.001049	__gene 6_rbs	0.000000	0.000000	0.000000
140.001049	__gene 7.3_rbs	0.000000	0.000000	0.000000
140.001049	__gene 7.7_rbs	0.000000	0.000000	0.000000
140.001049	__gene 7_rbs	0.000000	0.000000	0.000000
140.001049	__gene 8_rbs	0.000000	0.000000	0.000000
140.001049	__gene 9_rbs	0.000000	0.000000	0.000000
140.001049	__gp-2_rbs	0.000000	0.000000	0.000000
140.001049	__lysozyme-3.5_rbs	0.000000	0.000000	0.000000
140.001049	__protein_kinase-0.7_rbs	0.000000	0.000000	0.000000
140.001049	__ribosome	26.000000	0.000000	0.000000
140.001049	__rnapol-1_rbs	0.000000	0.000000	0.000000
140.001049	bound_ecolipol	1732.000000	0.000000	0.000000
140.001049	bound_ecolipol_p	0.000000	0.000000	0.000000
140.001049	bound_ribosome	9974.000000	0.000000	0.000000
140.001049	degraded_transcript	1256.000000	0.000000	0.000000
140.001049	ecoli_genome	68.000000	0.000000	0.000000
140.001049	ecoli_transcript	8519.000000	0.000000	0.000000
140.001049	ecolipol	68.000000	0.000000	0.000000
140.001049	ecolipol-2	0.000000	0.000000	0.000000
140.001049	ecolipol-2-p	0.000000	0.000000	0.000000
140.001049	ecolipol-p	0.000000	0.000000	0.000000
140.001049	gp-2	0.000000	0.000000	0.000000
140.001049	lysozyme-3.5	0.000000	0.000000	0.000000
140.001049	nonpref_charged	15000.000000	0.000000	0.000000
140.001049	nonpref_uncharged	0.000000	0.000000	0.000000
140.001049	pref_charged	35000.000000	0.000000	0.000000
140.001049	pref_uncharged	0.000000	0.000000	0.000000
140.001049	protein_kinase-0.7	0.000000	0.000000	0.000000
140.001049	rnapol-1	0.000000	0.000000	0.000000
140.001049	rnapol-3.5	0.000000	0.000000	0.000000
144.999773	E. coli B promoter	0.000000	0.000000	0.000000
144.999773	E. coli C promoter	0.000000	0.000000	0.000000
144.999773	E. coli promoter A1	1.000000	0.000000	0.000000
144.999773	E. coli promoter A2	0.000000	0.000000	0.000000
144.999773	E. coli promoter A3	0.000000	0.000000	0.000000
144.999773	T7 promoter phi1.1A	0.000000	0.000000	0.000000
144.999773	T7 promoter phi1.1B	0.000000	0.000000	0.000000
144.999773	T7 promoter phi1.3	0.000000	0.000000	0.000000
144.999773	T7 promoter phi1.5	0.000000	0.000000	0.000000
144.999773	T7 promoter phi1.6	0.000000	0.000000	0.000000
144.999773	T7 promoter phi10	0.000000	0.000000	0.000000
144.999773	T7 promoter phi13	0.000000	0.000000	0.000000
144.999773	T7 promoter phi17	0.000000	0.000000	0.000000
144.999773	T7 promoter phi2.5	0.000000	0.000000	0.000000
144.999773	T7 promoter phi3.8	0.000000	0.000000	0.000000
144.999773	T7 promoter phi4.3	0.000000	0.000000	0.000000
144.999773	T7 promoter phi4.7	0.000000	0.000000	0.000000
144.999773	T7 promoter phi4c	0.000000	0.000000	0.000000
144.999773	T7 promoter phi6.5	0.000000	0.000000	0.000000
144.999773	T7 promoter phi9	0.000000	0.000000	0.000000
144.999773	__gene 0.3_rbs	0.000000	0.000000	0.000000
144.999773	__gene 1.1_rbs	0.000000	0.000000	0.000000
144.999773	__gene 1.2_rbs	0.000000	0.000000	0.000000
144.999773	__gene 1.3_rbs	0.000000	0.000000	0.000000
144.999773	__gene 1.4_rbs	0.000000	0.000000	0.000000
144.999773	__gene 1.7_rbs	0.000000	0.000000	0.000000
144.999773	__gene 1.8_rbs	0.000000	0.000000	0.000000
144.999773	__gene 10A_rbs	0.000000	0.000000	0.000000
144.999773	__gene 11_rbs	0.000000	0.000000	0.000000
144.999773	__gene 12_rbs	0.000000	0.000000	0.000000
144.999773	__gene 13_rbs	0.000000	0.000000	0.000000
144.999773	__gene 14_rbs	0.000000	0.000000	0.000000
144.999773	__gene 15_rbs	0.000000	0.000000	0.000000
144.999773	__gene 16_rbs	0.000000	0.000000	0.000000
144.999773	__gene 17.5_rbs	0.000000	0.000000	0.000000
144.999773	__gene 17_rbs	0.000000	0.000000	0.000000
144.999773	__gene 18.5_rbs	0.000000	0.000000	0.000000
144.999773	__gene 18.7_rbs	0.000000	0.000000	0.000000
144.999773	__gene 18_rbs	0.000000	0.000000	0.000000
144.999773	__gene 19.2_rbs	0.000000	0.000000	0.000000
144.999773	__gene 19.3_rbs	0.000000	0.000000	0.000000
144.999773	__gene 19.5_rbs	0.000000	0.000000	0.000000
144.999773	__gene 19_rbs	0.000000	0.000000	0.000000
144.999773	__gene 2.5_rbs	0.000000	0.000000	0.000000
144.999773	__gene 2.8_rbs	0.000000	0.000000	0.000000
144.999773	__gene 3.8_rbs	0.000000	0.000000	0.000000
144.999773	__gene 3_rbs	0.000000	0.000000	0.000000
144.999773	__gene 4.2_rbs	0.000000	0.000000	0.000000
144.999773	__gene 4.3_rbs	0.000000	0.000000	0.000000
144.999773	__gene 4.5_rbs	0.000000	0.000000	0.000000
144.999773	__gene 4.7_rbs	0.000000	0.000000	0.000000
144.999773	__gene 4A_rbs	0.000000	0.000000	0.000000
144.999773	__gene 5.3_rbs	0.000000	0.000000	0.000000
144.999773	__gene 5.5_rbs	0.000000	0.000000	0.000000
144.999773	__gene 5.7_rbs	0.000000	0.000000	0.000000
144.999773	__gene 5.9_rbs	0.000000	0.000000	0.000000
144.999773	__gene 5_rbs	0.000000	0.000000	0.000000
144.999773	__gene 6.3_rbs	0.000000	0.000000	0.000000
144.999773	__gene 6.5_rbs	0.000000	0.000000	0.000000
144.999773	__gene 6.7_rbs	0.000000	0.000000	0.000000
144.999773	__gene 6_rbs	0.000000	0.000000	0.000000
144.999773	__gene 7.3_rbs	0.000000	0.000000	0.000000
144.999773	__gene 7.7_rbs	0.000000	0.000000	0.000000
144.999773	__gene 7_rbs	0.000000	0.000000	0.000000
144.999773	__gene 8_rbs	0.000000	0.000000	0.000000
144.999773	__gene 9_rbs	0.000000	0.000000	0.000000
144.999773	__gp-2_rbs	0.000000	0.000000	0.000000
144.999773	__lysozyme-3.5_rbs	0.000000	0.000000	0.000000
144.999773	__protein_kinase-0.7_rbs	0.000000	0.000000	0.000000
144.999773	__ribosome	35.000000	0.000000	0.000000
144.999773	__rnapol-1_rbs	0.000000	0.000000	0.000000
144.999773	bound_ecolipol	1727.000000	0.000000	0.000000
144.999773	bound_ecolipol_p	0.000000	0.000000	0.000000
144.999773	bound_ribosome	9965.000000	0.000000	0.000000
144.999773	degraded_transcript	1330.000000	0.000000	0.000000
144.999773	ecoli_genome	73.000000	0.000000	0.000000
144.999773	ecoli_transcript	8795.000000	0.000000	0.000000
144.999773	ecolipol	73.000000	0.000000	0.000000
144.999773	ecolipol-2	0.000000	0.000000	0.000000
144.999773	ecolipol-2-p	0.000000	0.000000	0.000000
144.999773	ecolipol-p	0.000000	0.000000	0.000000
144.999773	gp-2	0.000000	0.000000	0.000000
144.999773	lysozyme-3.5	0.000000	0.000000	0.000000
144.999773	nonpref_charged	15000.000000	0.000000	0.000000
144.999773	nonpref_uncharged	0.000000	0.000000	0.000000
144.999773	pref_charged	35000.000000	0.000000	0.000000
144.999773	pref_uncharged	0.000000	0.000000	0.000000
144.999773	protein_kinase-0.7	0.000000	0.000000	0.000000
144.999773	rnapol-1	0.000000	0.000000	0.000000
144.999773	rnapol-3.5	0.000000	0.000000	0.000000
149.999010	E. coli B promoter	0.000000	0.000000	0.000000
149.999010	E. coli C promoter	0.000000	0.000000	0.000000
149.999010	E. coli promoter A1	1.000000	0.000000	0.000000
149.999010	E. coli promoter A2	0.000000	0.000000	0.000000
149.999010	E. coli promoter A3	0.000000	0.000000	0.000000
149.999010	T7 promoter phi1.1A	0.000000	0.000000	0.000000
149.999010	T7 promoter phi1.1B	0.000000	0.000000	0.000000
149.999010	T7 promoter phi1.3	0.000000	0.000000	0.000000
149.999010	T7 promoter phi1.5	0.000000	0.000000	0.000000
149.999010	T7 promoter phi1.6	0.000000	0.000000	0.000000
149.999010	T7 promoter phi10	0.000000	0.000000	0.000000
149.999010	T7 promoter phi13	0.000000	0.000000	0.000000
149.999010	T7 promoter phi17	0.000000	0.000000	0.000000
149.999010	T7 promoter phi2.5	0.000000	0.000000	0.000000
149.999010	T7 promoter phi3.8	0.000000	0.000000	0.000000
149.999010	T7 promoter phi4.3	0.000000	0.000000	0.000000
149.999010	T7 promoter phi4.7	0.000000	0.000000	0.000000
149.999010	T7 promoter phi4c	0.000000	0.000000	0.000000
149.999010	T7 promoter phi6.5	0.000000	0.000000	0.000000
149.999010	T7 promoter phi9	0.000000	0.000000	0.000000
149.999010	__gene 0.3_rbs	0.000000	0.000000	0.000000
149.999010	__gene 1.1_rbs	0.000000	0.000000	0.000000
149.999010	__gene 1.2_rbs	0.000000	0.000000	0.000000
149.999010	__gene 1.3_rbs	0.000000	0.000000	0.000000
149.999010	__gene 1.4_rbs	0.000000	0.000000	0.000000
149.999010	__gene 1.7_rbs	0.000000	0.000000	0.000000
149.999010	__gene 1.8_rbs	0.000000	0.000000	0.000000
149.999010	__gene 10A_rbs	0.000000	0.000000	0.000000
149.999010	__gene 11_rbs	0.000000	0.000000	0.000000
149.999010	__gene 12_rbs	0.000000	0.000000	0.000000
149.999010	__gene 13_rbs	0.000000	0.000000	0.000000
149.999010	__gene 14_rbs	0.000000	0.000000	0.000000
149.999010	__gene 15_rbs	0.000000	0.000000	0.000000
149.999010	__gene 16_rbs	0.000000	0.000000	0.000000
149.999010	__gene 17.5_rbs	0.000000	0.000000	0.000000
149.999010	__gene 17_rbs	0.000000	0.000000	0.000000
149.999010	__gene 18.5_rbs	0.000000	0.000000	0.000000
149.999010	__gene 18.7_rbs	0.000000	0.000000	0.000000
149.999010	__gene 18_rbs	0.000000	0.000000	0.000000
149.999010	__gene 19.2_rbs	0.000000	0.000000	0.000000
149.999010	__gene 19.3_rbs	0.000000	0.000000	0.000000
149.999010	__gene 19.5_rbs	0.000000	0.000000	0.000000
149.999010	__gene 19_rbs	0.000000	0.000000	0.000000
149.999010	__gene 2.5_rbs	0.000000	0.000000	0.000000
149.999010	__gene 2.8_rbs	0.000000	0.000000	0.000000
149.999010	__gene 3.8_rbs	0.000000	0.000000	0.000000
149.999010	__gene 3_rbs	0.000000	0.000000	0.000000
149.999010	__gene 4.2_rbs	0.000000	0.000000	0.000000
149.999010	__gene 4.3_rbs	0.000000	0.000000	0.000000
149.999010	__gene 4.5_rbs	0.000000	0.000000	0.000000
149.999010	__gene 4.7_rbs	0.000000	0.000000	0.000000
149.999010	__gene 4A_rbs	0.000000	0.000000	0.000000
149.999010	__gene 5.3_rbs	0.000000	0.000000	0.000000
149.999010	__gene 5.5_rbs	0.000000	0.000000	0.000000
149.999010	__gene 5.7_rbs	0.000000	0.000000	0.000000
149.999010	__gene 5.9_rbs	0.000000	0.000000	0.000000
149.999010	__gene 5_rbs	0.000000	0.000000	0.000000
149.999010	__gene 6.3_rbs	0.000000	0.000000	0.000000
149.999010	__gene 6.5_rbs	0.000000	0.000000	0.000000
149.999010	__gene 6.7_rbs	0.000000	0.000000	0.000000
149.999010	__gene 6_rbs	0.000000	0.000000	0.000000
149.999010	__gene 7.3_rbs	0.000000	0.000000	0.000000
149.999010	__gene 7.7_rbs	0.000000	0.000000	0.000000
149.999010	__gene 7_rbs	0.000000	0.000000	0.000000
149.999010	__gene 8_rbs	0.000000	0.000000	0.000000
149.999010	__gene 9_rbs	0.000000	0.000000	0.000000
149.999010	__gp-2_rbs	0.000000	0.000000	0.000000
149.999010	__lysozyme-3.5_rbs	0.000000	0.000000	0.000000
149.999010	__protein_kinase-0.7_rbs	0.000000	0.000000	0.000000
149.999010	__ribosome	33.000000	0.000000	0.000000
149.999010	__rnapol-1_rbs	0.000000	0.000000	0.000000
149.999010	bound_ecolipol	1741.000000	0.000000	0.000000
149.999010	bound_ecolipol_p	0.000000	0.000000	0.000000
149.999010	bound_ribosome	9967.000000	0.000000	0.000000
149.999010	degraded_transcript	1414.000000	0.000000	0.000000
149.999010	ecoli_genome	59.000000	0.000000	0.000000
149.999010	ecoli_transcript	9062.000000	0.000000	0.000000
149.999010	ecolipol	59.000000	0.000000	0.000000
149.999010	ecolipol-2	0.000000	0.000000	0.000000
149.999010	ecolipol-2-p	0.000000	0.000000	0.000000
149.999010	ecolipol-p	0.000000	0.000000	0.000000
149.999010	gp-2	0.000000	0.000000	0.000000
149.999010	lysozyme-3.5	0.000000	0.000000	0.000000
149.999010	nonpref_charged	15000.000000	0.000000	0.000000
149.999010	nonpref_uncharged	0.000000	0.000000	0.000000
149.999010	pref_charged	35000.000000	0.000000	0.000000
149.999010	pref_uncharged	0.000000	0.000000	0.000000
149.999010	protein_kinase-0.7	0.000000	0.000000	0.000000
149.999010	rnapol-1	0.000000	0.000000	0.000000
149.999010	rnapol-3.5	0.000000	0.000000	0.000000
154.999005	E. coli B promoter	0.000000	0.000000	0.000000
154.999005	E. coli C promoter	0.000000	0.000000	0.000000
154.999005	E. coli promoter A1	1.000000	0.000000	0.000000
154.999005	E. coli promoter A2	0.000000	0.000000	0.000000
154.999005	E. coli promoter A3	0.000000	0.000000	0.000000
154.999005	T7 promoter phi1.1A	0.000000	0.000000	0.000000
154.999005	T7 promoter phi1.1B	0.000000	0.000000	0.000000
154.999005	T7 promoter phi1.3	0.000000	0.000000	0.000000
154.999005	T7 promoter phi1.5	0.000000	0.000000	0.000000
154.999005	T7 promoter phi1.6	0.000000	0.000000	0.000000
154.999005	T7 promoter phi10	0.000000	0.000000	0.000000
154.999005	T7 promoter phi13	0.000000	0.000000	0.000000
154.999005	T7 promoter phi17	0.000000	0.000000	0.000000
154.999005	T7 promoter phi2.5	0.000000	0.000000	0.000000
154.999005	T7 promoter phi3.8	0.000000	0.000000	0.000000
154.999005	T7 promoter phi4.3	0.000000	0.000000	0.000000
154.999005	T7 promoter phi4.7	0.000000	0.000000	0.000000
154.999005	T7 promoter phi4c	0.000000	0.000000	0.000000
154.999005	T7 promoter phi6.5	0.000000	0.000000	0.000000
154.999005	T7 promoter phi9	0.000000	0.000000	0.000000
154.999005	__gene 0.3_rbs	0.000000	0.000000	0.000000
154.999005	__gene 1.1_rbs	0.000000	0.000000	0.000000
154.999005	__gene 1.2_rbs	0.000000	0.000000	0.000000
154.999005	__gene 1.3_rbs	0.000000	0.000000	0.000000
154.999005	__gene 1.4_rbs	0.000000	0.000000	0.000000
154.999005	__gene 1.7_rbs	0.000000	0.000000	0.000000
154.999005	__gene 1.8_rbs	0.000000	0.000000	0.000000
154.999005	__gene 10A_rbs	0.000000	0.000000	0.000000
154.999005	__gene 11_rbs	0.000000	0.000000	0.000000
154.999005	__gene 12_rbs	0.000000	0.000000	0.000000
154.999005	__gene 13_rbs	0.000000	0.000000	0.000000
154.999005	__gene 14_rbs	0.000000	0.000000	0.000000
154.999005	__gene 15_rbs	0.000000	0.000000	0.000000
154.999005	__gene 16_rbs	0.000000	0.000000	0.000000
154.999005	__gene 17.5_rbs	0.000000	0.000000	0.000000
154.999005	__gene 17_rbs	0.000000	0.000000	0.000000
154.999005	__gene 18.5_rbs	0.000000	0.000000	0.000000
154.999005	__gene 18.7_rbs	0.000000	0.000000	0.000000
154.999005	__gene 18_rbs	0.000000	0.000000	0.000000
154.999005	__gene 19.2_rbs	0.000000	0.000000	0.000000
154.999005	__gene 19.3_rbs	0.000000	0.000000	0.000000
154.999005	__gene 19.5_rbs	0.000000	0.000000	0.000000
154.999005	__gene 19_rbs	0.000000	0.000000	0.000000
154.999005	__gene 2.5_rbs	0.000000	0.000000	0.000000
154.999005	__gene 2.8_rbs	0.000000	0.000000	0.000000
154.999005	__gene 3.8_rbs	0.000000	0.000000	0.000000
154.999005	__gene 3_rbs	0.000000	0.000000	0.000000
154.999005	__gene 4.2_rbs	0.000000	0.000000	0.000000
154.999005	__gene 4.3_rbs	0.000000	0.000000	0.000000
154.999005	__gene 4.5_rbs	0.000000	0.000000	0.000000
154.999005	__gene 4.7_rbs	0.000000	0.000000	0.000000
154.999005	__gene 4A_rbs	0.000000	0.000000	0.000000
154.999005	__gene 5.3_rbs	0.000000	0.000000	0.000000
154.999005	__gene 5.5_rbs	0.000000	0.000000	0.000000
154.999005	__gene 5.7_rbs	0.000000	0.000000	0.000000
154.999005	__gene 5.9_rbs	0.000000	0.000000	0.000000
154.999005	__gene 5_rbs	0.000000	0.000000	0.000000
154.999005	__gene 6.3_rbs	0.000000	0.000000	0.000000
154.999005	__gene 6.5_rbs	0.000000	0.000000	0.000000
154.999005	__gene 6.7_rbs	0.000000	0.000000	0.000000
154.999005	__gene 6_rbs	0.000000	0.000000	0.000000
154.999005	__gene 7.3_rbs	0.000000	0.000000	0.000000
154.999005	__gene 7.7_rbs	0.000000	0.000000	0.000000
154.999005	__gene 7_rbs	0.000000	0.000000	0.000000
154.999005	__gene 8_rbs	0.000000	0.000000	0.000000
154.999005	__gene 9_rbs	0.000000	0.000000	0.000000
154.999005	__gp-2_rbs	0.000000	0.000000	0.000000
154.999005	__lysozyme-3.5_rbs	0.000000	0.000000	0.000000
154.999005	__protein_kinase-0.7_rbs	0.000000	0.000000	0.000000
154.999005	__ribosome	20.000000	0.000000	0.000000
154.999005	__rnapol-1_rbs	0.000000	0.000000	0.000000
154.999005	bound_ecolipol	1731.000000	0.000000	0.000000
154.999005	bound_ecolipol_p	0.000000	0.000000	0.000000
154.999005	bound_ribosome	9980.000000	0.000000	0.000000
154.999005	degraded_transcript	1501.000000	0.000000	0.000000
154.999005	ecoli_genome	69.000000	0.000000	0.000000
154.999005	ecoli_transcript	9342.000000	0.000000	0.000000
154.999005	ecolipol	69.000000	0.000000	0.000000
154.999005	ecolipol-2	0.000000	0.000000	0.000000
154.999005	ecolipol-2-p	0.000000	0.000000	0.000000
154.999005	ecolipol-p	0.000000	0.000000	0.000000
154.999005	gp-2	0.000000	0.000000	0.000000
154.999005	lysozyme-3.5	0.000000	0.000000	0.000000
154.999005	nonpref_charged	15000.000000	0.000000	0.000000
154.999005	nonpref_uncharged	0.000000	0.000000	0.000000
154.999005	pref_charged	35000.000000	0.000000	0.000000
154.999005	pref_uncharged	0.000000	0.000000	0.000000
154.999005	protein_kinase-0.7	0.000000	0.000000	0.000000
154.999005	rnapol-1	0.000000	0.000000	0.000000
154.999005	rnapol-3.5	0.000000	0.000000	0.000000
160.000150	E. coli B promoter	0.000000	0.000000	0.000000
160.000150	E. coli C promoter	0.000000	0.000000	0.000000
160.000150	E. coli promoter A1	1.000000	0.000000	0.000000
160.000150	E. coli promoter A2	0.000000	0.000000	0.000000
160.000150	E. coli promoter A3	0.000000	0.000000	0.000000
160.000150	T7 promoter phi1.1A	0.000000	0.000000	0.000000
160.000150	T7 promoter phi1.1B	0.000000	0.000000	0.000000
160.000150	T7 promoter phi1.3	0.000000	0.000000	0.000000
160.000150	T7 promoter phi1.5	0.000000	0.000000	0.000000
160.000150	T7 promoter phi1.6	0.000000	0.000000	0.000000
160.000150	T7 promoter phi10	0.000000	0.000000	0.000000
160.000150	T7 promoter phi13	0.000000	0.000000	0.000000
160.000150	T7 promoter phi17	0.000000	0.000000	0.000000
160.000150	T7 promoter phi2.5	0.000000	0.000000	0.000000
160.000150	T7 promoter phi3.8	0.000000	0.000000	0.000000
160.000150	T7 promoter phi4.3	0.000000	0.000000	0.000000
160.000150	T7 promoter phi4.7	0.000000	0.000000	0.000000
160.000150	T7 promoter phi4c	0.000000	0.000000	0.000000
160.000150	T7 promoter phi6.5	0.000000	0.000000	0.000000
160.000150	T7 promoter phi9	0.000000	0.000000	0.000000
160.000150	__gene 0.3_rbs	0.000000	0.000000	0.000000
160.000150	__gene 1.1_rbs	0.000000	0.000000	0.000000
160.000150	__gene 1.2_rbs	0.000000	0.000000	0.000000
160.000150	__gene 1.3_rbs	0.000000	0.000000	0.000000
160.000150	__gene 1.4_rbs	0.000000	0.000000	0.000000
160.000150	__gene 1.7_rbs	0.000000	0.000000	0.000000
160.000150	__gene 1.8_rbs	0.000000	0.000000	0.000000
160.000150	__gene 10A_rbs	0.000000	0.000000	0.000000
160.000150	__gene 11_rbs	0.000000	0.000000	0.000000
160.000150	__gene 12_rbs	0.000000	0.000000	0.000000
160.000150	__gene 13_rbs	0.000000	0.000000	0.000000
160.000150	__gene 14_rbs	0.000000	0.000000	0.000000
160.000150	__gene 15_rbs	0.000000	0.000000	0.000000
160.000150	__gene 16_rbs	0.000000	0.000000	0.000000
160.000150	__gene 17.5_rbs	0.000000	0.000000	0.000000
160.000150	__gene 17_rbs	0.000000	0.000000	0.000000
160.000150	__gene 18.5_rbs	0.000000	0.000000	0.000000
160.000150	__gene 18.7_rbs	0.000000	0.000000	0.000000
160.000150	__gene 18_rbs	0.000000	0.000000	0.000000
160.000150	__gene 19.2_rbs	0.000000	0.000000	0.000000
160.000150	__gene 19.3_rbs	0.000000	0.000000	0.000000
160.000150	__gene 19.5_rbs	0.000000	0.000000	0.000000
160.000150	__gene 19_rbs	0.000000	0.000000	0.000000
160.000150	__gene 2.5_rbs	0.000000	0.000000	0.000000
160.000150	__gene 2.8_rbs	0.000000	0.000000	0.000000
160.000150	__gene 3.8_rbs	0.000000	0.000000	0.000000
160.000150	__gene 3_rbs	0.000000	0.000000	0.000000
160.000150	__gene 4.2_rbs	0.000000	0.000000	0.000000
160.000150	__gene 4.3_rbs	0.000000	0.000000	0.000000
160.000150	__gene 4.5_rbs	0.000000	0.000000	0.000000
160.000150	__gene 4.7_rbs	0.000000	0.000000	0.000000
160.000150	__gene 4A_rbs	0.000000	0.000000	0.000000
160.000150	__gene 5.3_rbs	0.000000	0.000000	0.000000
160.000150	__gene 5.5_rbs	0.000000	0.000000	0.000000
160.000150	__gene 5.7_rbs	0.000000	0.000000	0.000000
160.000150	__gene 5.9_rbs	0.000000	0.000000	0.000000
160.000150	__gene 5_rbs	0.000000	0.000000	0.000000
160.000150	__gene 6.3_rbs	0.000000	0.000000	0.000000
160.000150	__gene 6.5_rbs	0.000000	0.000000	0.000000
160.000150	__gene 6.7_rbs	0.000000	0.000000	0.000000
160.000150	__gene 6_rbs	0.000000	0.000000	0.000000
160.000150	__gene 7.3_rbs	0.000000	0.000000	0.000000
160.000150	__gene 7.7_rbs	0.000000	0.000000	0.000000
160.000150	__gene 7_rbs	0.000000	0.000000	0.000000
160.000150	__gene 8_rbs	0.000000	0.000000	0.000000
160.000150	__gene 9_rbs	0.000000	0.000000	0.000000
160.000150	__gp-2_rbs	0.000000	0.000000	0.000000
160.000150	__lysozyme-3.5_rbs	0.000000	0.000000	0.000000
160.000150	__protein_kinase-0.7_rbs	0.000000	0.000000	0.000000
160.000150	__ribosome	28.000000	0.000000	0.000000
160.000150	__rnapol-1_rbs	0.000000	0.000000	0.000000
160.000150	bound_ecolipol	1743.000000	0.000000	0.000000
160.000150	bound_ecolipol_p	0.000000	0.000000	0.000000
160.000150	bound_ribosome	9972.000000	0.000000	0.000000
160.000150	degraded_transcript	1590.000000	0.000000	0.000000
160.000150	ecoli_genome	57.000000	0.000000	0.000000
160.000150	ecoli_transcript	9594.000000	0.000000	0.000000
160.000150	ecolipol	57.000000	0.000000	0.000000
160.000150	ecolipol-2	0.000000	0.000000	0.000000
160.000150	ecolipol-2-p	0.000000	0.000000	0.000000
160.000150	ecolipol-p	0.000000	0.000000	0.000000
160.000150	gp-2	0.000000	0.000000	0.000000
160.000150	lysozyme-3.5	0.000000	0.000000	0.000000
160.000150	nonpref_charged	15000.000000	0.000000	0.000000
160.000150	nonpref_uncharged	0.000000	0.000000	0.000000
160.000150	pref_charged	35000.000000	0.000000	0.000000
160.000150	pref_uncharged	0.000000	0.000000	0.000000
160.000150	protein_kinase-0.7	0.000000	0.000000	0.000000
160.000150	rnapol-1	0.000000	0.000000	0.000000
160.000150	rnapol-3.5	0.000000	0.000000	0.000000
164.999383	E. coli B promoter	0.000000	0.000000	0.000000
164.999383	E. coli C promoter	0.000000	0.000000	0.000000
164.999383	E. coli promoter A1	1.000000	0.000000	0.000000
164.999383	E. coli promoter A2	0.000000	0.000000	0.000000
164.999383	E. coli promoter A3	0.000000	0.000000	0.000000
164.999383	T7 promoter phi1.1A	0.000000	0.000000	0.000000
164.999383	T7 promoter phi1.1B	0.000000	0.000000	0.000000
164.999383	T7 promoter phi1.3	0.000000	0.000000	0.000000
164.999383	T7 promoter phi1.5	0.000000	0.000000	0.000000
164.999383	T7 promoter phi1.6	0.000000	0.000000	0.000000
164.999383	T7 promoter phi10	0.000000	0.000000	0.000000
164.999383	T7 promoter phi13	0.000000	0.000000	0.000000
164.999383	T7 promoter phi17	0.000000	0.000000	0.000000
164.999383	T7 promoter phi2.5	0.000000	0.000000	0.000000
164.999383	T7 promoter phi3.8	0.000000	0.000000	0.000000
164.999383	T7 promoter phi4.3	0.000000	0.000000	0.000000
164.999383	T7 promoter phi4.7	0.000000	0.000000	0.000000
164.999383	T7 promoter phi4c	0.000000	0.000000	0.000000
164.999383	T7 promoter phi6.5	0.000000	0.000000	0.000000
164.999383	T7 promoter phi9	0.000000	0.000000	0.000000
164.999383	__gene 0.3_rbs	0.000000	0.000000	0.000000
164.999383	__gene 1.1_rbs	0.000000	0.000000	0.000000
164.999383	__gene 1.2_rbs	0.000000	0.000000	0.000000
164.999383	__gene 1.3_rbs	0.000000	0.000000	0.000000
164.999383	__gene 1.4_rbs	0.000000	0.000000	0.000000
164.999383	__gene 1.7_rbs	0.000000	0.000000	0.000000
164.999383	__gene 1.8_rbs	0.000000	0.000000	0.000000
164.999383	__gene 10A_rbs	0.000000	0.000000	0.000000
164.999383	__gene 11_rbs	0.000000	0.000000	0.000000
164.999383	__gene 12_rbs	0.000000	0.000000	0.000000
164.999383	__gene 13_rbs	0.000000	0.000000	0.000000
164.999383	__gene 14_rbs	0.000000	0.000000	0.000000
164.999383	__gene 15_rbs	0.000000	0.000000	0.000000
164.999383	__gene 16_rbs	0.000000	0.000000	0.000000
164.999383	__gene 17.5_rbs	0.000000	0.000000	0.000000
164.999383	__gene 17_rbs	0.000000	0.000000	0.000000
164.999383	__gene 18.5_rbs	0.000000	0.000000	0.000000
164.999383	__gene 18.7_rbs	0.000000	0.000000	0.000000
164.999383	__gene 18_rbs	0.000000	0.000000	0.000000
164.999383	__gene 19.2_rbs	0.000000	0.000000	0.000000
164.999383	__gene 19.3_rbs	0.000000	0.000000	0.000000
164.999383	__gene 19.5_rbs	0.000000	0.000000	0.000000
164.999383	__gene 19_rbs	0.000000	0.000000	0.000000
164.999383	__gene 2.5_rbs	0.000000	0.000000	0.000000
164.999383	__gene 2.8_rbs	0.000000	0.000000	0.000000
164.999383	__gene 3.8_rbs	0.000000	0.000000	0.000000
164.999383	__gene 3_rbs	0.000000	0.000000	0.000000
164.999383	__gene 4.2_rbs	0.000000	0.000000	0.000000
164.999383	__gene 4.3_rbs	0.000000	0.000000	0.000000
164.999383	__gene 4.5_rbs	0.000000	0.000000	0.000000
164.999383	__gene 4.7_rbs	0.000000	0.000000	0.000000
164.999383	__gene 4A_rbs	0.000000	0.000000	0.000000
164.999383	__gene 5.3_rbs	0.000000	0.000000	0.000000
164.999383	__gene 5.5_rbs	0.000000	0.000000	0.000000
164.999383	__gene 5.7_rbs	0.000000	0.000000	0.000000
164.999383	__gene 5.9_rbs	0.000000	0.000000	0.000000
164.999383	__gene 5_rbs	0.000000	0.000000	0.000000
164.999383	__gene 6.3_rbs	0.000000	0.000000	0.000000
164.999383	__gene 6.5_rbs	0.000000	0.000000	0.000000
164.999383	__gene 6.7_rbs	0.000000	0.000000	0.000000
164.999383	__gene 6_rbs	0.000000	0.000000	0.000000
164.999383	__gene 7.3_rbs	0.000000	0.000000	0.000000
164.999383	__gene 7.7_rbs	0.000000	0.000000	0.000000
164.999383	__gene 7_rbs	0.000000	0.000000	0.000000
164.999383	__gene 8_rbs	0.000000	0.000000	0.000000
164.999383	__gene 9_rbs	0.000000	0.000000	0.000000
164.999383	__gp-2_rbs	0.000000	0.000000	0.000000
164.999383	__lysozyme-3.5_rbs	0.000000	0.000000	0.000000
164.999383	__protein_kinase-0.7_rbs	0.000000	0.000000	0.000000
164.999383	__ribosome	33.000000	0.000000	0.000000
164.999383	__rnapol-1_rbs	0.000000	0.000000	0.000000
164.999383	bound_ecolipol	1735.000000	0.000000	0.000000
164.999383	bound_ecolipol_p	0.000000	0.000000	0.000000
164.999383	bound_ribosome	9967.000000	0.000000	0.000000
164.999383	degraded_transcript	1699.000000	0.000000	0.000000
164.999383	ecoli_genome	65.000000	0.000000	0.000000
164.999383	ecoli_transcript	9850.000000	0.000000	0.000000
164.999383	ecolipol	65.000000	0.000000	0.000000
164.999383	ecolipol-2	0.000000	0.000000	0.000000
164.999383	ecolipol-2-p	0.000000	0.000000	0.000000
164.999383	ecolipol-p	0.000000	0.000000	0.000000
164.999383	gp-2	0.000000	0.000000	0.000000
164.999383	lysozyme-3.5	0.000000	0.000000	0.000000
164.999383	nonpref_charged	15000.000000	0.000000	0.000000
164.999383	nonpref_uncharged	0.000000	0.000000	0.000000
164.999383	pref_charged	35000.000000	0.000000	0.000000
164.999383	pref_uncharged	0.000000	0.000000	0.000000
164.999383	protein_kinase-0.7	0.000000	0.000000	0.000000
164.999383	rnapol-1	0.000000	0.000000	0.000000
164.999383	rnapol-3.5	0.000000	0.000000	0.000000
170.000503	E. coli B promoter	0.000000	0.000000	0.000000
170.000503	E. coli C promoter	0.000000	0.000000	0.000000
170.000503	E. coli promoter A1	1.000000	0.000000	0.000000
170.000503	E. coli promoter A2	0.000000	0.000000	0.000000
170.000503	E. coli promoter A3	0.000000	0.000000	0.000000
170.000503	T7 promoter phi1.1A	0.000000	0.000000	0.000000
170.000503	T7 promoter phi1.1B	0.000000	0.000000	0.000000
170.000503	T7 promoter phi1.3	0.000000	0.000000	0.000000
170.000503	T7 promoter phi1.5	0.000000	0.000000	0.000000
170.000503	T7 promoter phi1.6	0.000000	0.000000	0.000000
170.000503	T7 promoter phi10	0.000000	0.000000	0.000000
170.000503	T7 promoter phi13	0.000000	0.000000	0.000000
170.000503	T7 promoter phi17	0.000000	0.000000	0.000000
170.000503	T7 promoter phi2.5	0.000000	0.000000	0.000000
170.000503	T7 promoter phi3.8	0.000000	0.000000	0.000000
170.000503	T7 promoter phi4.3	0.000000	0.000000	0.000000
170.000503	T7 promoter phi4.7	0.000000	0.000000	0.000000
170.000503	T7 promoter phi4c	0.000000	0.000000	0.000000
170.000503	T7 promoter phi6.5	0.000000	0.000000	0.000000
170.000503	T7 promoter phi9	0.000000	0.000000	0.000000
170.000503	__gene 0.3_rbs	0.000000	0.000000	0.000000
170.000503	__gene 1.1_rbs	0.000000	0.000000	0.000000
170.000503	__gene 1.2_rbs	0.000000	0.000000	0.000000
170.000503	__gene 1.3_rbs	0.000000	0.000000	0.000000
170.000503	__gene 1.4_rbs	0.000000	0.000000	0.000000
170.000503	__gene 1.7_rbs	0.000000	0.000000	0.000000
170.000503	__gene 1.8_rbs	0.000000	0.000000	0.000000
170.000503	__gene 10A_rbs	0.000000	0.000000	0.000000
170.000503	__gene 11_rbs	0.000000	0.000000	0.000000
170.000503	__gene 12_rbs	0.000000	0.000000	0.000000
170.000503	__gene 13_rbs	0.000000	0.000000	0.000000
170.000503	__gene 14_rbs	0.000000	0.000000	0.000000
170.000503	__gene 15_rbs	0.000000	0.000000	0.000000
170.000503	__gene 16_rbs	0.000000	0.000000	0.000000
170.000503	__gene 17.5_rbs	0.000000	0.000000	0.000000
170.000503	__gene 17_rbs	0.000000	0.000000	0.000000
170.000503	__gene 18.5_rbs	0.000000	0.000000	0.000000
170.000503	__gene 18.7_rbs	0.000000	0.000000	0.000000
170.000503	__gene 18_rbs	0.000000	0.000000	0.000000
170.000503	__gene 19.2_rbs	0.000000	0.000000	0.000000
170.000503	__gene 19.3_rbs	0.000000	0.000000	0.000000
170.000503	__gene 19.5_rbs	0.000000	0.000000	0.000000
170.000503	__gene 19_rbs	0.000000	0.000000	0.000000
170.000503	__gene 2.5_rbs	0.000000	0.000000	0.000000
170.000503	__gene 2.8_rbs	0.000000	0.000000	0.000000
170.000503	__gene 3.8_rbs	0.000000	0.000000	0.000000
170.000503	__gene 3_rbs	0.000000	0.000000	0.000000
170.000503	__gene 4.2_rbs	0.000000	0.000000	0.000000
170.000503	__gene 4.3_rbs	0.000000	0.000000	0.000000
170.000503	__gene 4.5_rbs	0.000000	0.000000	0.000000
170.000503	__gene 4.7_rbs	0.000000	0.000000	0.000000
170.000503	__gene 4A_rbs	0.000000	0.000000	0.000000
170.000503	__gene 5.3_rbs	0.000000	0.000000	0.000000
170.000503	__gene 5.5_rbs	0.000000	0.000000	0.000000
170.000503	__gene 5.7_rbs	0.000000	0.000000	0.000000
170.000503	__gene 5.9_rbs	0.000000	0.000000	0.000000
170.000503	__gene 5_rbs	0.000000	0.000000	0.000000
170.000503	__gene 6.3_rbs	0.000000	0.000000	0.000000
170.000503	__gene 6.5_rbs	0.000000	0.000000	0.000000
170.000503	__gene 6.7_rbs	0.000000	0.000000	0.000000
170.000503	__gene 6_rbs	0.000000	0.000000	0.000000
170.000503	__gene 7.3_rbs	0.000000	0.000000	0.000000
170.000503	__gene 7.7_rbs	0.000000	0.000000	0.000000
170.000503	__gene 7_rbs	0.000000	0.000000	0.000000
170.000503	__gene 8_rbs	0.000000	0.000000	0.000000
170.000503	__gene 9_rbs	0.000000	0.000000	0.000000
170.000503	__gp-2_rbs	0.000000	0.000000	0.000000
170.000503	__lysozyme-3.5_rbs	0.000000	0.000000	0.000000
170.000503	__protein_kinase-0.7_rbs	0.000000	0.000000	0.000000
170.000503	__ribosome	22.000000	0.000000	0.000000
170.000503	__rnapol-1_rbs	0.000000	0.000000	0.000000
170.000503	bound_ecolipol	1734.000000	0.000000	0.000000
170.000503	bound_ecolipol_p	0.000000	0.000000	0.000000
170.000503	bound_ribosome	9978.000000	0.000000	0.000000
170.000503	degraded_transcript	1788.000000	0.000000	0.000000
170.000503	ecoli_genome	66.000000	0.000000	0.000000
170.000503	ecoli_transcript	10104.000000	0.000000	0.000000
170.000503	ecolipol	66.000000	0.000000	0.000000
170.000503	ecolipol-2	0.000000	0.000000	0.000000
170.000503	ecolipol-2-p	0.000000	0.000000	0.000000
170.000503	ecolipol-p	0.000000	0.000000	0.000000
170.000503	gp-2	0.000000	0.000000	0.000000
170.000503	lysozyme-3.5	0.000000	0.000000	0.000000
170.000503	nonpref_charged	15000.000000	0.000000	0.000000
170.000503	nonpref_uncharged	0.000000	0.000000	0.000000
170.000503	pref_charged	35000.000000	0.000000	0.000000
170.000503	pref_uncharged	0.000000	0.000000	0.000000
170.000503	protein_kinase-0.7	0.000000	0.000000	0.000000
170.000503	rnapol-1	0.000000	0.000000	0.000000
170.000503	rnapol-3.5	0.000000	0.000000	0.000000
175.001008	E. coli B promoter	0.000000	0.000000	0.000000
175.001008	E. coli C promoter	0.000000	0.000000	0.000000
175.001008	E. coli promoter A1	1.000000	0.000000	0.000000
175.001008	E. coli promoter A2	0.000000	0.000000	0.000000
175.001008	E. coli promoter A3	0.000000	0.000000	0.000000
175.001008	T7 promoter phi1.1A	0.000000	0.000000	0.000000
175.001008	T7 promoter phi1.1B	0.000000	0.000000	0.000000
175.001008	T7 promoter phi1.3	0.000000	0.000000	0.000000
175.001008	T7 promoter phi1.5	0.000000	0.000000	0.000000
175.001008	T7 promoter phi1.6	0.000000	0.000000	0.000000
175.001008	T7 promoter phi10	0.000000	0.000000	0.000000
175.001008	T7 promoter phi13	0.000000	0.000000	0.000000
175.001008	T7 promoter phi17	0.000000	0.000000	0.000000
175.001008	T7 promoter phi2.5	0.000000	0.000000	0.000000
175.001008	T7 promoter phi3.8	0.000000	0.000000	0.000000
175.001008	T7 promoter phi4.3	0.000000	0.000000	0.000000
175.001008	T7 promoter phi4.7	0.000000	0.000000	0.000000
175.001008	T7 promoter phi4c	0.000000	0.000000	0.000000
175.001008	T7 promoter phi6.5	0.000000	0.000000	0.000000
175.001008	T7 promoter phi9	0.000000	0.000000	0.000000
175.001008	__gene 0.3_rbs	0.000000	0.000000	0.000000
175.001008	__gene 1.1_rbs	0.000000	0.000000	0.000000
175.001008	__gene 1.2_rbs	0.000000	0.000000	0.000000
175.001008	__gene 1.3_rbs	0.000000	0.000000	0.000000
175.001008	__gene 1.4_rbs	0.000000	0.000000	0.000000
175.001008	__gene 1.7_rbs	0.000000	0.000000	0.000000
175.001008	__gene 1.8_rbs	0.000000	0.000000	0.000000
175.001008	__gene 10A_rbs	0.000000	0.000000	0.000000
175.001008	__gene 11_rbs	0.000000	0.000000	0.000000
175.001008	__gene 12_rbs	0.000000	0.000000	0.000000
175.001008	__gene 13_rbs	0.000000	0.000000	0.000000
175.001008	__gene 14_rbs	0.000000	0.000000	0.000000
175.001008	__gene 15_rbs	0.000000	0.000000	0.000000
175.001008	__gene 16_rbs	0.000000	0.000000	0.000000
175.001008	__gene 17.5_rbs	0.000000	0.000000	0.000000
175.001008	__gene 17_rbs	0.000000	0.000000	0.000000
175.001008	__gene 18.5_rbs	0.000000	0.000000	0.000000
175.001008	__gene 18.7_rbs	0.000000	0.000000	0.000000
175.001008	__gene 18_rbs	0.000000	0.000000	0.000000
175.001008	__gene 19.2_rbs	0.000000	0.000000	0.000000
175.001008	__gene 19.3_rbs	0.000000	0.000000	0.000000
175.001008	__gene 19.5_rbs	0.000000	0.000000	0.000000
175.001008	__gene 19_rbs	0.000000	0.000000	0.000000
175.001008	__gene 2.5_rbs	0.000000	0.000000	0.000000
175.001008	__gene 2.8_rbs	0.000000	0.000000	0.000000
175.001008	__gene 3.8_rbs	0.000000	0.000000	0.000000
175.001008	__gene 3_rbs	0.000000	0.000000	0.000000
175.001008	__gene 4.2_rbs	0.000000	0.000000	0.000000
175.001008	__gene 4.3_rbs	0.000000	0.000000	0.000000
175.001008	__gene 4.5_rbs	0.000000	0.000000	0.000000
175.001008	__gene 4.7_rbs	0.000000	0.000000	0.000000
175.001008	__gene 4A_rbs	0.000000	0.000000	0.000000
175.001008	__gene 5.3_rbs	0.000000	0.000000	0.000000
175.001008	__gene 5.5_rbs	0.000000	0.000000	0.000000
175.001008	__gene 5.7_rbs	0.000000	0.000000	0.000000
175.001008	__gene 5.9_rbs	0.000000	0.000000	0.000000
175.001008	__gene 5_rbs	0.000000	0.000000	0.000000
175.001008	__gene 6.3_rbs	0.000000	0.000000	0.000000
175.001008	__gene 6.5_rbs	0.000000	0.000000	0.000000
175.001008	__gene 6.7_rbs	0.000000	0.000000	0.000000
175.001008	__gene 6_rbs	0.000000	0.000000	0.000000
175.001008	__gene 7.3_rbs	0.000000	0.000000	0.000000
175.001008	__gene 7.7_rbs	0.000000	0.000000	0.000000
175.001008	__gene 7_rbs	0.000000	0.000000	0.000000
175.001008	__gene 8_rbs	0.000000	0.000000	0.000000
175.001008	__gene 9_rbs	0.000000	0.000000	0.000000
175.001008	__gp-2_rbs	0.000000	0.000000	0.000000
175.001008	__lysozyme-3.5_rbs	0.000000	0.000000	0.000000
175.001008	__protein_kinase-0.7_rbs	0.000000	0.000000	0.000000
175.001008	__ribosome	22.000000	0.000000	0.000000
175.001008	__rnapol-1_rbs	0.000000	0.000000	0.000000
175.001008	bound_ecolipol	1734.000000	0.000000	0.000000
175.001008	bound_ecolipol_p	0.000000	0.000000	0.000000
175.001008	bound_ribosome	9978.000000	0.000000	0.000000
175.001008	degraded_transcript	1872.000000	0.000000	0.000000
175.001008	ecoli_genome	66.000000	0.000000	0.000000
175.001008	ecoli_transcript	10367.000000	0.000000	0.000000
175.001008	ecolipol	66.000000	0.000000	0.000000
175.001008	ecolipol-2	0.000000	0.000000	0.000000
175.001008	ecolipol-2-p	0.000000	0.000000	0.000000
175.001008	ecolipol-p	0.000000	0.000000	0.000000
175.001008	gp-2	0.000000	0.000000	0.000000
175.001008	lysozyme-3.5	0.000000	0.000000	0.000000
175.001008	nonpref_charged	15000.000000	0.000000	0.000000
175.001008	nonpref_uncharged	0.000000	0.000000	0.000000
175.001008	pref_charged	35000.000000	0.000000	0.000000
175.001008	pref_uncharged	0.000000	0.000000	0.000000
175.001008	protein_kinase-0.7	0.000000	0.000000	0.000000
175.001008	rnapol-1	0.000000	0.000000	0.000000
175.001008	rnapol-3.5	0.000000	0.000000	0.000000
179.999389	E. coli B promoter	0.000000	0.000000	0.000000
179.999389	E. coli C promoter	0.000000	0.000000	0.000000
179.999389	E. coli promoter A1	1.000000	0.000000	0.000000
179.999389	E. coli promoter A2	0.000000	0.000000	0.000000
179.999389	E. coli promoter A3	0.000000	0.000000	0.000000
179.999389	T7 promoter phi1.1A	0.000000	0.000000	0.000000
179.999389	T7 promoter phi1.1B	0.000000	0.000000	0.000000
179.999389	T7 promoter phi1.3	0.000000	0.000000	0.000000
179.999389	T7 promoter phi1.5	0.000000	0.000000	0.000000
179.999389	T7 promoter phi1.6	0.000000	0.000000	0.000000
179.999389	T7 promoter phi10	0.000000	0.000000	0.000000
179.999389	T7 promoter phi13	0.000000	0.000000	0.000000
179.999389	T7 promoter phi17	0.000000	0.000000	0.000000
179.999389	T7 promoter phi2.5	0.000000	0.000000	0.000000
179.999389	T7 promoter phi3.8	0.000000	0.000000	0.000000
179.999389	T7 promoter phi4.3	0.000000	0.000000	0.000000
179.999389	T7 promoter phi4.7	0.000000	0.000000	0.000000
179.999389	T7 promoter phi4c	0.000000	0.000000	0.000000
179.999389	T7 promoter phi6.5	0.000000	0.000000	0.000000
179.999389	T7 promoter phi9	0.000000	0.000000	0.000000
179.999389	__gene 0.3_rbs	0.000000	0.000000	0.000000
179.999389	__gene 1.1_rbs	0.000000	0.000000	0.000000
179.999389	__gene 1.2_rbs	0.000000	0.000000	0.000000
179.999389	__gene 1.3_rbs	0.000000	0.000000	0.000000
179.999389	__gene 1.4_rbs	0.000000	0.000000	0.000000
179.999389	__gene 1.7_rbs	0.000000	0.000000	0.000000
179.999389	__gene 1.8_rbs	0.000000	0.000000	0.000000
179.999389	__gene 10A_rbs	0.000000	0.000000	0.000000
179.999389	__gene 11_rbs	0.000000	0.000000	0.000000
179.999389	__gene 12_rbs	0.000000	0.000000	0.000000
179.999389	__gene 13_rbs	0.000000	0.000000	0.000000
179.999389	__gene 14_rbs	0.000000	0.000000	0.000000
179.999389	__gene 15_rbs	0.000000	0.000000	0.000000
179.999389	__gene 16_rbs	0.000000	0.000000	0.000000
179.999389	__gene 17.5_rbs	0.000000	0.000000	0.000000
179.999389	__gene 17_rbs	0.000000	0.000000	0.000000
179.999389	__gene 18.5_rbs	0.000000	0.000000	0.000000
179.999389	__gene 18.7_rbs	0.000000	0.000000	0.000000
179.999389	__gene 18_rbs	0.000000	0.000000	0.000000
179.999389	__gene 19.2_rbs	0.000000	0.000000	0.000000
179.999389	__gene 19.3_rbs	0.000000	0.000000	0.000000
179.999389	__gene 19.5_rbs	0.000000	0.000000	0.000000
179.999389	__gene 19_rbs	0.000000	0.000000	0.000000
179.999389	__gene 2.5_rbs	0.000000	0.000000	0.000000
179.999389	__gene 2.8_rbs	0.000000	0.000000	0.000000
179.999389	__gene 3.8_rbs	0.000000	0.000000	0.000000
179.999389	__gene 3_rbs	0.000000	0.000000	0.000000
179.999389	__gene 4.2_rbs	0.000000	0.000000	0.000000
179.999389	__gene 4.3_rbs	0.000000	0.000000	0.000000
179.999389	__gene 4.5_rbs	0.000000	0.000000	0.000000
179.999389	__gene 4.7_rbs	0.000000	0.000000	0.000000
179.999389	__gene 4A_rbs	0.000000	0.000000	0.000000
179.999389	__gene 5.3_rbs	0.000000	0.000000	0.000000
179.999389	__gene 5.5_rbs	0.000000	0.000000	0.000000
179.999389	__gene 5.7_rbs	0.000000	0.000000	0.000000
179.999389	__gene 5.9_rbs	0.000000	0.000000	0.000000
179.999389	__gene 5_rbs	0.000000	0.000000	0.000000
179.999389	__gene 6.3_rbs	0.000000	0.000000	0.000000
179.999389	__gene 6.5_rbs	0.000000	0.000000	0.000000
179.999389	__gene 6.7_rbs	0.000000	0.000000	0.000000
179.999389	__gene 6_rbs	0.000000	0.000000	0.000000
179.999389	__gene 7.3_rbs	0.000000	0.000000	0.000000
179.999389	__gene 7.7_rbs	0.000000	0.000000	0.000000
179.999389	__gene 7_rbs	0.000000	0.000000	0.000000
179.999389	__gene 8_rbs	0.000000	0.000000	0.000000
179.999389	__gene 9_rbs	0.000000	0.000000	0.000000
179.999389	__gp-2_rbs	0.000000	0.000000	0.000000
179.999389	__lysozyme-3.5_rbs	0.000000	0.000000	0.000000
179.999389	__protein_kinase-0.7_rbs	0.000000	0.000000	0.000000
179.999389	__ribosome	22.000000	0.000000	0.000000
179.999389	__rnapol-1_rbs	0.000000	0.000000	0.000000
179.999389	bound_ecolipol	1739.000000	0.000000	0.000000
179.999389	bound_ecolipol_p	0.000000	0.000000	0.000000
179.999389	bound_ribosome	9978.000000	0.000000	0.000000
179.999389	degraded_transcript	1957.000000	0.000000	0.000000
179.999389	ecoli_genome	61.000000	0.000000	0.000000
179.999389	ecoli_transcript	10625.000000	0.000000	0.000000
179.999389	ecolipol	61.000000	0.000000	0.000000
179.999389	ecolipol-2	0.000000	0.000000	0.000000
179.999389	ecolipol-2-p	0.000000	0.000000	0.000000
179.999389	ecolipol-p	0.000000	0.000000	0.000000
179.999389	gp-2	0.000000	0.000000	0.000000
179.999389	lysozyme-3.5	0.000000	0.000000	0.000000
179.999389	nonpref_charged	15000.000000	0.000000	0.000000
179.999389	nonpref_uncharged	0.000000	0.000000	0.000000
179.999389	pref_charged	35000.000000	0.000000	0.000000
179.999389	pref_uncharged	0.000000	0.000000	0.000000
179.999389	protein_kinase-0.7	0.000000	0.000000	0.000000
179.999389	rnapol-1	0.000000	0.000000	0.000000
179.999389	rnapol-3.5	0.000000	0.000000	0.000000
184.999262	E. coli B promoter	0.000000	0.000000	0.000000
184.999262	E. coli C promoter	0.000000	0.000000	0.000000
184.999262	E. coli promoter A1	1.000000	0.000000	0.000000
184.999262	E. coli promoter A2	0.000000	0.000000	0.000000
184.999262	E. coli promoter A3	0.000000	0.000000	0.000000
184.999262	T7 promoter phi1.1A	0.000000	0.000000	0.000000
184.999262	T7 promoter phi1.1B	0.000000	0.000000	0.000000
184.999262	T7 promoter phi1.3	0.000000	0.000000	0.000000
184.999262	T7 promoter phi1.5	0.000000	0.000000	0.000000
184.999262	T7 promoter phi1.6	0.000000	0.000000	0.000000
184.999262	T7 promoter phi10	0.000000	0.000000	0.000000
184.999262	T7 promoter phi13	0.000000	0.000000	0.000000
184.999262	T7 promoter phi17	0.000000	0.000000	0.000000
184.999262	T7 promoter phi2.5	0.000000	0.000000	0.000000
184.999262	T7 promoter phi3.8	0.000000	0.000000	0.000000
184.999262	T7 promoter phi4.3	0.000000	0.000000	0.000000
184.999262	T7 promoter phi4.7	0.000000	0.000000	0.000000
184.999262	T7 promoter phi4c	0.000000	0.000000	0.000000
184.999262	T7 promoter phi6.5	0.000000	0.000000	0.000000
184.999262	T7 promoter phi9	0.000000	0.000000	0.000000
184.999262	__gene 0.3_rbs	0.000000	0.000000	0.000000
184.999262	__gene 1.1_rbs	0.000000	0.000000	0.000000
184.999262	__gene 1.2_rbs	0.000000	0.000000	0.000000
184.999262	__gene 1.3_rbs	0.000000	0.000000	0.000000
184.999262	__gene 1.4_rbs	0.000000	0.000000	0.000000
184.999262	__gene 1.7_rbs	0.000000	0.000000	0.000000
184.999262	__gene 1.8_rbs	0.000000	0.000000	0.000000
184.999262	__gene 10A_rbs	0.000000	0.000000	0.000000
184.999262	__gene 11_rbs	0.000000	0.000000	0.000000
184.999262	__gene 12_rbs	0.000000	0.000000	0.000000
184.999262	__gene 13_rbs	0.000000	0.000000	0.000000
184.999262	__gene 14_rbs	0.000000	0.000000	0.000000
184.999262	__gene 15_rbs	0.000000	0.000000	0.000000
184.999262	__gene 16_rbs	0.000000	0.000000	0.000000
184.999262	__gene 17.5_rbs	0.000000	0.000000	0.000000
184.999262	__gene 17_rbs	0.000000	0.000000	0.000000
184.999262	__gene 18.5_rbs	0.000000	0.000000	0.000000
184.999262	__gene 18.7_rbs	0.000000	0.000000	0.000000
184.999262	__gene 18_rbs	0.000000	0.000000	0.000000
184.999262	__gene 19.2_rbs	0.000000	0.000000	0.000000
184.999262	__gene 19.3_rbs	0.000000	0.000000	0.000000
184.999262	__gene 19.5_rbs	0.000000	0.000000	0.000000
184.999262	__gene 19_rbs	0.000000	0.000000	0.000000
184.999262	__gene 2.5_rbs	0.000000	0.000000	0.000000
184.999262	__gene 2.8_rbs	0.000000	0.000000	0.000000
184.999262	__gene 3.8_rbs	0.000000	0.000000	0.000000
184.999262	__gene 3_rbs	0.000000	0.000000	0.000000
184.999262	__gene 4.2_rbs	0.000000	0.000000	0.000000
184.999262	__gene 4.3_rbs	0.000000	0.000000	0.000000
184.999262	__gene 4.5_rbs	0.000000	0.000000	0.000000
184.999262	__gene 4.7_rbs	0.000000	0.000000	0.000000
184.999262	__gene 4A_rbs	0.000000	0.000000	0.000000
184.999262	__gene 5.3_rbs	0.000000	0.000000	0.000000
184.999262	__gene 5.5_rbs	0.000000	0.000000	0.000000
184.999262	__gene 5.7_rbs	0.000000	0.000000	0.000000
184.999262	__gene 5.9_rbs	0.000000	0.000000	0.000000
184.999262	__gene 5_rbs	0.000000	0.000000	0.000000
184.999262	__gene 6.3_rbs	0.000000	0.000000	0.000000
184.999262	__gene 6.5_rbs	0.000000	0.000000	0.000000
184.999262	__gene 6.7_rbs	0.000000	0.000000	0.000000
184.999262	__gene 6_rbs	0.000000	0.000000	0.000000
184.999262	__gene 7.3_rbs	0.000000	0.000000	0.000000
184.999262	__gene 7.7_rbs	0.000000	0.000000	0.000000
184.999262	__gene 7_rbs	0.000000	0.000000	0.000000
184.999262	__gene 8_rbs	0.000000	0.000000	0.000000
184.999262	__gene 9_rbs	0.000000	0.000000	0.000000
184.999262	__gp-2_rbs	0.000000	0.000000	0.000000
184.999262	__lysozyme-3.5_rbs	0.000000	0.000000	0.000000
184.999262	__protein_kinase-0.7_rbs	0.000000	0.000000	0.000000
184.999262	__ribosome	23.000000	0.000000	0.000000
184.999262	__rnapol-1_rbs	0.000000	0.000000	0.000000
184.999262	bound_ecolipol	1728.000000	0.000000	0.000000
184.999262	bound_ecolipol_p	0.000000	0.000000	0.000000
184.999262	bound_ribosome	9977.000000	0.000000	0.000000
184.999262	degraded_transcript	2070.000000	0.000000	0.000000
184.999262	ecoli_genome	72.000000	0.000000	0.000000
184.999262	ecoli_transcript	10884.000000	0.000000	0.000000
184.999262	ecolipol	72.000000	0.000000	0.000000
184.999262	ecolipol-2	0.000000	0.000000	0.000000
184.999262	ecolipol-2-p	0.000000	0.000000	0.000000
184.999262	ecolipol-p	0.000000	0.000000	0.000000
184.999262	gp-2	0.000000	0.000000	0.000000
184.999262	lysozyme-3.5	0.000000	0.000000	0.000000
184.999262	nonpref_charged	15000.000000	0.000000	0.000000
184.999262	nonpref_uncharged	0.000000	0.000000	0.000000
184.999262	pref_charged	35000.000000	0.000000	0.000000
184.999262	pref_uncharged	0.000000	0.000000	0.000000
184.999262	protein_kinase-0.7	0.000000	0.000000	0.000000
184.999262	rnapol-1	0.000000	0.000000	0.000000
184.999262	rnapol-3.5	0.000000	0.000000	0.000000
189.999610	E. coli B promoter	0.000000	0.000000	0.000000
189.999610	E. coli C promoter	0.000000	0.000000	0.000000
189.999610	E. coli promoter A1	1.000000	0.000000	0.000000
189.999610	E. coli promoter A2	0.000000	0.000000	0.000000
189.999610	E. coli promoter A3	0.000000	0.000000	0.000000
189.999610	T7 promoter phi1.1A	0.000000	0.000000	0.000000
189.999610	T7 promoter phi1.1B	0.000000	0.000000	0.000000
189.999610	T7 promoter phi1.3	0.000000	0.000000	0.000000
189.999610	T7 promoter phi1.5	0.000000	0.000000	0.000000
189.999610	T7 promoter phi1.6	0.000000	0.000000	0.000000
189.999610	T7 promoter phi10	0.000000	0.000000	0.000000
189.999610	T7 promoter phi13	0.000000	0.000000	0.000000
189.999610	T7 promoter phi17	0.000000	0.000000	0.000000
189.999610	T7 promoter phi2.5	0.000000	0.000000	0.000000
189.999610	T7 promoter phi3.8	0.000000	0.000000	0.000000
189.999610	T7 promoter phi4.3	0.000000	0.000000	0.000000
189.999610	T7 promoter phi4.7	0.000000	0.000000	0.000000
189.999610	T7 promoter phi4c	0.000000	0.000000	0.000000
189.999610	T7 promoter phi6.5	0.000000	0.000000	0.000000
189.999610	T7 promoter phi9	0.000000	0.000000	0.000000
189.999610	__gene 0.3_rbs	0.000000	0.000000	0.000000
189.999610	__gene 1.1_rbs	0.000000	0.000000	0.000000
189.999610	__gene 1.2_rbs	0.000000	0.000000	0.000000
189.999610	__gene 1.3_rbs	0.000000	0.000000	0.000000
189.999610	__gene 1.4_rbs	0.000000	0.000000	0.000000
189.999610	__gene 1.7_rbs	0.000000	0.000000	0.000000
189.999610	__gene 1.8_rbs	0.000000	0.000000	0.000000
189.999610	__gene 10A_rbs	0.000000	0.000000	0.000000
189.999610	__gene 11_rbs	0.000000	0.000000	0.000000
189.999610	__gene 12_rbs	0.000000	0.000000	0.000000
189.999610	__gene 13_rbs	0.000000	0.000000	0.000000
189.999610	__gene 14_rbs	0.000000	0.000000	0.000000
189.999610	__gene 15_rbs	0.000000	0.000000	0.000000
189.999610	__gene 16_rbs	0.000000	0.000000	0.000000
189.999610	__gene 17.5_rbs	0.000000	0.000000	0.000000
189.999610	__gene 17_rbs	0.000000	0.000000	0.000000
189.999610	__gene 18.5_rbs	0.000000	0.000000	0.000000
189.999610	__gene 18.7_rbs	0.000000	0.000000	0.000000
189.999610	__gene 18_rbs	0.000000	0.000000	0.000000
189.999610	__gene 19.2_rbs	0.000000	0.000000	0.000000
189.999610	__gene 19.3_rbs	0.000000	0.000000	0.000000
189.999610	__gene 19.5_rbs	0.000000	0.000000	0.000000
189.999610	__gene 19_rbs	0.000000	0.000000	0.000000
189.999610	__gene 2.5_rbs	0.000000	0.000000	0.000000
189.999610	__gene 2.8_rbs	0.000000	0.000000	0.000000
189.999610	__gene 3.8_rbs	0.000000	0.000000	0.000000
189.999610	__gene 3_rbs	0.000000	0.000000	0.000000
189.999610	__gene 4.2_rbs	0.000000	0.000000	0.000000
189.999610	__gene 4.3_rbs	0.000000	0.000000	0.000000
189.999610	__gene 4.5_rbs	0.000000	0.000000	0.000000
189.999610	__gene 4.7_rbs	0.000000	0.000000	0.000000
189.999610	__gene 4A_rbs	0.000000	0.000000	0.000000
189.999610	__gene 5.3_rbs	0.000000	0.000000	0.000000
189.999610	__gene 5.5_rbs	0.000000	0.000000	0.000000
189.999610	__gene 5.7_rbs	0.000000	0.000000	0.000000
189.999610	__gene 5.9_rbs	0.000000	0.000000	0.000000
189.999610	__gene 5_rbs	0.000000	0.000000	0.000000
189.999610	__gene 6.3_rbs	0.000000	0.000000	0.000000
189.999610	__gene 6.5_rbs	0.000000	0.000000	0.000000
189.999610	__gene 6.7_rbs	0.000000	0.000000	0.000000
189.999610	__gene 6_rbs	0.000000	0.000000	0.000000
189.999610	__gene 7.3_rbs	0.000000	0.000000	0.000000
189.999610	__gene 7.7_rbs	0.000000	0.000000	0.000000
189.999610	__gene 7_rbs	0.000000	0.000000	0.000000
189.999610	__gene 8_rbs	0.000000	0.000000	0.000000
189.999610	__gene 9_rbs	0.000000	0.000000	0.000000
189.999610	__gp-2_rbs	0.000000	0.000000	0.000000
189.999610	__lysozyme-3.5_rbs	0.000000	0.000000	0.000000
189.999610	__protein_kinase-0.7_rbs	0.000000	0.000000	0.000000
189.999610	__ribosome	30.000000	0.000000	0.000000
189.999610	__rnapol-1_rbs	0.000000	0.000000	0.000000
189.999610	bound_ecolipol	1731.000000	0.000000	0.000000
189.999610	bound_ecolipol_p	0.000000	0.000000	0.000000
189.999610	bound_ribosome	9970.000000	0.000000	0.000000
189.999610	degraded_transcript	2172.000000	0.000000	0.000000
189.999610	ecoli_genome	69.000000	0.000000	0.000000
189.999610	ecoli_transcript	11147.000000	0.000000	0.000000
189.999610	ecolipol	69.000000	0.000000	0.000000
189.999610	ecolipol-2	0.000000	0.000000	0.000000
189.999610	ecolipol-2-p	0.000000	0.000000	0.000000
189.999610	ecolipol-p	0.000000	0.000000	0.000000
189.999610	gp-2	0.000000	0.000000	0.000000
189.999610	lysozyme-3.5	0.000000	0.000000	0.000000
189.999610	nonpref_charged	15000.000000	0.000000	0.000000
189.999610	nonpref_uncharged	0.000000	0.000000	0.000000
189.999610	pref_charged	35000.000000	0.000000	0.000000
189.999610	pref_uncharged	0.000000	0.000000	0.000000
189.999610	protein_kinase-0.7	0.000000	0.000000	0.000000
189.999610	rnapol-1	0.000000	0.000000	0.000000
189.999610	rnapol-3.5	0.000000	0.000000	0.000000
194.999064	E. coli B promoter	0.000000	0.000000	0.000000
194.999064	E. coli C promoter	0.000000	0.000000	0.000000
194.999064	E. coli promoter A1	1.000000	0.000000	0.000000
194.999064	E. coli promoter A2	0.000000	0.000000	0.000000
194.999064	E. coli promoter A3	0.000000	0.000000	0.000000
194.999064	T7 promoter phi1.1A	0.000000	0.000000	0.000000
194.999064	T7 promoter phi1.1B	0.000000	0.000000	0.000000
194.999064	T7 promoter phi1.3	0.000000	0.000000	0.000000
194.999064	T7 promoter phi1.5	0.000000	0.000000	0.000000
194.999064	T7 promoter phi1.6	0.000000	0.000000	0.000000
194.999064	T7 promoter phi10	0.000000	0.000000	0.000000
194.999064	T7 promoter phi13	0.000000	0.000000	0.000000
194.999064	T7 promoter phi17	0.000000	0.000000	0.000000
194.999064	T7 promoter phi2.5	0.000000	0.000000	0.000000
194.999064	T7 promoter phi3.8	0.000000	0.000000	0.000000
194.999064	T7 promoter phi4.3	0.000000	0.000000	0.000000
194.999064	T7 promoter phi4.7	0.000000	0.000000	0.000000
194.999064	T7 promoter phi4c	0.000000	0.000000	0.000000
194.999064	T7 promoter phi6.5	0.000000	0.000000	0.000000
194.999064	T7 promoter phi9	0.000000	0.000000	0.000000
194.999064	__gene 0.3_rbs	0.000000	0.000000	0.000000
194.999064	__gene 1.1_rbs	0.000000	0.000000	0.000000
194.999064	__gene 1.2_rbs	0.000000	0.000000	0.000000
194.999064	__gene 1.3_rbs	0.000000	0.000000	0.000000
194.999064	__gene 1.4_rbs	0.000000	0.000000	0.000000
194.999064	__gene 1.7_rbs	0.000000	0.000000	0.000000
194.999064	__gene 1.8_rbs	0.000000	0.000000	0.000000
194.999064	__gene 10A_rbs	0.000000	0.000000	0.000000
194.999064	__gene 11_rbs	0.000000	0.000000	0.000000
194.999064	__gene 12_rbs	0.000000	0.000000	0.000000
194.999064	__gene 13_rbs	0.000000	0.000000	0.000000
194.999064	__gene 14_rbs	0.000000	0.000000	0.000000
194.999064	__gene 15_rbs	0.000000	0.000000	0.000000
194.999064	__gene 16_rbs	0.000000	0.000000	0.000000
194.999064	__gene 17.5_rbs	0.000000	0.000000	0.000000
194.999064	__gene 17_rbs	0.000000	0.000000	0.000000
194.999064	__gene 18.5_rbs	0.000000	0.000000	0.000000
194.999064	__gene 18.7_rbs	0.000000	0.000000	0.000000
194.999064	__gene 18_rbs	0.000000	0.000000	0.000000
194.999064	__gene 19.2_rbs	0.000000	0.000000	0.000000
194.999064	__gene 19.3_rbs	0.000000	0.000000	0.000000
194.999064	__gene 19.5_rbs	0.000000	0.000000	0.000000
194.999064	__gene 19_rbs	0.000000	0.000000	0.000000
194.999064	__gene 2.5_rbs	0.000000	0.000000	0.000000
194.999064	__gene 2.8_rbs	0.000000	0.000000	0.000000
194.999064	__gene 3.8_rbs	0.000000	0.000000	0.000000
194.999064	__gene 3_rbs	0.000000	0.000000	0.000000
194.999064	__gene 4.2_rbs	0.000000	0.000000	0.000000
194.999064	__gene 4.3_rbs	0.000000	0.000000	0.000000
194.999064	__gene 4.5_rbs	0.000000	0.000000	0.000000
194.999064	__gene 4.7_rbs	0.000000	0.000000	0.000000
194.999064	__gene 4A_rbs	0.000000	0.000000	0.000000
194.999064	__gene 5.3_rbs	0.000000	0.000000	0.000000
194.999064	__gene 5.5_rbs	0.000000	0.000000	0.000000
194.999064	__gene 5.7_rbs	0.000000	0.000000	0.000000
194.999064	__gene 5.9_rbs	0.000000	0.000000	0.000000
194.999064	__gene 5_rbs	0.000000	0.000000	0.000000
194.999064	__gene 6.3_rbs	0.000000	0.000000	0.000000
194.999064	__gene 6.5_rbs	0.000000	0.000000	0.000000
194.999064	__gene 6.7_rbs	0.000000	0.000000	0.000000
194.999064	__gene 6_rbs	0.000000	0.000000	0.000000
194.999064	__gene 7.3_rbs	0.000000	0.000000	0.000000
194.999064	__gene 7.7_rbs	0.000000	0.000000	0.000000
194.999064	__gene 7_rbs	0.000000	0.000000	0.000000
194.999064	__gene 8_rbs	0.000000	0.000000	0.000000
194.999064	__gene 9_rbs	0.000000	0.000000	0.000000
194.999064	__gp-2_rbs	0.000000	0.000000	0.000000
194.999064	__lysozyme-3.5_rbs	0.000000	0.000000	0.000000
194.999064	__protein_kinase-0.7_rbs	0.000000	0.000000	0.000000
194.999064	__ribosome	23.000000	0.000000	0.000000
194.999064	__rnapol-1_rbs	0.000000	0.000000	0.000000
194.999064	bound_ecolipol	1729.000000	0.000000	0.000000
194.999064	bound_ecolipol_p	0.000000	0.000000	0.000000
194.999064	bound_ribosome	9977.000000	0.000000	0.000000
194.999064	degraded_transcript	2289.000000	0.000000	0.000000
194.999064	ecoli_genome	71.000000	0.000000	0.000000
194.999064	ecoli_transcript	11377.000000	0.000000	0.000000
194.999064	ecolipol	71.000000	0.000000	0.000000
194.999064	ecolipol-2	0.000000	0.000000	0.000000
194.999064	ecolipol-2-p	0.000000	0.000000	0.000000
194.999064	ecolipol-p	0.000000	0.000000	0.000000
194.999064	gp-2	0.000000	0.000000	0.000000
194.999064	lysozyme-3.5	0.000000	0.000000	0.000000
194.999064	nonpref_charged	15000.000000	0.000000	0.000000
194.999064	nonpref_uncharged	0.000000	0.000000	0.000000
194.999064	pref_charged	35000.000000	0.000000	0.000000
194.999064	pref_uncharged	0.000000	0.000000	0.000000
194.999064	protein_kinase-0.7	0.000000	0.000000	0.000000
194.999064	rnapol-1	0.000000	0.000000	0.000000
194.999064	rnapol-3.5	0.000000	0.000000	0.000000
200.000771	E. coli B promoter	0.000000	0.000000	0.000000
200.000771	E. coli C promoter	0.000000	0.000000	0.000000
200.000771	E. coli promoter A1	1.000000	0.000000	0.000000
200.000771	E. coli promoter A2	0.000000	0.000000	0.000000
200.000771	E. coli promoter A3	0.000000	0.000000	0.000000
200.000771	T7 promoter phi1.1A	0.000000	0.000000	0.000000
200.000771	T7 promoter phi1.1B	0.000000	0.000000	0.000000
200.000771	T7 promoter phi1.3	0.000000	0.000000	0.000000
200.000771	T7 promoter phi1.5	0.000000	0.000000	0.000000
200.000771	T7 promoter phi1.6	0.000000	0.000000	0.000000
200.000771	T7 promoter phi10	0.000000	0.000000	0.000000
200.000771	T7 promoter phi13	0.000000	0.000000	0.000000
200.000771	T7 promoter phi17	0.000000	0.000000	0.000000
200.000771	T7 promoter phi2.5	0.000000	0.000000	0.000000
200.000771	T7 promoter phi3.8	0.000000	0.000000	0.000000
200.000771	T7 promoter phi4.3	0.000000	0.000000	0.000000
200.000771	T7 promoter phi4.7	0.000000	0.000000	0.000000
200.000771	T7 promoter phi4c	0.000000	0.000000	0.000000
200.000771	T7 promoter phi6.5	0.000000	0.000000	0.000000
200.000771	T7 promoter phi9	0.000000	0.000000	0.000000
200.000771	__gene 0.3_rbs	0.000000	0.000000	0.000000
200.000771	__gene 1.1_rbs	0.000000	0.000000	0.000000
200.000771	__gene 1.2_rbs	0.000000	0.000000	0.000000
200.000771	__gene 1.3_rbs	0.000000	0.000000	0.000000
200.000771	__gene 1.4_rbs	0.000000	0.000000	0.000000
200.000771	__gene 1.7_rbs	0.000000	0.000000	0.000000
200.000771	__gene 1.8_rbs	0.000000	0.000000	0.000000
200.000771	__gene 10A_rbs	0.000000	0.000000	0.000000
200.000771	__gene 11_rbs	0.000000	0.000000	0.000000
200.000771	__gene 12_rbs	0.000000	0.000000	0.000000
200.000771	__gene 13_rbs	0.000000	0.000000	0.000000
200.000771	__gene 14_rbs	0.000000	0.000000	0.000000
200.000771	__gene 15_rbs	0.000000	0.000000	0.000000
200.000771	__gene 16_rbs	0.000000	0.000000	0.000000
200.000771	__gene 17.5_rbs	0.000000	0.000000	0.000000
200.000771	__gene 17_rbs	0.000000	0.000000	0.000000
200.000771	__gene 18.5_rbs	0.000000	0.000000	0.000000
200.000771	__gene 18.7_rbs	0.000000	0.000000	0.000000
200.000771	__gene 18_rbs	0.000000	0.000000	0.000000
200.000771	__gene 19.2_rbs	0.000000	0.000000	0.000000
200.000771	__gene 19.3_rbs	0.000000	0.000000	0.000000
200.000771	__gene 19.5_rbs	0.000000	0.000000	0.000000
200.000771	__gene 19_rbs	0.000000	0.000000	0.000000
200.000771	__gene 2.5_rbs	0.000000	0.000000	0.000000
200.000771	__gene 2.8_rbs	0.000000	0.000000	0.000000
200.000771	__gene 3.8_rbs	0.000000	0.000000	0.000000
200.000771	__gene 3_rbs	0.000000	0.000000	0.000000
200.000771	__gene 4.2_rbs	0.000000	0.000000	0.000000
200.000771	__gene 4.3_rbs	0.000000	0.000000	0.000000
200.000771	__gene 4.5_rbs	0.000000	0.000000	0.000000
200.000771	__gene 4.7_rbs	0.000000	0.000000	0.000000
200.000771	__gene 4A_rbs	0.000000	0.000000	0.000000
200.000771	__gene 5.3_rbs	0.000000	0.000000	0.000000
200.000771	__gene 5.5_rbs	0.000000	0.000000	0.000000
200.000771	__gene 5.7_rbs	0.000000	0.000000	0.000000
200.000771	__gene 5.9_rbs	0.000000	0.000000	0.000000
200.000771	__gene 5_rbs	0.000000	0.000000	0.000000
200.000771	__gene 6.3_rbs	0.000000	0.000000	0.000000
200.000771	__gene 6.5_rbs	0.000000	0.000000	0.000000
200.000771	__gene 6.7_rbs	0.000000	0.000000	0.000000
200.000771	__gene 6_rbs	0.000000	0.000000	0.000000
200.000771	__gene 7.3_rbs	0.000000	0.000000	0.000000
200.000771	__gene 7.7_rbs	0.000000	0.000000	0.000000
200.000771	__gene 7_rbs	0.000000	0.000000	0.000000
200.000771	__gene 8_rbs	0.000000	0.000000	0.000000
200.000771	__gene 9_rbs	0.000000	0.000000	0.000000
200.000771	__gp-2_rbs	0.000000	0.000000	0.000000
200.000771	__lysozyme-3.5_rbs	0.000000	0.000000	0.000000
200.000771	__protein_kinase-0.7_rbs	0.000000	0.000000	0.000000
200.000771	__ribosome	15.000000	0.000000	0.000000
200.000771	__rnapol-1_rbs	0.000000	0.000000	0.000000
200.000771	bound_ecolipol	1734.000000	0.000000	0.000000
200.000771	bound_ecolipol_p	0.000000	0.000000	0.000000
200.000771	bound_ribosome	9985.000000	0.000000	0.000000
200.000771	degraded_transcript	2385.000000	0.000000	0.000000
200.000771	ecoli_genome	66.000000	0.000000	0.000000
200.000771	ecoli_transcript	11601.000000	0.000000	0.000000
200.000771	ecolipol	66.000000	0.000000	0.000000
200.000771	ecolipol-2	0.000000	0.000000	0.000000
200.000771	ecolipol-2-p	0.000000	0.000000	0.000000
200.000771	ecolipol-p	0.000000	0.000000	0.000000
200.000771	gp-2	0.000000	0.000000	0.000000
200.000771	lysozyme-3.5	0.000000	0.000000	0.000000
200.000771	nonpref_charged	15000.000000	0.000000	0.000000
200.000771	nonpref_uncharged	0.000000	0.000000	0.000000
200.000771	pref_charged	35000.000000	0.000000	0.000000
200.000771	pref_uncharged	0.000000	0.000000	0.000000
200.000771	protein_kinase-0.7	0.000000	0.000000	0.000000
200.000771	rnapol-1	0.000000	0.000000	0.000000
200.000771	rnapol-3.5	0.000000	0.000000	0.000000
205.001461	E. coli B promoter	0.000000	0.000000	0.000000
205.001461	E. coli C promoter	0.000000	0.000000	0.000000
205.001461	E. coli promoter A1	1.000000	0.000000	0.000000
205.001461	E. coli promoter A2	0.000000	0.000000	0.000000
205.001461	E. coli promoter A3	0.000000	0.000000	0.000000
205.001461	T7 promoter phi1.1A	0.000000	0.000000	0.000000
205.001461	T7 promoter phi1.1B	0.000000	0.000000	0.000000
205.001461	T7 promoter phi1.3	0.000000	0.000000	0.000000
205.001461	T7 promoter phi1.5	0.000000	0.000000	0.000000
205.001461	T7 promoter phi1.6	0.000000	0.000000	0.000000
205.001461	T7 promoter phi10	0.000000	0.000000	0.000000
205.001461	T7 promoter phi13	0.000000	0.000000	0.000000
205.001461	T7 promoter phi17	0.000000	0.000000	0.000000
205.001461	T7 promoter phi2.5	0.000000	0.000000	0.000000
205.001461	T7 promoter phi3.8	0.000000	0.000000	0.000000
205.001461	T7 promoter phi4.3	0.000000	0.000000	0.000000
205.001461	T7 promoter phi4.7	0.000000	0.000000	0.000000
205.001461	T7 promoter phi4c	0.000000	0.000000	0.000000
205.001461	T7 promoter phi6.5	0.000000	0.000000	0.000000
205.001461	T7 promoter phi9	0.000000	0.000000	0.000000
205.001461	__gene 0.3_rbs	0.000000	0.000000	0.000000
205.001461	__gene 1.1_rbs	0.000000	0.000000	0.000000
205.001461	__gene 1.2_rbs	0.000000	0.000000	0.000000
205.001461	__gene 1.3_rbs	0.000000	0.000000	0.000000
205.001461	__gene 1.4_rbs	0.000000	0.000000	0.000000
205.001461	__gene 1.7_rbs	0.000000	0.000000	0.000000
205.001461	__gene 1.8_rbs	0.000000	0.000000	0.000000
205.001461	__gene 10A_rbs	0.000000	0.000000	0.000000
205.001461	__gene 11_rbs	0.000000	0.000000	0.000000
205.001461	__gene 12_rbs	0.000000	0.000000	0.000000
205.001461	__gene 13_rbs	0.000000	0.000000	0.000000
205.001461	__gene 14_rbs	0.000000	0.000000	0.000000
205.001461	__gene 15_rbs	0.000000	0.000000	0.000000
205.001461	__gene 16_rbs	0.000000	0.000000	0.000000
205.001461	__gene 17.5_rbs	0.000000	0.000000	0.000000
205.001461	__gene 17_rbs	0.000000	0.000000	0.000000
205.001461	__gene 18.5_rbs	0.000000	0.000000	0.000000
205.001461	__gene 18.7_rbs	0.000000	0.000000	0.000000
205.001461	__gene 18_rbs	0.000000	0.000000	0.000000
205.001461	__gene 19.2_rbs	0.000000	0.000000	0.000000
205.001461	__gene 19.3_rbs	0.000000	0.000000	0.000000
205.001461	__gene 19.5_rbs	0.000000	0.000000	0.000000
205.001461	__gene 19_rbs	0.000000	0.000000	0.000000
205.001461	__gene 2.5_rbs	0.000000	0.000000	0.000000
205.001461	__gene 2.8_rbs	0.000000	0.000000	0.000000
205.001461	__gene 3.8_rbs	0.000000	0.000000	0.000000
205.001461	__gene 3_rbs	0.000000	0.000000	0.000000
205.001461	__gene 4.2_rbs	0.000000	0.000000	0.000000
205.001461	__gene 4.3_rbs	0.000000	0.000000	0.000000
205.001461	__gene 4.5_rbs	0.000000	0.000000	0.000000
205.001461	__gene 4.7_rbs	0.000000	0.000000	0.000000
205.001461	__gene 4A_rbs	0.000000	0.000000	0.000000
205.001461	__gene 5.3_rbs	0.000000	0.000000	0.000000
205.001461	__gene 5.5_rbs	0.000000	0.000000	0.000000
205.001461	__gene 5.7_rbs	0.000000	0.000000	0.000000
205.001461	__gene 5.9_rbs	0.000000	0.000000	0.000000
205.001461	__gene 5_rbs	0.000000	0.000000	0.000000
205.001461	__gene 6.3_rbs	0.000000	0.000000	0.000000
205.001461	__gene 6.5_rbs	0.000000	0.000000	0.000000
205.001461	__gene 6.7_rbs	0.000000	0.000000	0.000000
205.001461	__gene 6_rbs	0.000000	0.000000	0.000000
205.001461	__gene 7.3_rbs	0.000000	0.000000	0.000000
205.001461	__gene 7.7_rbs	0.000000	0.000000	0.000000
205.001461	__gene 7_rbs	0.000000	0.000000	0.000000
205.001461	__gene 8_rbs	0.000000	0.000000	0.000000
205.001461	__gene 9_rbs	0.000000	0.000000	0.000000
205.001461	__gp-2_rbs	0.000000	0.000000	0.000000
205.001461	__lysozyme-3.5_rbs	0.000000	0.000000	0.000000
205.001461	__protein_kinase-0.7_rbs	0.000000	0.000000	0.000000
205.001461	__ribosome	16.000000	0.000000	0.000000
205.001461	__rnapol-1_rbs	0.000000	0.000000	0.000000
205.001461	bound_ecolipol	1730.000000	0.000000	0.000000
205.001461	bound_ecolipol_p	0.000000	0.000000	0.000000
205.001461	bound_ribosome	9984.000000	0.000000	0.000000
205.001461	degraded_transcript	2493.000000	0.000000	0.000000
205.001461	ecoli_genome	70.000000	0.000000	0.000000
205.001461	ecoli_transcript	11828.000000	0.000000	0.000000
205.001461	ecolipol	70.000000	0.000000	0.000000
205.001461	ecolipol-2	0.000000	0.000000	0.000000
205.001461	ecolipol-2-p	0.000000	0.000000	0.000000
205.001461	ecolipol-p	0.000000	0.000000	0.000000
205.001461	gp-2	0.000000	0.000000	0.000000
205.001461	lysozyme-3.5	0.000000	0.000000	0.000000
205.001461	nonpref_charged	15000.000000	0.000000	0.000000
205.001461	nonpref_uncharged	0.000000	0.000000	0.000000
205.001461	pref_charged	35000.000000	0.000000	0.000000
205.001461	pref_uncharged	0.000000	0.000000	0.000000
205.001461	protein_kinase-0.7	0.000000	0.000000	0.000000
205.001461	rnapol-1	0.000000	0.000000	0.000000
205.001461	rnapol-3.5	0.000000	0.000000	0.000000
210.000069	E. coli B promoter	0.000000	0.000000	0.000000
210.000069	E. coli C promoter	0.000000	0.000000	0.000000
210.000069	E. coli promoter A1	1.000000	0.000000	0.000000
210.000069	E. coli promoter A2	0.000000	0.000000	0.000000
210.000069	E. coli promoter A3	0.000000	0.000000	0.000000
210.000069	T7 promoter phi1.1A	0.000000	0.000000	0.000000
210.000069	T7 promoter phi1.1B	0.000000	0.000000	0.000000
210.000069	T7 promoter phi1.3	0.000000	0.000000	0.000000
210.000069	T7 promoter phi1.5	0.000000	0.000000	0.000000
210.000069	T7 promoter phi1.6	0.000000	0.000000	0.000000
210.000069	T7 promoter phi10	0.000000	0.000000	0.000000
210.000069	T7 promoter phi13	0.000000	0.000000	0.000000
210.000069	T7 promoter phi17	0.000000	0.000000	0.000000
210.000069	T7 promoter phi2.5	0.000000	0.000000	0.000000
210.000069	T7 promoter phi3.8	0.000000	0.000000	0.000000
210.000069	T7 promoter phi4.3	0.000000	0.000000	0.000000
210.000069	T7 promoter phi4.7	0.000000	0.000000	0.000000
210.000069	T7 promoter phi4c	0.000000	0.000000	0.000000
210.000069	T7 promoter phi6.5	0.000000	0.000000	0.000000
210.000069	T7 promoter phi9	0.000000	0.000000	0.000000
210.000069	__gene 0.3_rbs	0.000000	0.000000	0.000000
210.000069	__gene 1.1_rbs	0.000000	0.000000	0.000000
210.000069	__gene 1.2_rbs	0.000000	0.000000	0.000000
210.000069	__gene 1.3_rbs	0.000000	0.000000	0.000000
210.000069	__gene 1.4_rbs	0.000000	0.000000	0.000000
210.000069	__gene 1.7_rbs	0.000000	0.000000	0.000000
210.000069	__gene 1.8_rbs	0.000000	0.000000	0.000000
210.000069	__gene 10A_rbs	0.000000	0.000000	0.000000
210.000069	__gene 11_rbs	0.000000	0.000000	0.000000
210.000069	__gene 12_rbs	0.000000	0.000000	0.000000
210.000069	__gene 13_rbs	0.000000	0.000000	0.000000
210.000069	__gene 14_rbs	0.000000	0.000000	0.000000
210.000069	__gene 15_rbs	0.000000	0.000000	0.000000
210.000069	__gene 16_rbs	0.000000	0.000000	0.000000
210.000069	__gene 17.5_rbs	0.000000	0.000000	0.000000
210.000069	__gene 17_rbs	0.000000	0.000000	0.000000
210.000069	__gene 18.5_rbs	0.000000	0.000000	0.000000
210.000069	__gene 18.7_rbs	0.000000	0.000000	0.000000
210.000069	__gene 18_rbs	0.000000	0.000000	0.000000
210.000069	__gene 19.2_rbs	0.000000	0.000000	0.000000
210.000069	__gene 19.3_rbs	0.000000	0.000000	0.000000
210.000069	__gene 19.5_rbs	0.000000	0.000000	0.000000
210.000069	__gene 19_rbs	0.000000	0.000000	0.000000
210.000069	__gene 2.5_rbs	0.000000	0.000000	0.000000
210.000069	__gene 2.8_rbs	0.000000	0.000000	0.000000
210.000069	__gene 3.8_rbs	0.000000	0.000000	0.000000
210.000069	__gene 3_rbs	0.000000	0.000000	0.000000
210.000069	__gene 4.2_rbs	0.000000	0.000000	0.000000
210.000069	__gene 4.3_rbs	0.000000	0.000000	0.000000
210.000069	__gene 4.5_rbs	0.000000	0.000000	0.000000
210.000069	__gene 4.7_rbs	0.000000	0.000000	0.000000
210.000069	__gene 4A_rbs	0.000000	0.000000	0.000000
210.000069	__gene 5.3_rbs	0.000000	0.000000	0.000000
210.000069	__gene 5.5_rbs	0.000000	0.000000	0.000000
210.000069	__gene 5.7_rbs	0.000000	0.000000	0.000000
210.000069	__gene 5.9_rbs	0.000000	0.000000	0.000000
210.000069	__gene 5_rbs	0.000000	0.000000	0.000000
210.000069	__gene 6.3_rbs	0.000000	0.000000	0.000000
210.000069	__gene 6.5_rbs	0.000000	0.000000	0.000000
210.000069	__gene 6.7_rbs	0.000000	0.000000	0.000000
210.000069	__gene 6_rbs	0.000000	0.000000	0.000000
210.000069	__gene 7.3_rbs	0.000000	0.000000	0.000000
210.000069	__gene 7.7_rbs	0.000000	0.000000	0.000000
210.000069	__gene 7_rbs	0.000000	0.000000	0.000000
210.000069	__gene 8_rbs	0.000000	0.000000	0.000000
210.000069	__gene 9_rbs	0.000000	0.000000	0.000000
210.000069	__gp-2_rbs	0.000000	0.000000	0.000000
210.000069	__lysozyme-3.5_rbs	0.000000	0.000000	0.000000
210.000069	__protein_kinase-0.7_rbs	0.000000	0.000000	0.000000
210.000069	__ribosome	17.000000	0.000000	0.000000
210.000069	__rnapol-1_rbs	0.000000	0.000000	0.000000
210.000069	bound_ecolipol	1737.000000	0.000000	0.000000
210.000069	bound_ecolipol_p	0.000000	0.000000	0.000000
210.000069	bound_ribosome	9983.000000	0.000000	0.000000
210.000069	degraded_transcript	2602.000000	0.000000	0.000000
210.000069	ecoli_genome	63.000000	0.000000	0.000000
210.000069	ecoli_transcript	12038.000000	0.000000	0.000000
210.000069	ecolipol	63.000000	0.000000	0.000000
210.000069	ecolipol-2	0.000000	0.000000	0.000000
210.000069	ecolipol-2-p	0.000000	0.000000	0.000000
210.000069	ecolipol-p	0.000000	0.000000	0.000000
210.000069	gp-2	0.000000	0.000000	0.000000
210.000069	lysozyme-3.5	0.000000	0.000000	0.000000
210.000069	nonpref_charged	15000.000000	0.000000	0.000000
210.000069	nonpref_uncharged	0.000000	0.000000	0.000000
210.000069	pref_charged	35000.000000	0.000000	0.000000
210.000069	pref_uncharged	0.000000	0.000000	0.000000
210.000069	protein_kinase-0.7	0.000000	0.000000	0.000000
210.000069	rnapol-1	0.000000	0.000000	0.000000
210.000069	rnapol-3.5	0.000000	0.000000	0.000000
214.999669	E. coli B promoter	0.000000	0.000000	0.000000
214.999669	E. coli C promoter	0.000000	0.000000	0.000000
214.999669	E. coli promoter A1	1.000000	0.000000	0.000000
214.999669	E. coli promoter A2	0.000000	0.000000	0.000000
214.999669	E. coli promoter A3	0.000000	0.000000	0.000000
214.999669	T7 promoter phi1.1A	0.000000	0.000000	0.000000
214.999669	T7 promoter phi1.1B	0.000000	0.000000	0.000000
214.999669	T7 promoter phi1.3	0.000000	0.000000	0.000000
214.999669	T7 promoter phi1.5	0.000000	0.000000	0.000000
214.999669	T7 promoter phi1.6	0.000000	0.000000	0.000000
214.999669	T7 promoter phi10	0.000000	0.000000	0.000000
214.999669	T7 promoter phi13	0.000000	0.000000	0.000000
214.999669	T7 promoter phi17	0.000000	0.000000	0.000000
214.999669	T7 promoter phi2.5	0.000000	0.000000	0.000000
214.999669	T7 promoter phi3.8	0.000000	0.000000	0.000000
214.999669	T7 promoter phi4.3	0.000000	0.000000	0.000000
214.999669	T7 promoter phi4.7	0.000000	0.000000	0.000000
214.999669	T7 promoter phi4c	0.000000	0.000000	0.000000
214.999669	T7 promoter phi6.5	0.000000	0.000000	0.000000
214.999669	T7 promoter phi9	0.000000	0.000000	0.000000
214.999669	__gene 0.3_rbs	0.000000	0.000000	0.000000
214.999669	__gene 1.1_rbs	0.000000	0.000000	0.000000
214.999669	__gene 1.2_rbs	0.000000	0.000000	0.000000
214.999669	__gene 1.3_rbs	0.000000	0.000000	0.000000
214.999669	__gene 1.4_rbs	0.000000	0.000000	0.000000
214.999669	__gene 1.7_rbs	0.000000	0.000000	0.000000
214.999669	__gene 1.8_rbs	0.000000	0.000000	0.000000
214.999669	__gene 10A_rbs	0.000000	0.000000	0.000000
214.999669	__gene 11_rbs	0.000000	0.000000	0.000000
214.999669	__gene 12_rbs	0.000000	0.000000	0.000000
214.999669	__gene 13_rbs	0.000000	0.000000	0.000000
214.999669	__gene 14_rbs	0.000000	0.000000	0.000000
214.999669	__gene 15_rbs	0.000000	0.000000	0.000000
214.999669	__gene 16_rbs	0.000000	0.000000	0.000000
214.999669	__gene 17.5_rbs	0.000000	0.000000	0.000000
214.999669	__gene 17_rbs	0.000000	0.000000	0.000000
214.999669	__gene 18.5_rbs	0.000000	0.000000	0.000000
214.999669	__gene 18.7_rbs	0.000000	0.000000	0.000000
214.999669	__gene 18_rbs	0.000000	0.000000	0.000000
214.999669	__gene 19.2_rbs	0.000000	0.000000	0.000000
214.999669	__gene 19.3_rbs	0.000000	0.000000	0.000000
214.999669	__gene 19.5_rbs	0.000000	0.000000	0.000000
214.999669	__gene 19_rbs	0.000000	0.000000	0.000000
214.999669	__gene 2.5_rbs	0.000000	0.000000	0.000000
214.999669	__gene 2.8_rbs	0.000000	0.000000	0.000000
214.999669	__gene 3.8_rbs	0.000000	0.000000	0.000000
214.999669	__gene 3_rbs	0.000000	0.000000	0.000000
214.999669	__gene 4.2_rbs	0.000000	0.000000	0.000000
214.999669	__gene 4.3_rbs	0.000000	0.000000	0.000000
214.999669	__gene 4.5_rbs	0.000000	0.000000	0.000000
214.999669	__gene 4.7_rbs	0.000000	0.000000	0.000000
214.999669	__gene 4A_rbs	0.000000	0.000000	0.000000
214.999669	__gene 5.3_rbs	0.000000	0.000000	0.000000
214.999669	__gene 5.5_rbs	0.000000	0.000000	0.000000
214.999669	__gene 5.7_rbs	0.000000	0.000000	0.000000
214.999669	__gene 5.9_rbs	0.000000	0.000000	0.000000
214.999669	__gene 5_rbs	0.000000	0.000000	0.000000
214.999669	__gene 6.3_rbs	0.000000	0.000000	0.000000
214.999669	__gene 6.5_rbs	0.000000	0.000000	0.000000
214.999669	__gene 6.7_rbs	0.000000	0.000000	0.000000
214.999669	__gene 6_rbs	0.000000	0.000000	0.000000
214.999669	__gene 7.3_rbs	0.000000	0.000000	0.000000
214.999669	__gene 7.7_rbs	0.000000	0.000000	0.000000
214.999669	__gene 7_rbs	0.000000	0.000000	0.000000
214.999669	__gene 8_rbs	0.000000	0.000000	0.000000
214.999669	__gene 9_rbs	0.000000	0.000000	0.000000
214.999669	__gp-2_rbs	0.000000	0.000000	0.000000
214.999669	__lysozyme-3.5_rbs	0.000000	0.000000	0.000000
214.999669	__protein_kinase-0.7_rbs	0.000000	0.000000	0.000000
214.999669	__ribosome	24.000000	0.000000	0.000000
214.999669	__rnapol-1_rbs	0.000000	0.000000	0.000000
214.999669	bound_ecolipol	1738.000000	0.000000	0.000000
214.999669	bound_ecolipol_p	0.000000	0.000000	0.000000
214.999669	bound_ribosome	9976.000000	0.000000	0.000000
214.999669	degraded_transcript	2730.000000	0.000000	0.000000
214.999669	ecoli_genome	62.000000	0.000000	0.000000
214.999669	ecoli_transcript	12251.000000	0.000000	0.000000
214.999669	ecolipol	62.000000	0.000000	0.000000
214.999669	ecolipol-2	0.000000	0.000000	0.000000
214.999669	ecolipol-2-p	0.000000	0.000000	0.000000
214.999669	ecolipol-p	0.000000	0.000000	0.000000
214.999669	gp-2	0.000000	0.000000	0.000000
214.999669	lysozyme-3.5	0.000000	0.000000	0.000000
214.999669	nonpref_charged	15000.000000	0.000000	0.000000
214.999669	nonpref_uncharged	0.000000	0.000000	0.000000
214.999669	pref_charged	35000.000000	0.000000	0.000000
214.999669	pref_uncharged	0.000000	0.000000	0.000000
214.999669	protein_kinase-0.7	0.000000	0.000000	0.000000
214.999669	rnapol-1	0.000000	0.000000	0.000000
214.999669	rnapol-3.5	0.000000	0.000000	0.000000
219.999334	E. coli B promoter	0.000000	0.000000	0.000000
219.999334	E. coli C promoter	0.000000	0.000000	0.000000
219.999334	E. coli promoter A1	1.000000	0.000000	0.000000
219.999334	E. coli promoter A2	0.000000	0.000000	0.000000
219.999334	E. coli promoter A3	0.000000	0.000000	0.000000
219.999334	T7 promoter phi1.1A	0.000000	0.000000	0.000000
219.999334	T7 promoter phi1.1B	0.000000	0.000000	0.000000
219.999334	T7 promoter phi1.3	0.000000	0.000000	0.000000
219.999334	T7 promoter phi1.5	0.000000	0.000000	0.000000
219.999334	T7 promoter phi1.6	0.000000	0.000000	0.000000
219.999334	T7 promoter phi10	0.000000	0.000000	0.000000
219.999334	T7 promoter phi13	0.000000	0.000000	0.000000
219.999334	T7 promoter phi17	0.000000	0.000000	0.000000
219.999334	T7 promoter phi2.5	0.000000	0.000000	0.000000
219.999334	T7 promoter phi3.8	0.000000	0.000000	0.000000
219.999334	T7 promoter phi4.3	0.000000	0.000000	0.000000
219.999334	T7 promoter phi4.7	0.000000	0.000000	0.000000
219.999334	T7 promoter phi4c	0.000000	0.000000	0.000000
219.999334	T7 promoter phi6.5	0.000000	0.000000	0.000000
219.999334	T7 promoter phi9	0.000000	0.000000	0.000000
219.999334	__gene 0.3_rbs	0.000000	0.000000	0.000000
219.999334	__gene 1.1_rbs	0.000000	0.000000	0.000000
219.999334	__gene 1.2_rbs	0.000000	0.000000	0.000000
219.999334	__gene 1.3_rbs	0.000000	0.000000	0.000000
219.999334	__gene 1.4_rbs	0.000000	0.000000	0.000000
219.999334	__gene 1.7_rbs	0.000000	0.000000	0.000000
219.999334	__gene 1.8_rbs	0.000000	0.000000	0.000000
219.999334	__gene 10A_rbs	0.000000	0.000000	0.000000
219.999334	__gene 11_rbs	0.000000	0.000000	0.000000
219.999334	__gene 12_rbs	0.000000	0.000000	0.000000
219.999334	__gene 13_rbs	0.000000	0.000000	0.000000
219.999334	__gene 14_rbs	0.000000	0.000000	0.000000
219.999334	__gene 15_rbs	0.000000	0.000000	0.000000
219.999334	__gene 16_rbs	0.000000	0.000000	0.000000
219.999334	__gene 17.5_rbs	0.000000	0.000000	0.000000
219.999334	__gene 17_rbs	0.000000	0.000000	0.000000
219.999334	__gene 18.5_rbs	0.000000	0.000000	0.000000
219.999334	__gene 18.7_rbs	0.000000	0.000000	0.000000
219.999334	__gene 18_rbs	0.000000	0.000000	0.000000
219.999334	__gene 19.2_rbs	0.000000	0.000000	0.000000
219.999334	__gene 19.3_rbs	0.000000	0.000000	0.000000
219.999334	__gene 19.5_rbs	0.000000	0.000000	0.000000
219.999334	__gene 19_rbs	0.000000	0.000000	0.000000
219.999334	__gene 2.5_rbs	0.000000	0.000000	0.000000
219.999334	__gene 2.8_rbs	0.000000	0.000000	0.000000
219.999334	__gene 3.8_rbs	0.000000	0.000000	0.000000
219.999334	__gene 3_rbs	0.000000	0.000000	0.000000
219.999334	__gene 4.2_rbs	0.000000	0.000000	0.000000
219.999334	__gene 4.3_rbs	0.000000	0.000000	0.000000
219.999334	__gene 4.5_rbs	0.000000	0.000000	0.000000
219.999334	__gene 4.7_rbs	0.000000	0.000000	0.000000
219.999334	__gene 4A_rbs	0.000000	0.000000	0.000000
219.999334	__gene 5.3_rbs	0.000000	0.000000	0.000000
219.999334	__gene 5.5_rbs	0.000000	0.000000	0.000000
219.999334	__gene 5.7_rbs	0.000000	0.000000	0.000000
219.999334	__gene 5.9_rbs	0.000000	0.000000	0.000000
219.999334	__gene 5_rbs	0.000000	0.000000	0.000000
219.999334	__gene 6.3_rbs	0.000000	0.000000	0.000000
219.999334	__gene 6.5_rbs	0.000000	0.000000	0.000000
219.999334	__gene 6.7_rbs	0.000000	0.000000	0.000000
219.999334	__gene 6_rbs	0.000000	0.000000	0.000000
219.999334	__gene 7.3_rbs	0.000000	0.000000	0.000000
219.999334	__gene 7.7_rbs	0.000000	0.000000	0.000000
219.999334	__gene 7_rbs	0.000000	0.000000	0.000000
219.999334	__gene 8_rbs	0.000000	0.000000	0.000000
219.999334	__gene 9_rbs	0.000000	0.000000	0.000000
219.999334	__gp-2_rbs	0.000000	0.000000	0.000000
219.999334	__lysozyme-3.5_rbs	0.000000	0.000000	0.000000
219.999334	__protein_kinase-0.7_rbs	0.000000	0.000000	0.000000
219.999334	__ribosome	16.000000	0.000000	0.000000
219.999334	__rnapol-1_rbs	0.000000	0.000000	0.000000
219.999334	bound_ecolipol	1733.000000	0.000000	0.000000
219.999334	bound_ecolipol_p	0.000000	0.000000	0.000000
219.999334	bound_ribosome	9984.000000	0.000000	0.000000
219.999334	degraded_transcript	2849.000000	0.000000	0.000000
219.999334	ecoli_genome	67.000000	0.000000	0.000000
219.999334	ecoli_transcript	12488.000000	0.000000	0.000000
219.999334	ecolipol	67.000000	0.000000	0.000000
219.999334	ecolipol-2	0.000000	0.000000	0.000000
219.999334	ecolipol-2-p	0.000000	0.000000	0.000000
219.999334	ecolipol-p	0.000000	0.000000	0.000000
219.999334	gp-2	0.000000	0.000000	0.000000
219.999334	lysozyme-3.5	0.000000	0.000000	0.000000
219.999334	nonpref_charged	15000.000000	0.000000	0.000000
219.999334	nonpref_uncharged	0.000000	0.000000	0.000000
219.999334	pref_charged	35000.000000	0.000000	0.000000
219.999334	pref_uncharged	0.000000	0.000000	0.000000
219.999334	protein_kinase-0.7	0.000000	0.000000	0.000000
219.999334	rnapol-1	0.000000	0.000000	0.000000
219.999334	rnapol-3.5	0.000000	0.000000	0.000000
224.999025	E. coli B promoter	0.000000	0.000000	0.000000
224.999025	E. coli C promoter	0.000000	0.000000	0.000000
224.999025	E. coli promoter A1	1.000000	0.000000	0.000000
224.999025	E. coli promoter A2	0.000000	0.000000	0.000000
224.999025	E. coli promoter A3	0.000000	0.000000	0.000000
224.999025	T7 promoter phi1.1A	0.000000	0.000000	0.000000
224.999025	T7 promoter phi1.1B	0.000000	0.000000	0.000000
224.999025	T7 promoter phi1.3	0.000000	0.000000	0.000000
224.999025	T7 promoter phi1.5	0.000000	0.000000	0.000000
224.999025	T7 promoter phi1.6	0.000000	0.000000	0.000000
224.999025	T7 promoter phi10	0.000000	0.000000	0.000000
224.999025	T7 promoter phi13	0.000000	0.000000	0.000000
224.999025	T7 promoter phi17	0.000000	0.000000	0.000000
224.999025	T7 promoter phi2.5	0.000000	0.000000	0.000000
224.999025	T7 promoter phi3.8	0.000000	0.000000	0.000000
224.999025	T7 promoter phi4.3	0.000000	0.000000	0.000000
224.999025	T7 promoter phi4.7	0.000000	0.000000	0.000000
224.999025	T7 promoter phi4c	0.000000	0.000000	0.000000
224.999025	T7 promoter phi6.5	0.000000	0.000000	0.000000
224.999025	T7 promoter phi9	0.000000	0.000000	0.000000
224.999025	__gene 0.3_rbs	0.000000	0.000000	0.000000
224.999025	__gene 1.1_rbs	0.000000	0.000000	0.000000
224.999025	__gene 1.2_rbs	0.000000	0.000000	0.000000
224.999025	__gene 1.3_rbs	0.000000	0.000000	0.000000
224.999025	__gene 1.4_rbs	0.000000	0.000000	0.000000
224.999025	__gene 1.7_rbs	0.000000	0.000000	0.000000
224.999025	__gene 1.8_rbs	0.000000	0.000000	0.000000
224.999025	__gene 10A_rbs	0.000000	0.000000	0.000000
224.999025	__gene 11_rbs	0.000000	0.000000	0.000000
224.999025	__gene 12_rbs	0.000000	0.000000	0.000000
224.999025	__gene 13_rbs	0.000000	0.000000	0.000000
224.999025	__gene 14_rbs	0.000000	0.000000	0.000000
224.999025	__gene 15_rbs	0.000000	0.000000	0.000000
224.999025	__gene 16_rbs	0.000000	0.000000	0.000000
224.999025	__gene 17.5_rbs	0.000000	0.000000	0.000000
224.999025	__gene 17_rbs	0.000000	0.000000	0.000000
224.999025	__gene 18.5_rbs	0.000000	0.000000	0.000000
224.999025	__gene 18.7_rbs	0.000000	0.000000	0.000000
224.999025	__gene 18_rbs	0.000000	0.000000	0.000000
224.999025	__gene 19.2_rbs	0.000000	0.000000	0.000000
224.999025	__gene 19.3_rbs	0.000000	0.000000	0.000000
224.999025	__gene 19.5_rbs	0.000000	0.000000	0.000000
224.999025	__gene 19_rbs	0.000000	0.000000	0.000000
224.999025	__gene 2.5_rbs	0.000000	0.000000	0.000000
224.999025	__gene 2.8_rbs	0.000000	0.000000	0.000000
224.999025	__gene 3.8_rbs	0.000000	0.000000	0.000000
224.999025	__gene 3_rbs	0.000000	0.000000	0.000000
224.999025	__gene 4.2_rbs	0.000000	0.000000	0.000000
224.999025	__gene 4.3_rbs	0.000000	0.000000	0.000000
224.999025	__gene 4.5_rbs	0.000000	0.000000	0.000000
224.999025	__gene 4.7_rbs	0.000000	0.000000	0.000000
224.999025	__gene 4A_rbs	0.000000	0.000000	0.000000
224.999025	__gene 5.3_rbs	0.000000	0.000000	0.000000
224.999025	__gene 5.5_rbs	0.000000	0.000000	0.000000
224.999025	__gene 5.7_rbs	0.000000	0.000000	0.000000
224.999025	__gene 5.9_rbs	0.000000	0.000000	0.000000
224.999025	__gene 5_rbs	0.000000	0.000000	0.000000
224.999025	__gene 6.3_rbs	0.000000	0.000000	0.000000
224.999025	__gene 6.5_rbs	0.000000	0.000000	0.000000
224.999025	__gene 6.7_rbs	0.000000	0.000000	0.000000
224.999025	__gene 6_rbs	0.000000	0.000000	0.000000
224.999025	__gene 7.3_rbs	0.000000	0.000000	0.000000
224.999025	__gene 7.7_rbs	0.000000	0.000000	0.000000
224.999025	__gene 7_rbs	0.000000	0.000000	0.000000
224.999025	__gene 8_rbs	0.000000	0.000000	0.000000
224.999025	__gene 9_rbs	0.000000	0.000000	0.000000
224.999025	__gp-2_rbs	0.000000	0.000000	0.000000
224.999025	__lysozyme-3.5_rbs	0.000000	0.000000	0.000000
224.999025	__protein_kinase-0.7_rbs	0.000000	0.000000	0.000000
224.999025	__ribosome	26.000000	0.000000	0.000000
224.999025	__rnapol-1_rbs	0.000000	0.000000	0.000000
224.999025	bound_ecolipol	1734.000000	0.000000	0.000000
224.999025	bound_ecolipol_p	0.000000	0.000000	0.000000
224.999025	bound_ribosome	9974.000000	0.000000	0.000000
224.999025	degraded_transcript	2958.000000	0.000000	0.000000
224.999025	ecoli_genome	66.000000	0.000000	0.000000
224.999025	ecoli_transcript	12769.000000	0.000000	0.000000
224.999025	ecolipol	66.000000	0.000000	0.000000
224.999025	ecolipol-2	0.000000	0.000000	0.000000
224.999025	ecolipol-2-p	0.000000	0.000000	0.000000
224.999025	ecolipol-p	0.000000	0.000000	0.000000
224.999025	gp-2	0.000000	0.000000	0.000000
224.999025	lysozyme-3.5	0.000000	0.000000	0.000000
224.999025	nonpref_charged	15000.000000	0.000000	0.000000
224.999025	nonpref_uncharged	0.000000	0.000000	0.000000
224.999025	pref_charged	35000.000000	0.000000	0.000000
224.999025	pref_uncharged	0.000000	0.000000	0.000000
224.999025	protein_kinase-0.7	0.000000	0.000000	0.000000
224.999025	rnapol-1	0.000000	0.000000	0.000000
224.999025	rnapol-3.5	0.000000	0.000000	0.000000
229.999490	E. coli B promoter	0.000000	0.000000	0.000000
229.999490	E. coli C promoter	0.000000	0.000000	0.000000
229.999490	E. coli promoter A1	1.000000	0.000000	0.000000
229.999490	E. coli promoter A2	0.000000	0.000000	0.000000
229.999490	E. coli promoter A3	0.000000	0.000000	0.000000
229.999490	T7 promoter phi1.1A	0.000000	0.000000	0.000000
229.999490	T7 promoter phi1.1B	0.000000	0.000000	0.000000
229.999490	T7 promoter phi1.3	0.000000	0.000000	0.000000
229.999490	T7 promoter phi1.5	0.000000	0.000000	0.000000
229.999490	T7 promoter phi1.6	0.000000	0.000000	0.000000
229.999490	T7 promoter phi10	0.000000	0.000000	0.000000
229.999490	T7 promoter phi13	0.000000	0.000000	0.000000
229.999490	T7 promoter phi17	0.000000	0.000000	0.000000
229.999490	T7 promoter phi2.5	0.000000	0.000000	0.000000
229.999490	T7 promoter phi3.8	0.000000	0.000000	0.000000
229.999490	T7 promoter phi4.3	0.000000	0.000000	0.000000
229.999490	T7 promoter phi4.7	0.000000	0.000000	0.000000
229.999490	T7 promoter phi4c	0.000000	0.000000	0.000000
229.999490	T7 promoter phi6.5	0.000000	0.000000	0.000000
229.999490	T7 promoter phi9	0.000000	0.000000	0.000000
229.999490	__gene 0.3_rbs	0.000000	0.000000	0.000000
229.999490	__gene 1.1_rbs	0.000000	0.000000	0.000000
229.999490	__gene 1.2_rbs	0.000000	0.000000	0.000000
229.999490	__gene 1.3_rbs	0.000000	0.000000	0.000000
229.999490	__gene 1.4_rbs	0.000000	0.000000	0.000000
229.999490	__gene 1.7_rbs	0.000000	0.000000	0.000000
229.999490	__gene 1.8_rbs	0.000000	0.000000	0.000000
229.999490	__gene 10A_rbs	0.000000	0.000000	0.000000
229.999490	__gene 11_rbs	0.000000	0.000000	0.000000
229.999490	__gene 12_rbs	0.000000	0.000000	0.000000
229.999490	__gene 13_rbs	0.000000	0.000000	0.000000
229.999490	__gene 14_rbs	0.000000	0.000000	0.000000
229.999490	__gene 15_rbs	0.000000	0.000000	0.000000
229.999490	__gene 16_rbs	0.000000	0.000000	0.000000
229.999490	__gene 17.5_rbs	0.000000	0.000000	0.000000
229.999490	__gene 17_rbs	0.000000	0.000000	0.000000
229.999490	__gene 18.5_rbs	0.000000	0.000000	0.000000
229.999490	__gene 18.7_rbs	0.000000	0.000000	0.000000
229.999490	__gene 18_rbs	0.000000	0.000000	0.000000
229.999490	__gene 19.2_rbs	0.000000	0.000000	0.000000
229.999490	__gene 19.3_rbs	0.000000	0.000000	0.000000
229.999490	__gene 19.5_rbs	0.000000	0.000000	0.000000
229.999490	__gene 19_rbs	0.000000	0.000000	0.000000
229.999490	__gene 2.5_rbs	0.000000	0.000000	0.000000
229.999490	__gene 2.8_rbs	0.000000	0.000000	0.000000
229.999490	__gene 3.8_rbs	0.000000	0.000000	0.000000
229.999490	__gene 3_rbs	0.000000	0.000000	0.000000
229.999490	__gene 4.2_rbs	0.000000	0.000000	0.000000
229.999490	__gene 4.3_rbs	0.000000	0.000000	0.000000
229.999490	__gene 4.5_rbs	0.000000	0.000000	0.000000
229.999490	__gene 4.7_rbs	0.000000	0.000000	0.000000
229.999490	__gene 4A_rbs	0.000000	0.000000	0.000000
229.999490	__gene 5.3_rbs	0.000000	0.000000	0.000000
229.999490	__gene 5.5_rbs	0.000000	0.000000	0.000000
229.999490	__gene 5.7_rbs	0.000000	0.000000	0.000000
229.999490	__gene 5.9_rbs	0.000000	0.000000	0.000000
229.999490	__gene 5_rbs	0.000000	0.000000	0.000000
229.999490	__gene 6.3_rbs	0.000000	0.000000	0.000000
229.999490	__gene 6.5_rbs	0.000000	0.000000	0.000000
229.999490	__gene 6.7_rbs	0.000000	0.000000	0.000000
229.999490	__gene 6_rbs	0.000000	0.000000	0.000000
229.999490	__gene 7.3_rbs	0.000000	0.000000	0.000000
229.999490	__gene 7.7_rbs	0.000000	0.000000	0.000000
229.999490	__gene 7_rbs	0.000000	0.000000	0.000000
229.999490	__gene 8_rbs	0.000000	0.000000	0.000000
229.999490	__gene 9_rbs	0.000000	0.000000	0.000000
229.999490	__gp-2_rbs	0.000000	0.000000	0.000000
229.999490	__lysozyme-3.5_rbs	0.000000	0.000000	0.000000
229.999490	__protein_kinase-0.7_rbs	0.000000	0.000000	0.000000
229.999490	__ribosome	24.000000	0.000000	0.000000
229.999490	__rnapol-1_rbs	0.000000	0.000000	0.000000
229.999490	bound_ecolipol	1732.000000	0.000000	0.000000
229.999490	bound_ecolipol_p	0.000000	0.000000	0.000000
229.999490	bound_ribosome	9976.000000	0.000000	0.000000
229.999490	degraded_transcript	3085.000000	0.000000	0.000000
229.999490	ecoli_genome	68.000000	0.000000	0.000000
229.999490	ecoli_transcript	13013.000000	0.000000	0.000000
229.999490	ecolipol	68.000000	0.000000	0.000000
229.999490	ecolipol-2	0.000000	0.000000	0.000000
229.999490	ecolipol-2-p	0.000000	0.000000	0.000000
229.999490	ecolipol-p	0.000000	0.000000	0.000000
229.999490	gp-2	0.000000	0.000000	0.000000
229.999490	lysozyme-3.5	0.000000	0.000000	0.000000
229.999490	nonpref_charged	15000.000000	0.000000	0.000000
229.999490	nonpref_uncharged	0.000000	0.000000	0.000000
229.999490	pref_charged	35000.000000	0.000000	0.000000
229.999490	pref_uncharged	0.000000	0.000000	0.000000
229.999490	protein_kinase-0.7	0.000000	0.000000	0.000000
229.999490	rnapol-1	0.000000	0.000000	0.000000
229.999490	rnapol-3.5	0.000000	0.000000	0.000000
234.999457	E. coli B promoter	0.000000	0.000000	0.000000
234.999457	E. coli C promoter	0.000000	0.000000	0.000000
234.999457	E. coli promoter A1	1.000000	0.000000	0.000000
234.999457	E. coli promoter A2	0.000000	0.000000	0.000000
234.999457	E. coli promoter A3	0.000000	0.000000	0.000000
234.999457	T7 promoter phi1.1A	0.000000	0.000000	0.000000
234.999457	T7 promoter phi1.1B	0.000000	0.000000	0.000000
234.999457	T7 promoter phi1.3	0.000000	0.000000	0.000000
234.999457	T7 promoter phi1.5	0.000000	0.000000	0.000000
234.999457	T7 promoter phi1.6	0.000000	0.000000	0.000000
234.999457	T7 promoter phi10	0.000000	0.000000	0.000000
234.999457	T7 promoter phi13	0.000000	0.000000	0.000000
234.999457	T7 promoter phi17	0.000000	0.000000	0.000000
234.999457	T7 promoter phi2.5	0.000000	0.000000	0.000000
234.999457	T7 promoter phi3.8	0.000000	0.000000	0.000000
234.999457	T7 promoter phi4.3	0.000000	0.000000	0.000000
234.999457	T7 promoter phi4.7	0.000000	0.000000	0.000000
234.999457	T7 promoter phi4c	0.000000	0.000000	0.000000
234.999457	T7 promoter phi6.5	0.000000	0.000000	0.000000
234.999457	T7 promoter phi9	0.000000	0.000000	0.000000
234.999457	__gene 0.3_rbs	0.000000	0.000000	0.000000
234.999457	__gene 1.1_rbs	0.000000	0.000000	0.000000
234.999457	__gene 1.2_rbs	0.000000	0.000000	0.000000
234.999457	__gene 1.3_rbs	0.000000	0.000000	0.000000
234.999457	__gene 1.4_rbs	0.000000	0.000000	0.000000
234.999457	__gene 1.7_rbs	0.000000	0.000000	0.000000
234.999457	__gene 1.8_rbs	0.000000	0.000000	0.000000
234.999457	__gene 10A_rbs	0.000000	0.000000	0.000000
234.999457	__gene 11_rbs	0.000000	0.000000	0.000000
234.999457	__gene 12_rbs	0.000000	0.000000	0.000000
234.999457	__gene 13_rbs	0.000000	0.000000	0.000000
234.999457	__gene 14_rbs	0.000000	0.000000	0.000000
234.999457	__gene 15_rbs	0.000000	0.000000	0.000000
234.999457	__gene 16_rbs	0.000000	0.000000	0.000000
234.999457	__gene 17.5_rbs	0.000000	0.000000	0.000000
234.999457	__gene 17_rbs	0.000000	0.000000	0.000000
234.999457	__gene 18.5_rbs	0.000000	0.000000	0.000000
234.999457	__gene 18.7_rbs	0.000000	0.000000	0.000000
234.999457	__gene 18_rbs	0.000000	0.000000	0.000000
234.999457	__gene 19.2_rbs	0.000000	0.000000	0.000000
234.999457	__gene 19.3_rbs	0.000000	0.000000	0.000000
234.999457	__gene 19.5_rbs	0.000000	0.000000	0.000000
234.999457	__gene 19_rbs	0.000000	0.000000	0.000000
234.999457	__gene 2.5_rbs	0.000000	0.000000	0.000000
234.999457	__gene 2.8_rbs	0.000000	0.000000	0.000000
234.999457	__gene 3.8_rbs	0.000000	0.000000	0.000000
234.999457	__gene 3_rbs	0.000000	0.000000	0.000000
234.999457	__gene 4.2_rbs	0.000000	0.000000	0.000000
234.999457	__gene 4.3_rbs	0.000000	0.000000	0.000000
234.999457	__gene 4.5_rbs	0.000000	0.000000	0.000000
234.999457	__gene 4.7_rbs	0.000000	0.000000	0.000000
234.999457	__gene 4A_rbs	0.000000	0.000000	0.000000
234.999457	__gene 5.3_rbs	0.000000	0.000000	0.000000
234.999457	__gene 5.5_rbs	0.000000	0.000000	0.000000
234.999457	__gene 5.7_rbs	0.000000	0.000000	0.000000
234.999457	__gene 5.9_rbs	0.000000	0.000000	0.000000
234.999457	__gene 5_rbs	0.000000	0.000000	0.000000
234.999457	__gene 6.3_rbs	0.000000	0.000000	0.000000
234.999457	__gene 6.5_rbs	0.000000	0.000000	0.000000
234.999457	__gene 6.7_rbs	0.000000	0.000000	0.000000
234.999457	__gene 6_rbs	0.000000	0.000000	0.000000
234.999457	__gene 7.3_rbs	0.000000	0.000000	0.000000
234.999457	__gene 7.7_rbs	0.000000	0.000000	0.000000
234.999457	__gene 7_rbs	0.000000	0.000000	0.000000
234.999457	__gene 8_rbs	0.000000	0.000000	0.000000
234.999457	__gene 9_rbs	0.000000	0.000000	0.000000
234.999457	__gp-2_rbs	0.000000	0.000000	0.000000
234.999457	__lysozyme-3.5_rbs	0.000000	0.000000	0.000000
234.999457	__protein_kinase-0.7_rbs	0.000000	0.000000	0.000000
234.999457	__ribosome	19.000000	0.000000	0.000000
234.999457	__rnapol-1_rbs	0.000000	0.000000	0.000000
234.999457	bound_ecolipol	1735.000000	0.000000	0.000000
234.999457	bound_ecolipol_p	0.000000	0.000000	0.000000
234.999457	bound_ribosome	9981.000000	0.000000	0.000000
234.999457	degraded_transcript	3239.000000	0.000000	0.000000
234.999457	ecoli_genome	65.000000	0.000000	0.000000
234.999457	ecoli_transcript	13214.000000	0.000000	0.000000
234.999457	ecolipol	65.000000	0.000000	0.000000
234.999457	ecolipol-2	0.000000	0.000000	0.000000
234.999457	ecolipol-2-p	0.000000	0.000000	0.000000
234.999457	ecolipol-p	0.000000	0.000000	0.000000
234.999457	gp-2	0.000000	0.000000	0.000000
234.999457	lysozyme-3.5	0.000000	0.000000	0.000000
234.999457	nonpref_charged	15000.000000	0.000000	0.000000
234.999457	nonpref_uncharged	0.000000	0.000000	0.000000
234.999457	pref_charged	35000.000000	0.000000	0.000000
234.999457	pref_uncharged	0.000000	0.000000	0.000000
234.999457	protein_kinase-0.7	0.000000	0.000000	0.000000
234.999457	rnapol-1	0.000000	0.000000	0.000000
234.999457	rnapol-3.5	0.000000	0.000000	0.000000
239.999970	E. coli B promoter	0.000000	0.000000	0.000000
239.999970	E. coli C promoter	0.000000	0.000000	0.000000
239.999970	E. coli promoter A1	1.000000	0.000000	0.000000
239.999970	E. coli promoter A2	0.000000	0.000000	0.000000
239.999970	E. coli promoter A3	0.000000	0.000000	0.000000
239.999970	T7 promoter phi1.1A	0.000000	0.000000	0.000000
239.999970	T7 promoter phi1.1B	0.000000	0.000000	0.000000
239.999970	T7 promoter phi1.3	0.000000	0.000000	0.000000
239.999970	T7 promoter phi1.5	0.000000	0.000000	0.000000
239.999970	T7 promoter phi1.6	0.000000	0.000000	0.000000
239.999970	T7 promoter phi10	0.000000	0.000000	0.000000
239.999970	T7 promoter phi13	0.000000	0.000000	0.000000
239.999970	T7 promoter phi17	0.000000	0.000000	0.000000
239.999970	T7 promoter phi2.5	0.000000	0.000000	0.000000
239.999970	T7 promoter phi3.8	0.000000	0.000000	0.000000
239.999970	T7 promoter phi4.3	0.000000	0.000000	0.000000
239.999970	T7 promoter phi4.7	0.000000	0.000000	0.000000
239.999970	T7 promoter phi4c	0.000000	0.000000	0.000000
239.999970	T7 promoter phi6.5	0.000000	0.000000	0.000000
239.999970	T7 promoter phi9	0.000000	0.000000	0.000000
239.999970	__gene 0.3_rbs	0.000000	0.000000	0.000000
239.999970	__gene 1.1_rbs	0.000000	0.000000	0.000000
239.999970	__gene 1.2_rbs	0.000000	0.000000	0.000000
239.999970	__gene 1.3_rbs	0.000000	0.000000	0.000000
239.999970	__gene 1.4_rbs	0.000000	0.000000	0.000000
239.999970	__gene 1.7_rbs	0.000000	0.000000	0.000000
239.999970	__gene 1.8_rbs	0.000000	0.000000	0.000000
239.999970	__gene 10A_rbs	0.000000	0.000000	0.000000
239.999970	__gene 11_rbs	0.000000	0.000000	0.000000
239.999970	__gene 12_rbs	0.000000	0.000000	0.000000
239.999970	__gene 13_rbs	0.000000	0.000000	0.000000
239.999970	__gene 14_rbs	0.000000	0.000000	0.000000
239.999970	__gene 15_rbs	0.000000	0.000000	0.000000
239.999970	__gene 16_rbs	0.000000	0.000000	0.000000
239.999970	__gene 17.5_rbs	0.000000	0.000000	0.000000
239.999970	__gene 17_rbs	0.000000	0.000000	0.000000
239.999970	__gene 18.5_rbs	0.000000	0.000000	0.000000
239.999970	__gene 18.7_rbs	0.000000	0.000000	0.000000
239.999970	__gene 18_rbs	0.000000	0.000000	0.000000
239.999970	__gene 19.2_rbs	0.000000	0.000000	0.000000
239.999970	__gene 19.3_rbs	0.000000	0.000000	0.000000
239.999970	__gene 19.5_rbs	0.000000	0.000000	0.000000
239.999970	__gene 19_rbs	0.000000	0.000000	0.000000
239.999970	__gene 2.5_rbs	0.000000	0.000000	0.000000
239.999970	__gene 2.8_rbs	0.000000	0.000000	0.000000
239.999970	__gene 3.8_rbs	0.000000	0.000000	0.000000
239.999970	__gene 3_rbs	0.000000	0.000000	0.000000
239.999970	__gene 4.2_rbs	0.000000	0.000000	0.000000
239.999970	__gene 4.3_rbs	0.000000	0.000000	0.000000
239.999970	__gene 4.5_rbs	0.000000	0.000000	0.000000
239.999970	__gene 4.7_rbs	0.000000	0.000000	0.000000
239.999970	__gene 4A_rbs	0.000000	0.000000	0.000000
239.999970	__gene 5.3_rbs	0.000000	0.000000	0.000000
239.999970	__gene 5.5_rbs	0.000000	0.000000	0.000000
239.999970	__gene 5.7_rbs	0.000000	0.000000	0.000000
239.999970	__gene 5.9_rbs	0.000000	0.000000	0.000000
239.999970	__gene 5_rbs	0.000000	0.000000	0.000000
239.999970	__gene 6.3_rbs	0.000000	0.000000	0.000000
239.999970	__gene 6.5_rbs	0.000000	0.000000	0.000000
239.999970	__gene 6.7_rbs	0.000000	0.000000	0.000000
239.999970	__gene 6_rbs	0.000000	0.000000	0.000000
239.999970	__gene 7.3_rbs	0.000000	0.000000	0.000000
239.999970	__gene 7.7_rbs	0.000000	0.000000	0.000000
239.999970	__gene 7_rbs	0.000000	0.000000	0.000000
239.999970	__gene 8_rbs	0.000000	0.000000	0.000000
239.999970	__gene 9_rbs	0.000000	0.000000	0.000000
239.999970	__gp-2_rbs	0.000000	0.000000	0.000000
239.999970	__lysozyme-3.5_rbs	0.000000	0.000000	0.000000
239.999970	__protein_kinase-0.7_rbs	0.000000	0.000000	0.000000
239.999970	__ribosome	23.000000	0.000000	0.000000
239.999970	__rnapol-1_rbs	0.000000	0.000000	0.000000
239.999970	bound_ecolipol	1737.000000	0.000000	0.000000
239.999970	bound_ecolipol_p	0.000000	0.000000	0.000000
239.999970	bound_ribosome	9977.000000	0.000000	0.000000
239.999970	degraded_transcript	3369.000000	0.000000	0.000000
239.999970	ecoli_genome	63.000000	0.000000	0.000000
239.999970	ecoli_transcript	13457.000000	0.000000	0.000000
239.999970	ecolipol	63.000000	0.000000	0.000000
239.999970	ecolipol-2	0.000000	0.000000	0.000000
239.999970	ecolipol-2-p	0.000000	0.000000	0.000000
239.999970	ecolipol-p	0.000000	0.000000	0.000000
239.999970	gp-2	0.000000	0.000000	0.000000
239.999970	lysozyme-3.5	0.000000	0.000000	0.000000
239.999970	nonpref_charged	15000.000000	0.000000	0.000000
239.999970	nonpref_uncharged	0.000000	0.000000	0.000000
239.999970	pref_charged	35000.000000	0.000000	0.000000
239.999970	pref_uncharged	0.000000	0.000000	0.000000
239.999970	protein_kinase-0.7	0.000000	0.000000	0.000000
239.999970	rnapol-1	0.000000	0.000000	0.000000
239.999970	rnapol-3.5	0.000000	0.000000	0.000000
245.000665	E. coli B promoter	0.000000	0.000000	0.000000
245.000665	E. coli C promoter	0.000000	0.000000	0.000000
245.000665	E. coli promoter A1	1.000000	0.000000	0.000000
245.000665	E. coli promoter A2	1.000000	0.000000	0.000000
245.000665	E. coli promoter A3	0.000000	0.000000	0.000000
245.000665	T7 promoter phi1.1A	0.000000	0.000000	0.000000
245.000665	T7 promoter phi1.1B	0.000000	0.000000	0.000000
245.000665	T7 promoter phi1.3	0.000000	0.000000	0.000000
245.000665	T7 promoter phi1.5	0.000000	0.000000	0.000000
245.000665	T7 promoter phi1.6	0.000000	0.000000	0.000000
245.000665	T7 promoter phi10	0.000000	0.000000	0.000000
245.000665	T7 promoter phi13	0.000000	0.000000	0.000000
245.000665	T7 promoter phi17	0.000000	0.000000	0.000000
245.000665	T7 promoter phi2.5	0.000000	0.000000	0.000000
245.000665	T7 promoter phi3.8	0.000000	0.000000	0.000000
245.000665	T7 promoter phi4.3	0.000000	0.000000	0.000000
245.000665	T7 promoter phi4.7	0.000000	0.000000	0.000000
245.000665	T7 promoter phi4c	0.000000	0.000000	0.000000
245.000665	T7 promoter phi6.5	0.000000	0.000000	0.000000
245.000665	T7 promoter phi9	0.000000	0.000000	0.000000
245.000665	__gene 0.3_rbs	0.000000	0.000000	0.000000
245.000665	__gene 1.1_rbs	0.000000	0.000000	0.000000
245.000665	__gene 1.2_rbs	0.000000	0.000000	0.000000
245.000665	__gene 1.3_rbs	0.000000	0.000000	0.000000
245.000665	__gene 1.4_rbs	0.000000	0.000000	0.000000
245.000665	__gene 1.7_rbs	0.000000	0.000000	0.000000
245.000665	__gene 1.8_rbs	0.000000	0.000000	0.000000
245.000665	__gene 10A_rbs	0.000000	0.000000	0.000000
245.000665	__gene 11_rbs	0.000000	0.000000	0.000000
245.000665	__gene 12_rbs	0.000000	0.000000	0.000000
245.000665	__gene 13_rbs	0.000000	0.000000	0.000000
245.000665	__gene 14_rbs	0.000000	0.000000	0.000000
245.000665	__gene 15_rbs	0.000000	0.000000	0.000000
245.000665	__gene 16_rbs	0.000000	0.000000	0.000000
245.000665	__gene 17.5_rbs	0.000000	0.000000	0.000000
245.000665	__gene 17_rbs	0.000000	0.000000	0.000000
245.000665	__gene 18.5_rbs	0.000000	0.000000	0.000000
245.000665	__gene 18.7_rbs	0.000000	0.000000	0.000000
245.000665	__gene 18_rbs	0.000000	0.000000	0.000000
245.000665	__gene 19.2_rbs	0.000000	0.000000	0.000000
245.000665	__gene 19.3_rbs	0.000000	0.000000	0.000000
245.000665	__gene 19.5_rbs	0.000000	0.000000	0.000000
245.000665	__gene 19_rbs	0.000000	0.000000	0.000000
245.000665	__gene 2.5_rbs	0.000000	0.000000	0.000000
245.000665	__gene 2.8_rbs	0.000000	0.000000	0.000000
245.000665	__gene 3.8_rbs	0.000000	0.000000	0.000000
245.000665	__gene 3_rbs	0.000000	0.000000	0.000000
245.000665	__gene 4.2_rbs	0.000000	0.000000	0.000000
245.000665	__gene 4.3_rbs	0.000000	0.000000	0.000000
245.000665	__gene 4.5_rbs	0.000000	0.000000	0.000000
245.000665	__gene 4.7_rbs	0.000000	0.000000	0.000000
245.000665	__gene 4A_rbs	0.000000	0.000000	0.000000
245.000665	__gene 5.3_rbs	0.000000	0.000000	0.000000
245.000665	__gene 5.5_rbs	0.000000	0.000000	0.000000
245.000665	__gene 5.7_rbs	0.000000	0.000000	0.000000
245.000665	__gene 5.9_rbs	0.000000	0.000000	0.000000
245.000665	__gene 5_rbs	0.000000	0.000000	0.000000
245.000665	__gene 6.3_rbs	0.000000	0.000000	0.000000
245.000665	__gene 6.5_rbs	0.000000	0.000000	0.000000
245.000665	__gene 6.7_rbs	0.000000	0.000000	0.000000
245.000665	__gene 6_rbs	0.000000	0.000000	0.000000
245.000665	__gene 7.3_rbs	0.000000	0.000000	0.000000
245.000665	__gene 7.7_rbs	0.000000	0.000000	0.000000
245.000665	__gene 7_rbs	0.000000	0.000000	0.000000
245.000665	__gene 8_rbs	0.000000	0.000000	0.000000
245.000665	__gene 9_rbs	0.000000	0.000000	0.000000
245.000665	__gp-2_rbs	0.000000	0.000000	0.000000
245.000665	__lysozyme-3.5_rbs	0.000000	0.000000	0.000000
245.000665	__protein_kinase-0.7_rbs	0.000000	0.000000	0.000000
245.000665	__ribosome	18.000000	0.000000	0.000000
245.000665	__rnapol-1_rbs	0.000000	0.000000	0.000000
245.000665	bound_ecolipol	1739.000000	0.000000	0.000000
245.000665	bound_ecolipol_p	0.000000	0.000000	0.000000
245.000665	bound_ribosome	9982.000000	0.000000	0.000000
245.000665	degraded_transcript	3500.000000	0.000000	0.000000
245.000665	ecoli_genome	61.000000	0.000000	0.000000
245.000665	ecoli_transcript	13658.000000	0.000000	0.000000
245.000665	ecolipol	60.000000	0.000000	0.000000
245.000665	ecolipol-2	0.000000	0.000000	0.000000
245.000665	ecolipol-2-p	0.000000	0.000000	0.000000
245.000665	ecolipol-p	0.000000	0.000000	0.000000
245.000665	gp-2	0.000000	0.000000	0.000000
245.000665	lysozyme-3.5	0.000000	0.000000	0.000000
245.000665	nonpref_charged	15000.000000	0.000000	0.000000
245.000665	nonpref_uncharged	0.000000	0.000000	0.000000
245.000665	pref_charged	35000.000000	0.000000	0.000000
245.000665	pref_uncharged	0.000000	0.000000	0.000000
245.000665	protein_kinase-0.7	0.000000	0.000000	0.000000
245.000665	rnapol-1	0.000000	0.000000	0.000000
245.000665	rnapol-3.5	0.000000	0.000000	0.000000
249.999148	E. coli B promoter	0.000000	0.000000	0.000000
249.999148	E. coli C promoter	0.000000	0.000000	0.000000
249.999148	E. coli promoter A1	1.000000	0.000000	0.000000
249.999148	E. coli promoter A2	1.000000	0.000000	0.000000
249.999148	E. coli promoter A3	1.000000	0.000000	0.000000
249.999148	T7 promoter phi1.1A	0.000000	0.000000	0.000000
249.999148	T7 promoter phi1.1B	0.000000	0.000000	0.000000
249.999148	T7 promoter phi1.3	0.000000	0.000000	0.000000
249.999148	T7 promoter phi1.5	0.000000	0.000000	0.000000
249.999148	T7 promoter phi1.6	0.000000	0.000000	0.000000
249.999148	T7 promoter phi10	0.000000	0.000000	0.000000
249.999148	T7 promoter phi13	0.000000	0.000000	0.000000
249.999148	T7 promoter phi17	0.000000	0.000000	0.000000
249.999148	T7 promoter phi2.5	0.000000	0.000000	0.000000
249.999148	T7 promoter phi3.8	0.000000	0.000000	0.000000
249.999148	T7 promoter phi4.3	0.000000	0.000000	0.000000
249.999148	T7 promoter phi4.7	0.000000	0.000000	0.000000
249.999148	T7 promoter phi4c	0.000000	0.000000	0.000000
249.999148	T7 promoter phi6.5	0.000000	0.000000	0.000000
249.999148	T7 promoter phi9	0.000000	0.000000	0.000000
249.999148	__gene 0.3_rbs	1.000000	0.000000	0.000000
249.999148	__gene 1.1_rbs	0.000000	0.000000	0.000000
249.999148	__gene 1.2_rbs	0.000000	0.000000	0.000000
249.999148	__gene 1.3_rbs	0.000000	0.000000	0.000000
249.999148	__gene 1.4_rbs	0.000000	0.000000	0.000000
249.999148	__gene 1.7_rbs	0.000000	0.000000	0.000000
249.999148	__gene 1.8_rbs	0.000000	0.000000	0.000000
249.999148	__gene 10A_rbs	0.000000	0.000000	0.000000
249.999148	__gene 11_rbs	0.000000	0.000000	0.000000
249.999148	__gene 12_rbs	0.000000	0.000000	0.000000
249.999148	__gene 13_rbs	0.000000	0.000000	0.000000
249.999148	__gene 14_rbs	0.000000	0.000000	0.000000
249.999148	__gene 15_rbs	0.000000	0.000000	0.000000
249.999148	__gene 16_rbs	0.000000	0.000000	0.000000
249.999148	__gene 17.5_rbs	0.000000	0.000000	0.000000
249.999148	__gene 17_rbs	0.000000	0.000000	0.000000
249.999148	__gene 18.5_rbs	0.000000	0.000000	0.000000
249.999148	__gene 18.7_rbs	0.000000	0.000000	0.000000
249.999148	__gene 18_rbs	0.000000	0.000000	0.000000
249.999148	__gene 19.2_rbs	0.000000	0.000000	0.000000
249.999148	__gene 19.3_rbs	0.000000	0.000000	0.000000
249.999148	__gene 19.5_rbs	0.000000	0.000000	0.000000
249.999148	__gene 19_rbs	0.000000	0.000000	0.000000
249.999148	__gene 2.5_rbs	0.000000	0.000000	0.000000
249.999148	__gene 2.8_rbs	0.000000	0.000000	0.000000
249.999148	__gene 3.8_rbs	0.000000	0.000000	0.000000
249.999148	__gene 3_rbs	0.000000	0.000000	0.000000
249.999148	__gene 4.2_rbs	0.000000	0.000000	0.000000
249.999148	__gene 4.3_rbs	0.000000	0.000000	0.000000
249.999148	__gene 4.5_rbs	0.000000	0.000000	0.000000
249.999148	__gene 4.7_rbs	0.000000	0.000000	0.000000
249.999148	__gene 4A_rbs	0.000000	0.000000	0.000000
249.999148	__gene 5.3_rbs	0.000000	0.000000	0.000000
249.999148	__gene 5.5_rbs	0.000000	0.000000	0.000000
249.999148	__gene 5.7_rbs	0.000000	0.000000	0.000000
249.999148	__gene 5.9_rbs	0.000000	0.000000	0.000000
249.999148	__gene 5_rbs	0.000000	0.000000	0.000000
249.999148	__gene 6.3_rbs	0.000000	0.000000	0.000000
249.999148	__gene 6.5_rbs	0.000000	0.000000	0.000000
249.999148	__gene 6.7_rbs	0.000000	0.000000	0.000000
249.999148	__gene 6_rbs	0.000000	0.000000	0.000000
249.999148	__gene 7.3_rbs	0.000000	0.000000	0.000000
249.999148	__gene 7.7_rbs	0.000000	0.000000	0.000000
249.999148	__gene 7_rbs	0.000000	0.000000	0.000000
249.999148	__gene 8_rbs	0.000000	0.000000	0.000000
249.999148	__gene 9_rbs	0.000000	0.000000	0.000000
249.999148	__gp-2_rbs	0.000000	0.000000	0.000000
249.999148	__lysozyme-3.5_rbs	0.000000	0.000000	0.000000
249.999148	__protein_kinase-0.7_rbs	0.000000	0.000000	0.000000
249.999148	__ribosome	16.000000	0.000000	0.000000
249.999148	__rnapol-1_rbs	0.000000	0.000000	0.000000
249.999148	bound_ecolipol	1733.000000	0.000000	0.000000
249.999148	bound_ecolipol_p	0.000000	0.000000	0.000000
249.999148	bound_ribosome	9984.000000	0.000000	0.000000
249.999148	degraded_transcript	3616.000000	0.000000	0.000000
249.999148	ecoli_genome	67.000000	0.000000	0.000000
249.999148	ecoli_transcript	13883.000000	0.000000	0.000000
249.999148	ecolipol	66.000000	0.000000	0.000000
249.999148	ecolipol-2	0.000000	0.000000	0.000000
249.999148	ecolipol-2-p	0.000000	0.000000	0.000000
249.999148	ecolipol-p	0.000000	0.000000	0.000000
249.999148	gene 0.3	0.000000	1.000000	0.000000
249.999148	gp-2	0.000000	0.000000	0.000000
249.999148	lysozyme-3.5	0.000000	0.000000	0.000000
249.999148	nonpref_charged	15000.000000	0.000000	0.000000
249.999148	nonpref_uncharged	0.000000	0.000000	0.000000
249.999148	pref_charged	35000.000000	0.000000	0.000000
249.999148	pref_uncharged	0.000000	0.000000	0.000000
249.999148	protein_kinase-0.7	0.000000	0.000000	0.000000
249.999148	rnapol-1	0.000000	0.000000	0.000000
249.999148	rnapol-3.5	0.000000	0.000000	0.000000
254.999229	E. coli B promoter	0.000000	0.000000	0.000000
254.999229	E. coli C promoter	0.000000	0.000000	0.000000
254.999229	E. coli promoter A1	1.000000	0.000000	0.000000
254.999229	E. coli promoter A2	1.000000	0.000000	0.000000
254.999229	E. coli promoter A3	1.000000	0.000000	0.000000
254.999229	T7 promoter phi1.1A	0.000000	0.000000	0.000000
254.999229	T7 promoter phi1.1B	0.000000	0.000000	0.000000
254.999229	T7 promoter phi1.3	0.000000	0.000000	0.000000
254.999229	T7 promoter phi1.5	0.000000	0.000000	0.000000
254.999229	T7 promoter phi1.6	0.000000	0.000000	0.000000
254.999229	T7 promoter phi10	0.000000	0.000000	0.000000
254.999229	T7 promoter phi13	0.000000	0.000000	0.000000
254.999229	T7 promoter phi17	0.000000	0.000000	0.000000
254.999229	T7 promoter phi2.5	0.000000	0.000000	0.000000
254.999229	T7 promoter phi3.8	0.000000	0.000000	0.000000
254.999229	T7 promoter phi4.3	0.000000	0.000000	0.000000
254.999229	T7 promoter phi4.7	0.000000	0.000000	0.000000
254.999229	T7 promoter phi4c	0.000000	0.000000	0.000000
254.999229	T7 promoter phi6.5	0.000000	0.000000	0.000000
254.999229	T7 promoter phi9	0.000000	0.000000	0.000000
254.999229	__gene 0.3_rbs	1.000000	0.000000	0.000000
254.999229	__gene 1.1_rbs	0.000000	0.000000	0.000000
254.999229	__gene 1.2_rbs	0.000000	0.000000	0.000000
254.999229	__gene 1.3_rbs	0.000000	0.000000	0.000000
254.999229	__gene 1.4_rbs	0.000000	0.000000	0.000000
254.999229	__gene 1.7_rbs	0.000000	0.000000	0.000000
254.999229	__gene 1.8_rbs	0.000000	0.000000	0.000000
254.999229	__gene 10A_rbs	0.000000	0.000000	0.000000
254.999229	__gene 11_rbs	0.000000	0.000000	0.000000
254.999229	__gene 12_rbs	0.000000	0.000000	0.000000
254.999229	__gene 13_rbs	0.000000	0.000000	0.000000
254.999229	__gene 14_rbs	0.000000	0.000000	0.000000
254.999229	__gene 15_rbs	0.000000	0.000000	0.000000
254.999229	__gene 16_rbs	0.000000	0.000000	0.000000
254.999229	__gene 17.5_rbs	0.000000	0.000000	0.000000
254.999229	__gene 17_rbs	0.000000	0.000000	0.000000
254.999229	__gene 18.5_rbs	0.000000	0.000000	0.000000
254.999229	__gene 18.7_rbs	0.000000	0.000000	0.000000
254.999229	__gene 18_rbs	0.000000	0.000000	0.000000
254.999229	__gene 19.2_rbs	0.000000	0.000000	0.000000
254.999229	__gene 19.3_rbs	0.000000	0.000000	0.000000
254.999229	__gene 19.5_rbs	0.000000	0.000000	0.000000
254.999229	__gene 19_rbs	0.000000	0.000000	0.000000
254.999229	__gene 2.5_rbs	0.000000	0.000000	0.000000
254.999229	__gene 2.8_rbs	0.000000	0.000000	0.000000
254.999229	__gene 3.8_rbs	0.000000	0.000000	0.000000
254.999229	__gene 3_rbs	0.000000	0.000000	0.000000
254.999229	__gene 4.2_rbs	0.000000	0.000000	0.000000
254.999229	__gene 4.3_rbs	0.000000	0.000000	0.000000
254.999229	__gene 4.5_rbs	0.000000	0.000000	0.000000
254.999229	__gene 4.7_rbs	0.000000	0.000000	0.000000
254.999229	__gene 4A_rbs	0.000000	0.000000	0.000000
254.999229	__gene 5.3_rbs	0.000000	0.000000	0.000000
254.999229	__gene 5.5_rbs	0.000000	0.000000	0.000000
254.999229	__gene 5.7_rbs	0.000000	0.000000	0.000000
254.999229	__gene 5.9_rbs	0.000000	0.000000	0.000000
254.999229	__gene 5_rbs	0.000000	0.000000	0.000000
254.999229	__gene 6.3_rbs	0.000000	0.000000	0.000000
254.999229	__gene 6.5_rbs	0.000000	0.000000	0.000000
254.999229	__gene 6.7_rbs	0.000000	0.000000	0.000000
254.999229	__gene 6_rbs	0.000000	0.000000	0.000000
254.999229	__gene 7.3_rbs	0.000000	0.000000	0.000000
254.999229	__gene 7.7_rbs	0.000000	0.000000	0.000000
254.999229	__gene 7_rbs	0.000000	0.000000	0.000000
254.999229	__gene 8_rbs	0.000000	0.000000	0.000000
254.999229	__gene 9_rbs	0.000000	0.000000	0.000000
254.999229	__gp-2_rbs	0.000000	0.000000	0.000000
254.999229	__lysozyme-3.5_rbs	0.000000	0.000000	0.000000
254.999229	__protein_kinase-0.7_rbs	0.000000	0.000000	0.000000
254.999229	__ribosome	15.000000	0.000000	0.000000
254.999229	__rnapol-1_rbs	0.000000	0.000000	0.000000
254.999229	bound_ecolipol	1738.000000	0.000000	0.000000
254.999229	bound_ecolipol_p	0.000000	0.000000	0.000000
254.999229	bound_ribosome	9985.000000	0.000000	0.000000
254.999229	degraded_transcript	3755.000000	0.000000	0.000000
254.999229	ecoli_genome	62.000000	0.000000	0.000000
254.999229	ecoli_transcript	14086.000000	0.000000	0.000000
254.999229	ecolipol	60.000000	0.000000	0.000000
254.999229	ecolipol-2	0.000000	0.000000	0.000000
254.999229	ecolipol-2-p	0.000000	0.000000	0.000000
254.999229	ecolipol-p	0.000000	0.000000	0.000000
254.999229	gene 0.3	0.000000	1.000000	0.000000
254.999229	gp-2	0.000000	0.000000	0.000000
254.999229	lysozyme-3.5	0.000000	0.000000	0.000000
254.999229	nonpref_charged	15000.000000	0.000000	0.000000
254.999229	nonpref_uncharged	0.000000	0.000000	0.000000
254.999229	pref_charged	35000.000000	0.000000	0.000000
254.999229	pref_uncharged	0.000000	0.000000	0.000000
254.999229	protein_kinase-0.7	0.000000	0.000000	0.000000
254.999229	rnapol-1	0.000000	0.000000	0.000000
254.999229	rnapol-3.5	0.000000	0.000000	0.000000
259.999419	E. coli B promoter	0.000000	0.000000	0.000000
259.999419	E. coli C promoter	0.000000	0.000000	0.000000
259.999419	E. coli promoter A1	1.000000	0.000000	0.000000
259.999419	E. coli promoter A2	1.000000	0.000000	0.000000
259.999419	E. coli promoter A3	1.000000	0.000000	0.000000
259.999419	T7 promoter phi1.1A	0.000000	0.000000	0.000000
259.999419	T7 promoter phi1.1B	0.000000	0.000000	0.000000
259.999419	T7 promoter phi1.3	0.000000	0.000000	0.000000
259.999419	T7 promoter phi1.5	0.000000	0.000000	0.000000
259.999419	T7 promoter phi1.6	0.000000	0.000000	0.000000
259.999419	T7 promoter phi10	0.000000	0.000000	0.000000
259.999419	T7 promoter phi13	0.000000	0.000000	0.000000
259.999419	T7 promoter phi17	0.000000	0.000000	0.000000
259.999419	T7 promoter phi2.5	0.000000	0.000000	0.000000
259.999419	T7 promoter phi3.8	0.000000	0.000000	0.000000
259.999419	T7 promoter phi4.3	0.000000	0.000000	0.000000
259.999419	T7 promoter phi4.7	0.000000	0.000000	0.000000
259.999419	T7 promoter phi4c	0.000000	0.000000	0.000000
259.999419	T7 promoter phi6.5	0.000000	0.000000	0.000000
259.999419	T7 promoter phi9	0.000000	0.000000	0.000000
259.999419	__gene 0.3_rbs	2.000000	0.000000	0.000000
259.999419	__gene 1.1_rbs	0.000000	0.000000	0.000000
259.999419	__gene 1.2_rbs	0.000000	0.000000	0.000000
259.999419	__gene 1.3_rbs	0.000000	0.000000	0.000000
259.999419	__gene 1.4_rbs	0.000000	0.000000	0.000000
259.999419	__gene 1.7_rbs	0.000000	0.000000	0.000000
259.999419	__gene 1.8_rbs	0.000000	0.000000	0.000000
259.999419	__gene 10A_rbs	0.000000	0.000000	0.000000
259.999419	__gene 11_rbs	0.000000	0.000000	0.000000
259.999419	__gene 12_rbs	0.000000	0.000000	0.000000
259.999419	__gene 13_rbs	0.000000	0.000000	0.000000
259.999419	__gene 14_rbs	0.000000	0.000000	0.000000
259.999419	__gene 15_rbs	0.000000	0.000000	0.000000
259.999419	__gene 16_rbs	0.000000	0.000000	0.000000
259.999419	__gene 17.5_rbs	0.000000	0.000000	0.000000
259.999419	__gene 17_rbs	0.000000	0.000000	0.000000
259.999419	__gene 18.5_rbs	0.000000	0.000000	0.000000
259.999419	__gene 18.7_rbs	0.000000	0.000000	0.000000
259.999419	__gene 18_rbs	0.000000	0.000000	0.000000
259.999419	__gene 19.2_rbs	0.000000	0.000000	0.000000
259.999419	__gene 19.3_rbs	0.000000	0.000000	0.000000
259.999419	__gene 19.5_rbs	0.000000	0.000000	0.000000
259.999419	__gene 19_rbs	0.000000	0.000000	0.000000
259.999419	__gene 2.5_rbs	0.000000	0.000000	0.000000
259.999419	__gene 2.8_rbs	0.000000	0.000000	0.000000
259.999419	__gene 3.8_rbs	0.000000	0.000000	0.000000
259.999419	__gene 3_rbs	0.000000	0.000000	0.000000
259.999419	__gene 4.2_rbs	0.000000	0.000000	0.000000
259.999419	__gene 4.3_rbs	0.000000	0.000000	0.000000
259.999419	__gene 4.5_rbs	0.000000	0.000000	0.000000
259.999419	__gene 4.7_rbs	0.000000	0.000000	0.000000
259.999419	__gene 4A_rbs	0.000000	0.000000	0.000000
259.999419	__gene 5.3_rbs	0.000000	0.000000	0.000000
259.999419	__gene 5.5_rbs	0.000000	0.000000	0.000000
259.999419	__gene 5.7_rbs	0.000000	0.000000	0.000000
259.999419	__gene 5.9_rbs	0.000000	0.000000	0.000000
259.999419	__gene 5_rbs	0.000000	0.000000	0.000000
259.999419	__gene 6.3_rbs	0.000000	0.000000	0.000000
259.999419	__gene 6.5_rbs	0.000000	0.000000	0.000000
259.999419	__gene 6.7_rbs	0.000000	0.000000	0.000000
259.999419	__gene 6_rbs	0.000000	0.000000	0.000000
259.999419	__gene 7.3_rbs	0.000000	0.000000	0.000000
259.999419	__gene 7.7_rbs	0.000000	0.000000	0.000000
259.999419	__gene 7_rbs	0.000000	0.000000	0.000000
259.999419	__gene 8_rbs	0.000000	0.000000	0.000000
259.999419	__gene 9_rbs	0.000000	0.000000	0.000000
259.999419	__gp-2_rbs	0.000000	0.000000	0.000000
259.999419	__lysozyme-3.5_rbs	0.000000	0.000000	0.000000
259.999419	__protein_kinase-0.7_rbs	0.000000	0.000000	0.000000
259.999419	__ribosome	14.000000	0.000000	0.000000
259.999419	__rnapol-1_rbs	0.000000	0.000000	0.000000
259.999419	bound_ecolipol	1730.000000	0.000000	0.000000
259.999419	bound_ecolipol_p	0.000000	0.000000	0.000000
259.999419	bound_ribosome	9984.000000	0.000000	0.000000
259.999419	degraded_transcript	3890.000000	0.000000	0.000000
259.999419	ecoli_genome	70.000000	0.000000	0.000000
259.999419	ecoli_transcript	14329.000000	0.000000	0.000000
259.999419	ecolipol	68.000000	0.000000	0.000000
259.999419	ecolipol-2	0.000000	0.000000	0.000000
259.999419	ecolipol-2-p	0.000000	0.000000	0.000000
259.999419	ecolipol-p	0.000000	0.000000	0.000000
259.999419	gene 0.3	0.000000	2.000000	1.000000
259.999419	gp-2	0.000000	0.000000	0.000000
259.999419	lysozyme-3.5	0.000000	0.000000	0.000000
259.999419	nonpref_charged	14998.000000	0.000000	0.000000
259.999419	nonpref_uncharged	2.000000	0.000000	0.000000
259.999419	pref_charged	34999.000000	0.000000	0.000000
259.999419	pref_uncharged	1.000000	0.000000	0.000000
259.999419	protein_kinase-0.7	0.000000	0.000000	0.000000
259.999419	rnapol-1	0.000000	0.000000	0.000000
259.999419	rnapol-3.5	0.000000	0.000000	0.000000
264.999170	E. coli B promoter	1.000000	0.000000	0.000000
264.999170	E. coli C promoter	0.000000	0.000000	0.000000
264.999170	E. coli promoter A1	1.000000	0.000000	0.000000
264.999170	E. coli promoter A2	1.000000	0.000000	0.000000
264.999170	E. coli promoter A3	1.000000	0.000000	0.000000
264.999170	T7 promoter phi1.1A	0.000000	0.000000	0.000000
264.999170	T7 promoter phi1.1B	0.000000	0.000000	0.000000
264.999170	T7 promoter phi1.3	0.000000	0.000000	0.000000
264.999170	T7 promoter phi1.5	0.000000	0.000000	0.000000
264.999170	T7 promoter phi1.6	0.000000	0.000000	0.000000
264.999170	T7 promoter phi10	0.000000	0.000000	0.000000
264.999170	T7 promoter phi13	0.000000	0.000000	0.000000
264.999170	T7 promoter phi17	0.000000	0.000000	0.000000
264.999170	T7 promoter phi2.5	0.000000	0.000000	0.000000
264.999170	T7 promoter phi3.8	0.000000	0.000000	0.000000
264.999170	T7 promoter phi4.3	0.000000	0.000000	0.000000
264.999170	T7 promoter phi4.7	0.000000	0.000000	0.000000
264.999170	T7 promoter phi4c	0.000000	0.000000	0.000000
264.999170	T7 promoter phi6.5	0.000000	0.000000	0.000000
264.999170	T7 promoter phi9	0.000000	0.000000	0.000000
264.999170	__gene 0.3_rbs	3.000000	0.000000	0.000000
264.999170	__gene 1.1_rbs	0.000000	0.000000	0.000000
264.999170	__gene 1.2_rbs	0.000000	0.000000	0.000000
264.999170	__gene 1.3_rbs	0.000000	0.000000	0.000000
264.999170	__gene 1.4_rbs	0.000000	0.000000	0.000000
264.999170	__gene 1.7_rbs	0.000000	0.000000	0.000000
264.999170	__gene 1.8_rbs	0.000000	0.000000	0.000000
264.999170	__gene 10A_rbs	0.000000	0.000000	0.000000
264.999170	__gene 11_rbs	0.000000	0.000000	0.000000
264.999170	__gene 12_rbs	0.000000	0.000000	0.000000
264.999170	__gene 13_rbs	0.000000	0.000000	0.000000
264.999170	__gene 14_rbs	0.000000	0.000000	0.000000
264.999170	__gene 15_rbs	0.000000	0.000000	0.000000
264.999170	__gene 16_rbs	0.000000	0.000000	0.000000
264.999170	__gene 17.5_rbs	0.000000	0.000000	0.000000
264.999170	__gene 17_rbs	0.000000	0.000000	0.000000
264.999170	__gene 18.5_rbs	0.000000	0.000000	0.000000
264.999170	__gene 18.7_rbs	0.000000	0.000000	0.000000
264.999170	__gene 18_rbs	0.000000	0.000000	0.000000
264.999170	__gene 19.2_rbs	0.000000	0.000000	0.000000
264.999170	__gene 19.3_rbs	0.000000	0.000000	0.000000
264.999170	__gene 19.5_rbs	0.000000	0.000000	0.000000
264.999170	__gene 19_rbs	0.000000	0.000000	0.000000
264.999170	__gene 2.5_rbs	0.000000	0.000000	0.000000
264.999170	__gene 2.8_rbs	0.000000	0.000000	0.000000
264.999170	__gene 3.8_rbs	0.000000	0.000000	0.000000
264.999170	__gene 3_rbs	0.000000	0.000000	0.000000
264.999170	__gene 4.2_rbs	0.000000	0.000000	0.000000
264.999170	__gene 4.3_rbs	0.000000	0.000000	0.000000
264.999170	__gene 4.5_rbs	0.000000	0.000000	0.000000
264.999170	__gene 4.7_rbs	0.000000	0.000000	0.000000
264.999170	__gene 4A_rbs	0.000000	0.000000	0.000000
264.999170	__gene 5.3_rbs	0.000000	0.000000	0.000000
264.999170	__gene 5.5_rbs	0.000000	0.000000	0.000000
264.999170	__gene 5.7_rbs	0.000000	0.000000	0.000000
264.999170	__gene 5.9_rbs	0.000000	0.000000	0.000000
264.999170	__gene 5_rbs	0.000000	0.000000	0.000000
264.999170	__gene 6.3_rbs	0.000000	0.000000	0.000000
264.999170	__gene 6.5_rbs	0.000000	0.000000	0.000000
264.999170	__gene 6.7_rbs	0.000000	0.000000	0.000000
264.999170	__gene 6_rbs	0.000000	0.000000	0.000000
264.999170	__gene 7.3_rbs	0.000000	0.000000	0.000000
264.999170	__gene 7.7_rbs	0.000000	0.000000	0.000000
264.999170	__gene 7_rbs	0.000000	0.000000	0.000000
264.999170	__gene 8_rbs	0.000000	0.000000	0.000000
264.999170	__gene 9_rbs	0.000000	0.000000	0.000000
264.999170	__gp-2_rbs	0.000000	0.000000	0.000000
264.999170	__lysozyme-3.5_rbs	0.000000	0.000000	0.000000
264.999170	__protein_kinase-0.7_rbs	1.000000	0.000000	0.000000
264.999170	__ribosome	22.000000	0.000000	0.000000
264.999170	__rnapol-1_rbs	0.000000	0.000000	0.000000
264.999170	bound_ecolipol	1727.000000	0.000000	0.000000
264.999170	bound_ecolipol_p	0.000000	0.000000	0.000000
264.999170	bound_ribosome	9975.000000	0.000000	0.000000
264.999170	degraded_transcript	4026.000000	0.000000	0.000000
264.999170	ecoli_genome	73.000000	0.000000	0.000000
264.999170	ecoli_transcript	14528.000000	0.000000	0.000000
264.999170	ecolipol	70.000000	0.000000	0.000000
264.999170	ecolipol-2	0.000000	0.000000	0.000000
264.999170	ecolipol-2-p	0.000000	0.000000	0.000000
264.999170	ecolipol-p	0.000000	0.000000	0.000000
264.999170	gene 0.3	3.000000	3.000000	1.000000
264.999170	gp-2	0.000000	0.000000	0.000000
264.999170	lysozyme-3.5	0.000000	0.000000	0.000000
264.999170	nonpref_charged	14995.000000	0.000000	0.000000
264.999170	nonpref_uncharged	5.000000	0.000000	0.000000
264.999170	pref_charged	35000.000000	0.000000	0.000000
264.999170	pref_uncharged	0.000000	0.000000	0.000000
264.999170	protein_kinase-0.7	0.000000	0.000000	0.000000
264.999170	rnapol-1	0.000000	0.000000	0.000000
264.999170	rnapol-3.5	0.000000	0.000000	0.000000
269.999003	E. coli B promoter	1.000000	0.000000	0.000000
269.999003	E. coli C promoter	0.000000	0.000000	0.000000
269.999003	E. coli promoter A1	1.000000	0.000000	0.000000
269.999003	E. coli promoter A2	1.000000	0.000000	0.000000
269.999003	E. coli promoter A3	1.000000	0.000000	0.000000
269.999003	T7 promoter phi1.1A	0.000000	0.000000	0.000000
269.999003	T7 promoter phi1.1B	0.000000	0.000000	0.000000
269.999003	T7 promoter phi1.3	0.000000	0.000000	0.000000
269.999003	T7 promoter phi1.5	0.000000	0.000000	0.000000
269.999003	T7 promoter phi1.6	0.000000	0.000000	0.000000
269.999003	T7 promoter phi10	0.000000	0.000000	0.000000
269.999003	T7 promoter phi13	0.000000	0.000000	0.000000
269.999003	T7 promoter phi17	0.000000	0.000000	0.000000
269.999003	T7 promoter phi2.5	0.000000	0.000000	0.000000
269.999003	T7 promoter phi3.8	0.000000	0.000000	0.000000
269.999003	T7 promoter phi4.3	0.000000	0.000000	0.000000
269.999003	T7 promoter phi4.7	0.000000	0.000000	0.000000
269.999003	T7 promoter phi4c	0.000000	0.000000	0.000000
269.999003	T7 promoter phi6.5	0.000000	0.000000	0.000000
269.999003	T7 promoter phi9	0.000000	0.000000	0.000000
269.999003	__gene 0.3_rbs	3.000000	0.000000	0.000000
269.999003	__gene 1.1_rbs	0.000000	0.000000	0.000000
269.999003	__gene 1.2_rbs	0.000000	0.000000	0.000000
269.999003	__gene 1.3_rbs	0.000000	0.000000	0.000000
269.999003	__gene 1.4_rbs	0.000000	0.000000	0.000000
269.999003	__gene 1.7_rbs	0.000000	0.000000	0.000000
269.999003	__gene 1.8_rbs	0.000000	0.000000	0.000000
269.999003	__gene 10A_rbs	0.000000	0.000000	0.000000
269.999003	__gene 11_rbs	0.000000	0.000000	0.000000
269.999003	__gene 12_rbs	0.000000	0.000000	0.000000
269.999003	__gene 13_rbs	0.000000	0.000000	0.000000
269.999003	__gene 14_rbs	0.000000	0.000000	0.000000
269.999003	__gene 15_rbs	0.000000	0.000000	0.000000
269.999003	__gene 16_rbs	0.000000	0.000000	0.000000
269.999003	__gene 17.5_rbs	0.000000	0.000000	0.000000
269.999003	__gene 17_rbs	0.000000	0.000000	0.000000
269.999003	__gene 18.5_rbs	0.000000	0.000000	0.000000
269.999003	__gene 18.7_rbs	0.000000	0.000000	0.000000
269.999003	__gene 18_rbs	0.000000	0.000000	0.000000
269.999003	__gene 19.2_rbs	0.000000	0.000000	0.000000
269.999003	__gene 19.3_rbs	0.000000	0.000000	0.000000
269.999003	__gene 19.5_rbs	0.000000	0.000000	0.000000
269.999003	__gene 19_rbs	0.000000	0.000000	0.000000
269.999003	__gene 2.5_rbs	0.000000	0.000000	0.000000
269.999003	__gene 2.8_rbs	0.000000	0.000000	0.000000
269.999003	__gene 3.8_rbs	0.000000	0.000000	0.000000
269.999003	__gene 3_rbs	0.000000	0.000000	0.000000
269.999003	__gene 4.2_rbs	0.000000	0.000000	0.000000
269.999003	__gene 4.3_rbs	0.000000	0.000000	0.000000
269.999003	__gene 4.5_rbs	0.000000	0.000000	0.000000
269.999003	__gene 4.7_rbs	0.000000	0.000000	0.000000
269.999003	__gene 4A_rbs	0.000000	0.000000	0.000000
269.999003	__gene 5.3_rbs	0.000000	0.000000	0.000000
269.999003	__gene 5.5_rbs	0.000000	0.000000	0.000000
269.999003	__gene 5.7_rbs	0.000000	0.000000	0.000000
269.999003	__gene 5.9_rbs	0.000000	0.000000	0.000000
269.999003	__gene 5_rbs	0.000000	0.000000	0.000000
269.999003	__gene 6.3_rbs	0.000000	0.000000	0.000000
269.999003	__gene 6.5_rbs	0.000000	0.000000	0.000000
269.999003	__gene 6.7_rbs	0.000000	0.000000	0.000000
269.999003	__gene 6_rbs	0.000000	0.000000	0.000000
269.999003	__gene 7.3_rbs	0.000000	0.000000	0.000000
269.999003	__gene 7.7_rbs	0.000000	0.000000	0.000000
269.999003	__gene 7_rbs	0.000000	0.000000	0.000000
269.999003	__gene 8_rbs	0.000000	0.000000	0.000000
269.999003	__gene 9_rbs	0.000000	0.000000	0.000000
269.999003	__gp-2_rbs	0.000000	0.000000	0.000000
269.999003	__lysozyme-3.5_rbs	0.000000	0.000000	0.000000
269.999003	__protein_kinase-0.7_rbs	1.000000	0.000000	0.000000
269.999003	__ribosome	15.000000	0.000000	0.000000
269.999003	__rnapol-1_rbs	0.000000	0.000000	0.000000
269.999003	bound_ecolipol	1735.000000	0.000000	0.000000
269.999003	bound_ecolipol_p	0.000000	0.000000	0.000000
269.999003	bound_ribosome	9979.000000	0.000000	0.000000
269.999003	degraded_transcript	4162.000000	0.000000	0.000000
269.999003	ecoli_genome	65.000000	0.000000	0.000000
269.999003	ecoli_transcript	14740.000000	0.000000	0.000000
269.999003	ecolipol	62.000000	0.000000	0.000000
269.999003	ecolipol-2	0.000000	0.000000	0.000000
269.999003	ecolipol-2-p	0.000000	0.000000	0.000000
269.999003	ecolipol-p	0.000000	0.000000	0.000000
269.999003	gene 0.3	6.000000	3.000000	1.666667
269.999003	gp-2	0.000000	0.000000	0.000000
269.999003	lysozyme-3.5	0.000000	0.000000	0.000000
269.999003	nonpref_charged	14988.000000	0.000000	0.000000
269.999003	nonpref_uncharged	12.000000	0.000000	0.000000
269.999003	pref_charged	34996.000000	0.000000	0.000000
269.999003	pref_uncharged	4.000000	0.000000	0.000000
269.999003	protein_kinase-0.7	0.000000	1.000000	1.000000
269.999003	rnapol-1	0.000000	0.000000	0.000000
269.999003	rnapol-3.5	0.000000	0.000000	0.000000
274.999034	E. coli B promoter	1.000000	0.000000	0.000000
274.999034	E. coli C promoter	0.000000	0.000000	0.000000
274.999034	E. coli promoter A1	1.000000	0.000000	0.000000
274.999034	E. coli promoter A2	1.000000	0.000000	0.000000
274.999034	E. coli promoter A3	1.000000	0.000000	0.000000
274.999034	T7 promoter phi1.1A	0.000000	0.000000	0.000000
274.999034	T7 promoter phi1.1B	0.000000	0.000000	0.000000
274.999034	T7 promoter phi1.3	0.000000	0.000000	0.000000
274.999034	T7 promoter phi1.5	0.000000	0.000000	0.000000
274.999034	T7 promoter phi1.6	0.000000	0.000000	0.000000
274.999034	T7 promoter phi10	0.000000	0.000000	0.000000
274.999034	T7 promoter phi13	0.000000	0.000000	0.000000
274.999034	T7 promoter phi17	0.000000	0.000000	0.000000
274.999034	T7 promoter phi2.5	0.000000	0.000000	0.000000
274.999034	T7 promoter phi3.8	0.000000	0.000000	0.000000
274.999034	T7 promoter phi4.3	0.000000	0.000000	0.000000
274.999034	T7 promoter phi4.7	0.000000	0.000000	0.000000
274.999034	T7 promoter phi4c	0.000000	0.000000	0.000000
274.999034	T7 promoter phi6.5	0.000000	0.000000	0.000000
274.999034	T7 promoter phi9	0.000000	0.000000	0.000000
274.999034	__gene 0.3_rbs	3.000000	0.000000	0.000000
274.999034	__gene 1.1_rbs	0.000000	0.000000	0.000000
274.999034	__gene 1.2_rbs	0.000000	0.000000	0.000000
274.999034	__gene 1.3_rbs	0.000000	0.000000	0.000000
274.999034	__gene 1.4_rbs	0.000000	0.000000	0.000000
274.999034	__gene 1.7_rbs	0.000000	0.000000	0.000000
274.999034	__gene 1.8_rbs	0.000000	0.000000	0.000000
274.999034	__gene 10A_rbs	0.000000	0.000000	0.000000
274.999034	__gene 11_rbs	0.000000	0.000000	0.000000
274.999034	__gene 12_rbs	0.000000	0.000000	0.000000
274.999034	__gene 13_rbs	0.000000	0.000000	0.000000
274.999034	__gene 14_rbs	0.000000	0.000000	0.000000
274.999034	__gene 15_rbs	0.000000	0.000000	0.000000
274.999034	__gene 16_rbs	0.000000	0.000000	0.000000
274.999034	__gene 17.5_rbs	0.000000	0.000000	0.000000
274.999034	__gene 17_rbs	0.000000	0.000000	0.000000
274.999034	__gene 18.5_rbs	0.000000	0.000000	0.000000
274.999034	__gene 18.7_rbs	0.000000	0.000000	0.000000
274.999034	__gene 18_rbs	0.000000	0.000000	0.000000
274.999034	__gene 19.2_rbs	0.000000	0.000000	0.000000
274.999034	__gene 19.3_rbs	0.000000	0.000000	0.000000
274.999034	__gene 19.5_rbs	0.000000	0.000000	0.000000
274.999034	__gene 19_rbs	0.000000	0.000000	0.000000
274.999034	__gene 2.5_rbs	0.000000	0.000000	0.000000
274.999034	__gene 2.8_rbs	0.000000	0.000000	0.000000
274.999034	__gene 3.8_rbs	0.000000	0.000000	0.000000
274.999034	__gene 3_rbs	0.000000	0.000000	0.000000
274.999034	__gene 4.2_rbs	0.000000	0.000000	0.000000
274.999034	__gene 4.3_rbs	0.000000	0.000000	0.000000
274.999034	__gene 4.5_rbs	0.000000	0.000000	0.000000
274.999034	__gene 4.7_rbs	0.000000	0.000000	0.000000
274.999034	__gene 4A_rbs	0.000000	0.000000	0.000000
274.999034	__gene 5.3_rbs	0.000000	0.000000	0.000000
274.999034	__gene 5.5_rbs	0.000000	0.000000	0.000000
274.999034	__gene 5.7_rbs	0.000000	0.000000	0.000000
274.999034	__gene 5.9_rbs	0.000000	0.000000	0.000000
274.999034	__gene 5_rbs	0.000000	0.000000	0.000000
274.999034	__gene 6.3_rbs	0.000000	0.000000	0.000000
274.999034	__gene 6.5_rbs	0.000000	0.000000	0.000000
274.999034	__gene 6.7_rbs	0.000000	0.000000	0.000000
274.999034	__gene 6_rbs	0.000000	0.000000	0.000000
274.999034	__gene 7.3_rbs	0.000000	0.000000	0.000000
274.999034	__gene 7.7_rbs	0.000000	0.000000	0.000000
274.999034	__gene 7_rbs	0.000000	0.000000	0.000000
274.999034	__gene 8_rbs	0.000000	0.000000	0.000000
274.999034	__gene 9_rbs	0.000000	0.000000	0.000000
274.999034	__gp-2_rbs	0.000000	0.000000	0.000000
274.999034	__lysozyme-3.5_rbs	0.000000	0.000000	0.000000
274.999034	__protein_kinase-0.7_rbs	2.000000	0.000000	0.000000
274.999034	__ribosome	11.000000	0.000000	0.000000
274.999034	__rnapol-1_rbs	0.000000	0.000000	0.000000
274.999034	bound_ecolipol	1723.000000	0.000000	0.000000
274.999034	bound_ecolipol_p	0.000000	0.000000	0.000000
274.999034	bound_ribosome	9983.000000	0.000000	0.000000
274.999034	degraded_transcript	4323.000000	0.000000	0.000000
274.999034	ecoli_genome	77.000000	0.000000	0.000000
274.999034	ecoli_transcript	14922.000000	0.000000	0.000000
274.999034	ecolipol	73.000000	0.000000	0.000000
274.999034	ecolipol-2	0.000000	0.000000	0.000000
274.999034	ecolipol-2-p	0.000000	0.000000	0.000000
274.999034	ecolipol-p	0.000000	0.000000	0.000000
274.999034	gene 0.3	11.000000	3.000000	1.333333
274.999034	gp-2	0.000000	0.000000	0.000000
274.999034	lysozyme-3.5	0.000000	0.000000	0.000000
274.999034	nonpref_charged	14996.000000	0.000000	0.000000
274.999034	nonpref_uncharged	4.000000	0.000000	0.000000
274.999034	pref_charged	34996.000000	0.000000	0.000000
274.999034	pref_uncharged	4.000000	0.000000	0.000000
274.999034	protein_kinase-0.7	0.000000	1.000000	2.000000
274.999034	rnapol-1	0.000000	0.000000	0.000000
274.999034	rnapol-3.5	0.000000	0.000000	0.000000
279.999007	E. coli B promoter	1.000000	0.000000	0.000000
279.999007	E. coli C promoter	0.000000	0.000000	0.000000
279.999007	E. coli promoter A1	1.000000	0.000000	0.000000
279.999007	E. coli promoter A2	1.000000	0.000000	0.000000
279.999007	E. coli promoter A3	1.000000	0.000000	0.000000
279.999007	T7 promoter phi1.1A	0.000000	0.000000	0.000000
279.999007	T7 promoter phi1.1B	0.000000	0.000000	0.000000
279.999007	T7 promoter phi1.3	0.000000	0.000000	0.000000
279.999007	T7 promoter phi1.5	0.000000	0.000000	0.000000
279.999007	T7 promoter phi1.6	0.000000	0.000000	0.000000
279.999007	T7 promoter phi10	0.000000	0.000000	0.000000
279.999007	T7 promoter phi13	0.000000	0.000000	0.000000
279.999007	T7 promoter phi17	0.000000	0.000000	0.000000
279.999007	T7 promoter phi2.5	0.000000	0.000000	0.000000
279.999007	T7 promoter phi3.8	0.000000	0.000000	0.000000
279.999007	T7 promoter phi4.3	0.000000	0.000000	0.000000
279.999007	T7 promoter phi4.7	0.000000	0.000000	0.000000
279.999007	T7 promoter phi4c	0.000000	0.000000	0.000000
279.999007	T7 promoter phi6.5	0.000000	0.000000	0.000000
279.999007	T7 promoter phi9	0.000000	0.000000	0.000000
279.999007	__gene 0.3_rbs	3.000000	0.000000	0.000000
279.999007	__gene 1.1_rbs	0.000000	0.000000	0.000000
279.999007	__gene 1.2_rbs	0.000000	0.000000	0.000000
279.999007	__gene 1.3_rbs	0.000000	0.000000	0.000000
279.999007	__gene 1.4_rbs	0.000000	0.000000	0.000000
279.999007	__gene 1.7_rbs	0.000000	0.000000	0.000000
279.999007	__gene 1.8_rbs	0.000000	0.000000	0.000000
279.999007	__gene 10A_rbs	0.000000	0.000000	0.000000
279.999007	__gene 11_rbs	0.000000	0.000000	0.000000
279.999007	__gene 12_rbs	0.000000	0.000000	0.000000
279.999007	__gene 13_rbs	0.000000	0.000000	0.000000
279.999007	__gene 14_rbs	0.000000	0.000000	0.000000
279.999007	__gene 15_rbs	0.000000	0.000000	0.000000
279.999007	__gene 16_rbs	0.000000	0.000000	0.000000
279.999007	__gene 17.5_rbs	0.000000	0.000000	0.000000
279.999007	__gene 17_rbs	0.000000	0.000000	0.000000
279.999007	__gene 18.5_rbs	0.000000	0.000000	0.000000
279.999007	__gene 18.7_rbs	0.000000	0.000000	0.000000
279.999007	__gene 18_rbs	0.000000	0.000000	0.000000
279.999007	__gene 19.2_rbs	0.000000	0.000000	0.000000
279.999007	__gene 19.3_rbs	0.000000	0.000000	0.000000
279.999007	__gene 19.5_rbs	0.000000	0.000000	0.000000
279.999007	__gene 19_rbs	0.000000	0.000000	0.000000
279.999007	__gene 2.5_rbs	0.000000	0.000000	0.000000
279.999007	__gene 2.8_rbs	0.000000	0.000000	0.000000
279.999007	__gene 3.8_rbs	0.000000	0.000000	0.000000
279.999007	__gene 3_rbs	0.000000	0.000000	0.000000
279.999007	__gene 4.2_rbs	0.000000	0.000000	0.000000
279.999007	__gene 4.3_rbs	0.000000	0.000000	0.000000
279.999007	__gene 4.5_rbs	0.000000	0.000000	0.000000
279.999007	__gene 4.7_rbs	0.000000	0.000000	0.000000
279.999007	__gene 4A_rbs	0.000000	0.000000	0.000000
279.999007	__gene 5.3_rbs	0.000000	0.000000	0.000000
279.999007	__gene 5.5_rbs	0.000000	0.000000	0.000000
279.999007	__gene 5.7_rbs	0.000000	0.000000	0.000000
279.999007	__gene 5.9_rbs	0.000000	0.000000	0.000000
279.999007	__gene 5_rbs	0.000000	0.000000	0.000000
279.999007	__gene 6.3_rbs	0.000000	0.000000	0.000000
279.999007	__gene 6.5_rbs	0.000000	0.000000	0.000000
279.999007	__gene 6.7_rbs	0.000000	0.000000	0.000000
279.999007	__gene 6_rbs	0.000000	0.000000	0.000000
279.999007	__gene 7.3_rbs	0.000000	0.000000	0.000000
279.999007	__gene 7.7_rbs	0.000000	0.000000	0.000000
279.999007	__gene 7_rbs	0.000000	0.000000	0.000000
279.999007	__gene 8_rbs	0.000000	0.000000	0.000000
279.999007	__gene 9_rbs	0.000000	0.000000	0.000000
279.999007	__gp-2_rbs	0.000000	0.000000	0.000000
279.999007	__lysozyme-3.5_rbs	0.000000	0.000000	0.000000
279.999007	__protein_kinase-0.7_rbs	3.000000	0.000000	0.000000
279.999007	__ribosome	18.000000	0.000000	0.000000
279.999007	__rnapol-1_rbs	0.000000	0.000000	0.000000
279.999007	bound_ecolipol	1734.000000	0.000000	0.000000
279.999007	bound_ecolipol_p	0.000000	0.000000	0.000000
279.999007	bound_ribosome	9973.000000	0.000000	0.000000
279.999007	degraded_transcript	4455.000000	0.000000	0.000000
279.999007	ecoli_genome	66.000000	0.000000	0.000000
279.999007	ecoli_transcript	15137.000000	0.000000	0.000000
279.999007	ecolipol	62.000000	0.000000	0.000000
279.999007	ecolipol-2	0.000000	0.000000	0.000000
279.999007	ecolipol-2-p	0.000000	0.000000	0.000000
279.999007	ecolipol-p	0.000000	0.000000	0.000000
279.999007	gene 0.3	21.000000	4.000000	0.250000
279.999007	gp-2	0.000000	0.000000	0.000000
279.999007	lysozyme-3.5	0.000000	0.000000	0.000000
279.999007	nonpref_charged	14963.000000	0.000000	0.000000
279.999007	nonpref_uncharged	37.000000	0.000000	0.000000
279.999007	pref_charged	34988.000000	0.000000	0.000000
279.999007	pref_uncharged	12.000000	0.000000	0.000000
279.999007	protein_kinase-0.7	0.000000	3.000000	2.666667
279.999007	rnapol-1	0.000000	0.000000	0.000000
279.999007	rnapol-3.5	0.000000	0.000000	0.000000
284.999057	E. coli B promoter	1.000000	0.000000	0.000000
284.999057	E. coli C promoter	0.000000	0.000000	0.000000
284.999057	E. coli promoter A1	1.000000	0.000000	0.000000
284.999057	E. coli promoter A2	1.000000	0.000000	0.000000
284.999057	E. coli promoter A3	1.000000	0.000000	0.000000
284.999057	T7 promoter phi1.1A	0.000000	0.000000	0.000000
284.999057	T7 promoter phi1.1B	0.000000	0.000000	0.000000
284.999057	T7 promoter phi1.3	0.000000	0.000000	0.000000
284.999057	T7 promoter phi1.5	0.000000	0.000000	0.000000
284.999057	T7 promoter phi1.6	0.000000	0.000000	0.000000
284.999057	T7 promoter phi10	0.000000	0.000000	0.000000
284.999057	T7 promoter phi13	0.000000	0.000000	0.000000
284.999057	T7 promoter phi17	0.000000	0.000000	0.000000
284.999057	T7 promoter phi2.5	0.000000	0.000000	0.000000
284.999057	T7 promoter phi3.8	0.000000	0.000000	0.000000
284.999057	T7 promoter phi4.3	0.000000	0.000000	0.000000
284.999057	T7 promoter phi4.7	0.000000	0.000000	0.000000
284.999057	T7 promoter phi4c	0.000000	0.000000	0.000000
284.999057	T7 promoter phi6.5	0.000000	0.000000	0.000000
284.999057	T7 promoter phi9	0.000000	0.000000	0.000000
284.999057	__gene 0.3_rbs	4.000000	0.000000	0.000000
284.999057	__gene 1.1_rbs	0.000000	0.000000	0.000000
284.999057	__gene 1.2_rbs	0.000000	0.000000	0.000000
284.999057	__gene 1.3_rbs	0.000000	0.000000	0.000000
284.999057	__gene 1.4_rbs	0.000000	0.000000	0.000000
284.999057	__gene 1.7_rbs	0.000000	0.000000	0.000000
284.999057	__gene 1.8_rbs	0.000000	0.000000	0.000000
284.999057	__gene 10A_rbs	0.000000	0.000000	0.000000
284.999057	__gene 11_rbs	0.000000	0.000000	0.000000
284.999057	__gene 12_rbs	0.000000	0.000000	0.000000
284.999057	__gene 13_rbs	0.000000	0.000000	0.000000
284.999057	__gene 14_rbs	0.000000	0.000000	0.000000
284.999057	__gene 15_rbs	0.000000	0.000000	0.000000
284.999057	__gene 16_rbs	0.000000	0.000000	0.000000
284.999057	__gene 17.5_rbs	0.000000	0.000000	0.000000
284.999057	__gene 17_rbs	0.000000	0.000000	0.000000
284.999057	__gene 18.5_rbs	0.000000	0.000000	0.000000
284.999057	__gene 18.7_rbs	0.000000	0.000000	0.000000
284.999057	__gene 18_rbs	0.000000	0.000000	0.000000
284.999057	__gene 19.2_rbs	0.000000	0.000000	0.000000
284.999057	__gene 19.3_rbs	0.000000	0.000000	0.000000
284.999057	__gene 19.5_rbs	0.000000	0.000000	0.000000
284.999057	__gene 19_rbs	0.000000	0.000000	0.000000
284.999057	__gene 2.5_rbs	0.000000	0.000000	0.000000
284.999057	__gene 2.8_rbs	0.000000	0.000000	0.000000
284.999057	__gene 3.8_rbs	0.000000	0.000000	0.000000
284.999057	__gene 3_rbs	0.000000	0.000000	0.000000
284.999057	__gene 4.2_rbs	0.000000	0.000000	0.000000
284.999057	__gene 4.3_rbs	0.000000	0.000000	0.000000
284.999057	__gene 4.5_rbs	0.000000	0.000000	0.000000
284.999057	__gene 4.7_rbs	0.000000	0.000000	0.000000
284.999057	__gene 4A_rbs	0.000000	0.000000	0.000000
284.999057	__gene 5.3_rbs	0.000000	0.000000	0.000000
284.999057	__gene 5.5_rbs	0.000000	0.000000	0.000000
284.999057	__gene 5.7_rbs	0.000000	0.000000	0.000000
284.999057	__gene 5.9_rbs	0.000000	0.000000	0.000000
284.999057	__gene 5_rbs	0.000000	0.000000	0.000000
284.999057	__gene 6.3_rbs	0.000000	0.000000	0.000000
284.999057	__gene 6.5_rbs	0.000000	0.000000	0.000000
284.999057	__gene 6.7_rbs	0.000000	0.000000	0.000000
284.999057	__gene 6_rbs	0.000000	0.000000	0.000000
284.999057	__gene 7.3_rbs	0.000000	0.000000	0.000000
284.999057	__gene 7.7_rbs	0.000000	0.000000	0.000000
284.999057	__gene 7_rbs	0.000000	0.000000	0.000000
284.999057	__gene 8_rbs	0.000000	0.000000	0.000000
284.999057	__gene 9_rbs	0.000000	0.000000	0.000000
284.999057	__gp-2_rbs	0.000000	0.000000	0.000000
284.999057	__lysozyme-3.5_rbs	0.000000	0.000000	0.000000
284.999057	__protein_kinase-0.7_rbs	3.000000	0.000000	0.000000
284.999057	__ribosome	16.000000	0.000000	0.000000
284.999057	__rnapol-1_rbs	0.000000	0.000000	0.000000
284.999057	bound_ecolipol	1731.000000	0.000000	0.000000
284.999057	bound_ecolipol_p	0.000000	0.000000	0.000000
284.999057	bound_ribosome	9968.000000	0.000000	0.000000
284.999057	degraded_transcript	4585.000000	0.000000	0.000000
284.999057	ecoli_genome	69.000000	0.000000	0.000000
284.999057	ecoli_transcript	15325.000000	0.000000	0.000000
284.999057	ecolipol	65.000000	0.000000	0.000000
284.999057	ecolipol-2	0.000000	0.000000	0.000000
284.999057	ecolipol-2-p	0.000000	0.000000	0.000000
284.999057	ecolipol-p	0.000000	0.000000	0.000000
284.999057	gene 0.3	24.000000	4.000000	0.250000
284.999057	gp-2	0.000000	0.000000	0.000000
284.999057	lysozyme-3.5	0.000000	0.000000	0.000000
284.999057	nonpref_charged	14977.000000	0.000000	0.000000
284.999057	nonpref_uncharged	23.000000	0.000000	0.000000
284.999057	pref_charged	34987.000000	0.000000	0.000000
284.999057	pref_uncharged	13.000000	0.000000	0.000000
284.999057	protein_kinase-0.7	0.000000	3.000000	5.000000
284.999057	rnapol-1	0.000000	0.000000	0.000000
284.999057	rnapol-3.5	0.000000	0.000000	0.000000
289.999008	E. coli B promoter	1.000000	0.000000	0.000000
289.999008	E. coli C promoter	0.000000	0.000000	0.000000
289.999008	E. coli promoter A1	1.000000	0.000000	0.000000
289.999008	E. coli promoter A2	1.000000	0.000000	0.000000
289.999008	E. coli promoter A3	1.000000	0.000000	0.000000
289.999008	T7 promoter phi1.1A	0.000000	0.000000	0.000000
289.999008	T7 promoter phi1.1B	0.000000	0.000000	0.000000
289.999008	T7 promoter phi1.3	0.000000	0.000000	0.000000
289.999008	T7 promoter phi1.5	0.000000	0.000000	0.000000
289.999008	T7 promoter phi1.6	0.000000	0.000000	0.000000
289.999008	T7 promoter phi10	0.000000	0.000000	0.000000
289.999008	T7 promoter phi13	0.000000	0.000000	0.000000
289.999008	T7 promoter phi17	0.000000	0.000000	0.000000
289.999008	T7 promoter phi2.5	0.000000	0.000000	0.000000
289.999008	T7 promoter phi3.8	0.000000	0.000000	0.000000
289.999008	T7 promoter phi4.3	0.000000	0.000000	0.000000
289.999008	T7 promoter phi4.7	0.000000	0.000000	0.000000
289.999008	T7 promoter phi4c	0.000000	0.000000	0.000000
289.999008	T7 promoter phi6.5	0.000000	0.000000	0.000000
289.999008	T7 promoter phi9	0.000000	0.000000	0.000000
289.999008	__gene 0.3_rbs	4.000000	0.000000	0.000000
289.999008	__gene 1.1_rbs	0.000000	0.000000	0.000000
289.999008	__gene 1.2_rbs	0.000000	0.000000	0.000000
289.999008	__gene 1.3_rbs	0.000000	0.000000	0.000000
289.999008	__gene 1.4_rbs	0.000000	0.000000	0.000000
289.999008	__gene 1.7_rbs	0.000000	0.000000	0.000000
289.999008	__gene 1.8_rbs	0.000000	0.000000	0.000000
289.999008	__gene 10A_rbs	0.000000	0.000000	0.000000
289.999008	__gene 11_rbs	0.000000	0.000000	0.000000
289.999008	__gene 12_rbs	0.000000	0.000000	0.000000
289.999008	__gene 13_rbs	0.000000	0.000000	0.000000
289.999008	__gene 14_rbs	0.000000	0.000000	0.000000
289.999008	__gene 15_rbs	0.000000	0.000000	0.000000
289.999008	__gene 16_rbs	0.000000	0.000000	0.000000
289.999008	__gene 17.5_rbs	0.000000	0.000000	0.000000
289.999008	__gene 17_rbs	0.000000	0.000000	0.000000
289.999008	__gene 18.5_rbs	0.000000	0.000000	0.000000
289.999008	__gene 18.7_rbs	0.000000	0.000000	0.000000
289.999008	__gene 18_rbs	0.000000	0.000000	0.000000
289.999008	__gene 19.2_rbs	0.000000	0.000000	0.000000
289.999008	__gene 19.3_rbs	0.000000	0.000000	0.000000
289.999008	__gene 19.5_rbs	0.000000	0.000000	0.000000
289.999008	__gene 19_rbs	0.000000	0.000000	0.000000
289.999008	__gene 2.5_rbs	0.000000	0.000000	0.000000
289.999008	__gene 2.8_rbs	0.000000	0.000000	0.000000
289.999008	__gene 3.8_rbs	0.000000	0.000000	0.000000
289.999008	__gene 3_rbs	0.000000	0.000000	0.000000
289.999008	__gene 4.2_rbs	0.000000	0.000000	0.000000
289.999008	__gene 4.3_rbs	0.000000	0.000000	0.000000
289.999008	__gene 4.5_rbs	0.000000	0.000000	0.000000
289.999008	__gene 4.7_rbs	0.000000	0.000000	0.000000
289.999008	__gene 4A_rbs	0.000000	0.000000	0.000000
289.999008	__gene 5.3_rbs	0.000000	0.000000	0.000000
289.999008	__gene 5.5_rbs	0.000000	0.000000	0.000000
289.999008	__gene 5.7_rbs	0.000000	0.000000	0.000000
289.999008	__gene 5.9_rbs	0.000000	0.000000	0.000000
289.999008	__gene 5_rbs	0.000000	0.000000	0.000000
289.999008	__gene 6.3_rbs	0.000000	0.000000	0.000000
289.999008	__gene 6.5_rbs	0.000000	0.000000	0.000000
289.999008	__gene 6.7_rbs	0.000000	0.000000	0.000000
289.999008	__gene 6_rbs	0.000000	0.000000	0.000000
289.999008	__gene 7.3_rbs	0.000000	0.000000	0.000000
289.999008	__gene 7.7_rbs	0.000000	0.000000	0.000000
289.999008	__gene 7_rbs	0.000000	0.000000	0.000000
289.999008	__gene 8_rbs	0.000000	0.000000	0.000000
289.999008	__gene 9_rbs	0.000000	0.000000	0.000000
289.999008	__gp-2_rbs	0.000000	0.000000	0.000000
289.999008	__lysozyme-3.5_rbs	0.000000	0.000000	0.000000
289.999008	__protein_kinase-0.7_rbs	3.000000	0.000000	0.000000
289.999008	__ribosome	24.000000	0.000000	0.000000
289.999008	__rnapol-1_rbs	0.000000	0.000000	0.000000
289.999008	bound_ecolipol	1727.000000	0.000000	0.000000
289.999008	bound_ecolipol_p	0.000000	0.000000	0.000000
289.999008	bound_ribosome	9957.000000	0.000000	0.000000
289.999008	degraded_transcript	4748.000000	0.000000	0.000000
289.999008	ecoli_genome	73.000000	0.000000	0.000000
289.999008	ecoli_transcript	15510.000000	0.000000	0.000000
289.999008	ecolipol	68.000000	0.000000	0.000000
289.999008	ecolipol-2	0.000000	0.000000	0.000000
289.999008	ecolipol-2-p	0.000000	0.000000	0.000000
289.999008	ecolipol-p	0.000000	0.000000	0.000000
289.999008	gene 0.3	26.000000	4.000000	0.500000
289.999008	gp-2	0.000000	0.000000	0.000000
289.999008	lysozyme-3.5	0.000000	0.000000	0.000000
289.999008	nonpref_charged	14968.000000	0.000000	0.000000
289.999008	nonpref_uncharged	32.000000	0.000000	0.000000
289.999008	pref_charged	34976.000000	0.000000	0.000000
289.999008	pref_uncharged	24.000000	0.000000	0.000000
289.999008	protein_kinase-0.7	0.000000	3.000000	5.666667
289.999008	rnapol-1	0.000000	0.000000	0.000000
289.999008	rnapol-3.5	0.000000	0.000000	0.000000
294.999034	E. coli B promoter	1.000000	0.000000	0.000000
294.999034	E. coli C promoter	0.000000	0.000000	0.000000
294.999034	E. coli promoter A1	1.000000	0.000000	0.000000
294.999034	E. coli promoter A2	1.000000	0.000000	0.000000
294.999034	E. coli promoter A3	1.000000	0.000000	0.000000
294.999034	T7 promoter phi1.1A	0.000000	0.000000	0.000000
294.999034	T7 promoter phi1.1B	0.000000	0.000000	0.000000
294.999034	T7 promoter phi1.3	0.000000	0.000000	0.000000
294.999034	T7 promoter phi1.5	0.000000	0.000000	0.000000
294.999034	T7 promoter phi1.6	0.000000	0.000000	0.000000
294.999034	T7 promoter phi10	0.000000	0.000000	0.000000
294.999034	T7 promoter phi13	0.000000	0.000000	0.000000
294.999034	T7 promoter phi17	0.000000	0.000000	0.000000
294.999034	T7 promoter phi2.5	0.000000	0.000000	0.000000
294.999034	T7 promoter phi3.8	0.000000	0.000000	0.000000
294.999034	T7 promoter phi4.3	0.000000	0.000000	0.000000
294.999034	T7 promoter phi4.7	0.000000	0.000000	0.000000
294.999034	T7 promoter phi4c	0.000000	0.000000	0.000000
294.999034	T7 promoter phi6.5	0.000000	0.000000	0.000000
294.999034	T7 promoter phi9	0.000000	0.000000	0.000000
294.999034	__gene 0.3_rbs	4.000000	0.000000	0.000000
294.999034	__gene 1.1_rbs	0.000000	0.000000	0.000000
294.999034	__gene 1.2_rbs	0.000000	0.000000	0.000000
294.999034	__gene 1.3_rbs	0.000000	0.000000	0.000000
294.999034	__gene 1.4_rbs	0.000000	0.000000	0.000000
294.999034	__gene 1.7_rbs	0.000000	0.000000	0.000000
294.999034	__gene 1.8_rbs	0.000000	0.000000	0.000000
294.999034	__gene 10A_rbs	0.000000	0.000000	0.000000
294.999034	__gene 11_rbs	0.000000	0.000000	0.000000
294.999034	__gene 12_rbs	0.000000	0.000000	0.000000
294.999034	__gene 13_rbs	0.000000	0.000000	0.000000
294.999034	__gene 14_rbs	0.000000	0.000000	0.000000
294.999034	__gene 15_rbs	0.000000	0.000000	0.000000
294.999034	__gene 16_rbs	0.000000	0.000000	0.000000
294.999034	__gene 17.5_rbs	0.000000	0.000000	0.000000
294.999034	__gene 17_rbs	0.000000	0.000000	0.000000
294.999034	__gene 18.5_rbs	0.000000	0.000000	0.000000
294.999034	__gene 18.7_rbs	0.000000	0.000000	0.000000
294.999034	__gene 18_rbs	0.000000	0.000000	0.000000
294.999034	__gene 19.2_rbs	0.000000	0.000000	0.000000
294.999034	__gene 19.3_rbs	0.000000	0.000000	0.000000
294.999034	__gene 19.5_rbs	0.000000	0.000000	0.000000
294.999034	__gene 19_rbs	0.000000	0.000000	0.000000
294.999034	__gene 2.5_rbs	0.000000	0.000000	0.000000
294.999034	__gene 2.8_rbs	0.000000	0.000000	0.000000
294.999034	__gene 3.8_rbs	0.000000	0.000000	0.000000
294.999034	__gene 3_rbs	0.000000	0.000000	0.000000
294.999034	__gene 4.2_rbs	0.000000	0.000000	0.000000
294.999034	__gene 4.3_rbs	0.000000	0.000000	0.000000
294.999034	__gene 4.5_rbs	0.000000	0.000000	0.000000
294.999034	__gene 4.7_rbs	0.000000	0.000000	0.000000
294.999034	__gene 4A_rbs	0.000000	0.000000	0.000000
294.999034	__gene 5.3_rbs	0.000000	0.000000	0.000000
294.999034	__gene 5.5_rbs	0.000000	0.000000	0.000000
294.999034	__gene 5.7_rbs	0.000000	0.000000	0.000000
294.999034	__gene 5.9_rbs	0.000000	0.000000	0.000000
294.999034	__gene 5_rbs	0.000000	0.000000	0.000000
294.999034	__gene 6.3_rbs	0.000000	0.000000	0.000000
294.999034	__gene 6.5_rbs	0.000000	0.000000	0.000000
294.999034	__gene 6.7_rbs	0.000000	0.000000	0.000000
294.999034	__gene 6_rbs	0.000000	0.000000	0.000000
294.999034	__gene 7.3_rbs	0.000000	0.000000	0.000000
294.999034	__gene 7.7_rbs	0.000000	0.000000	0.000000
294.999034	__gene 7_rbs	0.000000	0.000000	0.000000
294.999034	__gene 8_rbs	0.000000	0.000000	0.000000
294.999034	__gene 9_rbs	0.000000	0.000000	0.000000
294.999034	__gp-2_rbs	0.000000	0.000000	0.000000
294.999034	__lysozyme-3.5_rbs	0.000000	0.000000	0.000000
294.999034	__protein_kinase-0.7_rbs	4.000000	0.000000	0.000000
294.999034	__ribosome	25.000000	0.000000	0.000000
294.999034	__rnapol-1_rbs	0.000000	0.000000	0.000000
294.999034	bound_ecolipol	1734.000000	0.000000	0.000000
294.999034	bound_ecolipol_p	0.000000	0.000000	0.000000
294.999034	bound_ribosome	9956.000000	0.000000	0.000000
294.999034	degraded_transcript	4882.000000	0.000000	0.000000
294.999034	ecoli_genome	66.000000	0.000000	0.000000
294.999034	ecoli_transcript	15718.000000	0.000000	0.000000
294.999034	ecolipol	61.000000	0.000000	0.000000
294.999034	ecolipol-2	0.000000	0.000000	0.000000
294.999034	ecolipol-2-p	0.000000	0.000000	0.000000
294.999034	ecolipol-p	0.000000	0.000000	0.000000
294.999034	gene 0.3	33.000000	4.000000	0.000000
294.999034	gp-2	0.000000	0.000000	0.000000
294.999034	lysozyme-3.5	0.000000	0.000000	0.000000
294.999034	nonpref_charged	14985.000000	0.000000	0.000000
294.999034	nonpref_uncharged	15.000000	0.000000	0.000000
294.999034	pref_charged	34992.000000	0.000000	0.000000
294.999034	pref_uncharged	8.000000	0.000000	0.000000
294.999034	protein_kinase-0.7	0.000000	3.000000	6.333333
294.999034	rnapol-1	0.000000	0.000000	0.000000
294.999034	rnapol-3.5	0.000000	0.000000	0.000000
299.999019	E. coli B promoter	1.000000	0.000000	0.000000
299.999019	E. coli C promoter	1.000000	0.000000	0.000000
299.999019	E. coli promoter A1	1.000000	0.000000	0.000000
299.999019	E. coli promoter A2	1.000000	0.000000	0.000000
299.999019	E. coli promoter A3	0.000000	0.000000	0.000000
299.999019	T7 promoter phi1.1A	0.000000	0.000000	0.000000
299.999019	T7 promoter phi1.1B	0.000000	0.000000	0.000000
299.999019	T7 promoter phi1.3	0.000000	0.000000	0.000000
299.999019	T7 promoter phi1.5	0.000000	0.000000	0.000000
299.999019	T7 promoter phi1.6	0.000000	0.000000	0.000000
299.999019	T7 promoter phi10	0.000000	0.000000	0.000000
299.999019	T7 promoter phi13	0.000000	0.000000	0.000000
299.999019	T7 promoter phi17	0.000000	0.000000	0.000000
299.999019	T7 promoter phi2.5	0.000000	0.000000	0.000000
299.999019	T7 promoter phi3.8	0.000000	0.000000	0.000000
299.999019	T7 promoter phi4.3	0.000000	0.000000	0.000000
299.999019	T7 promoter phi4.7	0.000000	0.000000	0.000000
299.999019	T7 promoter phi4c	0.000000	0.000000	0.000000
299.999019	T7 promoter phi6.5	0.000000	0.000000	0.000000
299.999019	T7 promoter phi9	0.000000	0.000000	0.000000
299.999019	__gene 0.3_rbs	5.000000	0.000000	0.000000
299.999019	__gene 1.1_rbs	0.000000	0.000000	0.000000
299.999019	__gene 1.2_rbs	0.000000	0.000000	0.000000
299.999019	__gene 1.3_rbs	0.000000	0.000000	0.000000
299.999019	__gene 1.4_rbs	0.000000	0.000000	0.000000
299.999019	__gene 1.7_rbs	0.000000	0.000000	0.000000
299.999019	__gene 1.8_rbs	0.000000	0.000000	0.000000
299.999019	__gene 10A_rbs	0.000000	0.000000	0.000000
299.999019	__gene 11_rbs	0.000000	0.000000	0.000000
299.999019	__gene 12_rbs	0.000000	0.000000	0.000000
299.999019	__gene 13_rbs	0.000000	0.000000	0.000000
299.999019	__gene 14_rbs	0.000000	0.000000	0.000000
299.999019	__gene 15_rbs	0.000000	0.000000	0.000000
299.999019	__gene 16_rbs	0.000000	0.000000	0.000000
299.999019	__gene 17.5_rbs	0.000000	0.000000	0.000000
299.999019	__gene 17_rbs	0.000000	0.000000	0.000000
299.999019	__gene 18.5_rbs	0.000000	0.000000	0.000000
299.999019	__gene 18.7_rbs	0.000000	0.000000	0.000000
299.999019	__gene 18_rbs	0.000000	0.000000	0.000000
299.999019	__gene 19.2_rbs	0.000000	0.000000	0.000000
299.999019	__gene 19.3_rbs	0.000000	0.000000	0.000000
299.999019	__gene 19.5_rbs	0.000000	0.000000	0.000000
299.999019	__gene 19_rbs	0.000000	0.000000	0.000000
299.999019	__gene 2.5_rbs	0.000000	0.000000	0.000000
299.999019	__gene 2.8_rbs	0.000000	0.000000	0.000000
299.999019	__gene 3.8_rbs	0.000000	0.000000	0.000000
299.999019	__gene 3_rbs	0.000000	0.000000	0.000000
299.999019	__gene 4.2_rbs	0.000000	0.000000	0.000000
299.999019	__gene 4.3_rbs	0.000000	0.000000	0.000000
299.999019	__gene 4.5_rbs	0.000000	0.000000	0.000000
299.999019	__gene 4.7_rbs	0.000000	0.000000	0.000000
299.999019	__gene 4A_rbs	0.000000	0.000000	0.000000
299.999019	__gene 5.3_rbs	0.000000	0.000000	0.000000
299.999019	__gene 5.5_rbs	0.000000	0.000000	0.000000
299.999019	__gene 5.7_rbs	0.000000	0.000000	0.000000
299.999019	__gene 5.9_rbs	0.000000	0.000000	0.000000
299.999019	__gene 5_rbs	0.000000	0.000000	0.000000
299.999019	__gene 6.3_rbs	0.000000	0.000000	0.000000
299.999019	__gene 6.5_rbs	0.000000	0.000000	0.000000
299.999019	__gene 6.7_rbs	0.000000	0.000000	0.000000
299.999019	__gene 6_rbs	0.000000	0.000000	0.000000
299.999019	__gene 7.3_rbs	0.000000	0.000000	0.000000
299.999019	__gene 7.7_rbs	0.000000	0.000000	0.000000
299.999019	__gene 7_rbs	0.000000	0.000000	0.000000
299.999019	__gene 8_rbs	0.000000	0.000000	0.000000
299.999019	__gene 9_rbs	0.000000	0.000000	0.000000
299.999019	__gp-2_rbs	0.000000	0.000000	0.000000
299.999019	__lysozyme-3.5_rbs	0.000000	0.000000	0.000000
299.999019	__protein_kinase-0.7_rbs	4.000000	0.000000	0.000000
299.999019	__ribosome	15.000000	0.000000	0.000000
299.999019	__rnapol-1_rbs	1.000000	0.000000	0.000000
299.999019	bound_ecolipol	1723.000000	0.000000	0.000000
299.999019	bound_ecolipol_p	4.000000	0.000000	0.000000
299.999019	bound_ribosome	9958.000000	0.000000	0.000000
299.999019	degraded_transcript	5041.000000	0.000000	0.000000
299.999019	ecoli_genome	73.000000	0.000000	0.000000
299.999019	ecoli_transcript	15892.000000	0.000000	0.000000
299.999019	ecolipol	46.000000	0.000000	0.000000
299.999019	ecolipol-2	0.000000	0.000000	0.000000
299.999019	ecolipol-2-p	0.000000	0.000000	0.000000
299.999019	ecolipol-p	21.000000	0.000000	0.000000
299.999019	gene 0.3	40.000000	5.000000	0.400000
299.999019	gp-2	0.000000	0.000000	0.000000
299.999019	lysozyme-3.5	0.000000	0.000000	0.000000
299.999019	nonpref_charged	14955.000000	0.000000	0.000000
299.999019	nonpref_uncharged	45.000000	0.000000	0.000000
299.999019	pref_charged	34981.000000	0.000000	0.000000
299.999019	pref_uncharged	19.000000	0.000000	0.000000
299.999019	protein_kinase-0.7	7.000000	4.000000	6.000000
299.999019	rnapol-1	0.000000	1.000000	1.000000
299.999019	rnapol-3.5	0.000000	0.000000	0.000000
304.999011	E. coli B promoter	1.000000	0.000000	0.000000
304.999011	E. coli C promoter	1.000000	0.000000	0.000000
304.999011	E. coli promoter A1	1.000000	0.000000	0.000000
304.999011	E. coli promoter A2	1.000000	0.000000	0.000000
304.999011	E. coli promoter A3	1.000000	0.000000	0.000000
304.999011	T7 promoter phi1.1A	0.000000	0.000000	0.000000
304.999011	T7 promoter phi1.1B	0.000000	0.000000	0.000000
304.999011	T7 promoter phi1.3	0.000000	0.000000	0.000000
304.999011	T7 promoter phi1.5	0.000000	0.000000	0.000000
304.999011	T7 promoter phi1.6	0.000000	0.000000	0.000000
304.999011	T7 promoter phi10	0.000000	0.000000	0.000000
304.999011	T7 promoter phi13	0.000000	0.000000	0.000000
304.999011	T7 promoter phi17	0.000000	0.000000	0.000000
304.999011	T7 promoter phi2.5	0.000000	0.000000	0.000000
304.999011	T7 promoter phi3.8	0.000000	0.000000	0.000000
304.999011	T7 promoter phi4.3	0.000000	0.000000	0.000000
304.999011	T7 promoter phi4.7	0.000000	0.000000	0.000000
304.999011	T7 promoter phi4c	0.000000	0.000000	0.000000
304.999011	T7 promoter phi6.5	0.000000	0.000000	0.000000
304.999011	T7 promoter phi9	0.000000	0.000000	0.000000
304.999011	__gene 0.3_rbs	6.000000	0.000000	0.000000
304.999011	__gene 1.1_rbs	0.000000	0.000000	0.000000
304.999011	__gene 1.2_rbs	0.000000	0.000000	0.000000
304.999011	__gene 1.3_rbs	0.000000	0.000000	0.000000
304.999011	__gene 1.4_rbs	0.000000	0.000000	0.000000
304.999011	__gene 1.7_rbs	0.000000	0.000000	0.000000
304.999011	__gene 1.8_rbs	0.000000	0.000000	0.000000
304.999011	__gene 10A_rbs	0.000000	0.000000	0.000000
304.999011	__gene 11_rbs	0.000000	0.000000	0.000000
304.999011	__gene 12_rbs	0.000000	0.000000	0.000000
304.999011	__gene 13_rbs	0.000000	0.000000	0.000000
304.999011	__gene 14_rbs	0.000000	0.000000	0.000000
304.999011	__gene 15_rbs	0.000000	0.000000	0.000000
304.999011	__gene 16_rbs	0.000000	0.000000	0.000000
304.999011	__gene 17.5_rbs	0.000000	0.000000	0.000000
304.999011	__gene 17_rbs	0.000000	0.000000	0.000000
304.999011	__gene 18.5_rbs	0.000000	0.000000	0.000000
304.999011	__gene 18.7_rbs	0.000000	0.000000	0.000000
304.999011	__gene 18_rbs	0.000000	0.000000	0.000000
304.999011	__gene 19.2_rbs	0.000000	0.000000	0.000000
304.999011	__gene 19.3_rbs	0.000000	0.000000	0.000000
304.999011	__gene 19.5_rbs	0.000000	0.000000	0.000000
304.999011	__gene 19_rbs	0.000000	0.000000	0.000000
304.999011	__gene 2.5_rbs	0.000000	0.000000	0.000000
304.999011	__gene 2.8_rbs	0.000000	0.000000	0.000000
304.999011	__gene 3.8_rbs	0.000000	0.000000	0.000000
304.999011	__gene 3_rbs	0.000000	0.000000	0.000000
304.999011	__gene 4.2_rbs	0.000000	0.000000	0.000000
304.999011	__gene 4.3_rbs	0.000000	0.000000	0.000000
304.999011	__gene 4.5_rbs	0.000000	0.000000	0.000000
304.999011	__gene 4.7_rbs	0.000000	0.000000	0.000000
304.999011	__gene 4A_rbs	0.000000	0.000000	0.000000
304.999011	__gene 5.3_rbs	0.000000	0.000000	0.000000
304.999011	__gene 5.5_rbs	0.000000	0.000000	0.000000
304.999011	__gene 5.7_rbs	0.000000	0.000000	0.000000
304.999011	__gene 5.9_rbs	0.000000	0.000000	0.000000
304.999011	__gene 5_rbs	0.000000	0.000000	0.000000
304.999011	__gene 6.3_rbs	0.000000	0.000000	0.000000
304.999011	__gene 6.5_rbs	0.000000	0.000000	0.000000
304.999011	__gene 6.7_rbs	0.000000	0.000000	0.000000
304.999011	__gene 6_rbs	0.000000	0.000000	0.000000
304.999011	__gene 7.3_rbs	0.000000	0.000000	0.000000
304.999011	__gene 7.7_rbs	0.000000	0.000000	0.000000
304.999011	__gene 7_rbs	0.000000	0.000000	0.000000
304.999011	__gene 8_rbs	0.000000	0.000000	0.000000
304.999011	__gene 9_rbs	0.000000	0.000000	0.000000
304.999011	__gp-2_rbs	0.000000	0.000000	0.000000
304.999011	__lysozyme-3.5_rbs	0.000000	0.000000	0.000000
304.999011	__protein_kinase-0.7_rbs	4.000000	0.000000	0.000000
304.999011	__ribosome	16.000000	0.000000	0.000000
304.999011	__rnapol-1_rbs	1.000000	0.000000	0.000000
304.999011	bound_ecolipol	1648.000000	0.000000	0.000000
304.999011	bound_ecolipol_p	67.000000	0.000000	0.000000
304.999011	bound_ribosome	9954.000000	0.000000	0.000000
304.999011	degraded_transcript	5201.000000	0.000000	0.000000
304.999011	ecoli_genome	85.000000	0.000000	0.000000
304.999011	ecoli_transcript	16079.000000	0.000000	0.000000
304.999011	ecolipol	32.000000	0.000000	0.000000
304.999011	ecolipol-2	0.000000	0.000000	0.000000
304.999011	ecolipol-2-p	0.000000	0.000000	0.000000
304.999011	ecolipol-p	47.000000	0.000000	0.000000
304.999011	gene 0.3	46.000000	6.000000	0.333333
304.999011	gp-2	0.000000	0.000000	0.000000
304.999011	lysozyme-3.5	0.000000	0.000000	0.000000
304.999011	nonpref_charged	14973.000000	0.000000	0.000000
304.999011	nonpref_uncharged	27.000000	0.000000	0.000000
304.999011	pref_charged	34976.000000	0.000000	0.000000
304.999011	pref_uncharged	24.000000	0.000000	0.000000
304.999011	protein_kinase-0.7	7.000000	4.000000	6.250000
304.999011	rnapol-1	0.000000	1.000000	3.000000
304.999011	rnapol-3.5	0.000000	0.000000	0.000000
309.999006	E. coli B promoter	1.000000	0.000000	0.000000
309.999006	E. coli C promoter	1.000000	0.000000	0.000000
309.999006	E. coli promoter A1	1.000000	0.000000	0.000000
309.999006	E. coli promoter A2	1.000000	0.000000	0.000000
309.999006	E. coli promoter A3	0.000000	0.000000	0.000000
309.999006	T7 promoter phi1.1A	0.000000	0.000000	0.000000
309.999006	T7 promoter phi1.1B	0.000000	0.000000	0.000000
309.999006	T7 promoter phi1.3	0.000000	0.000000	0.000000
309.999006	T7 promoter phi1.5	0.000000	0.000000	0.000000
309.999006	T7 promoter phi1.6	0.000000	0.000000	0.000000
309.999006	T7 promoter phi10	0.000000	0.000000	0.000000
309.999006	T7 promoter phi13	0.000000	0.000000	0.000000
309.999006	T7 promoter phi17	0.000000	0.000000	0.000000
309.999006	T7 promoter phi2.5	0.000000	0.000000	0.000000
309.999006	T7 promoter phi3.8	0.000000	0.000000	0.000000
309.999006	T7 promoter phi4.3	0.000000	0.000000	0.000000
309.999006	T7 promoter phi4.7	0.000000	0.000000	0.000000
309.999006	T7 promoter phi4c	0.000000	0.000000	0.000000
309.999006	T7 promoter phi6.5	0.000000	0.000000	0.000000
309.999006	T7 promoter phi9	0.000000	0.000000	0.000000
309.999006	__gene 0.3_rbs	6.000000	0.000000	0.000000
309.999006	__gene 1.1_rbs	0.000000	0.000000	0.000000
309.999006	__gene 1.2_rbs	0.000000	0.000000	0.000000
309.999006	__gene 1.3_rbs	0.000000	0.000000	0.000000
309.999006	__gene 1.4_rbs	0.000000	0.000000	0.000000
309.999006	__gene 1.7_rbs	0.000000	0.000000	0.000000
309.999006	__gene 1.8_rbs	0.000000	0.000000	0.000000
309.999006	__gene 10A_rbs	0.000000	0.000000	0.000000
309.999006	__gene 11_rbs	0.000000	0.000000	0.000000
309.999006	__gene 12_rbs	0.000000	0.000000	0.000000
309.999006	__gene 13_rbs	0.000000	0.000000	0.000000
309.999006	__gene 14_rbs	0.000000	0.000000	0.000000
309.999006	__gene 15_rbs	0.000000	0.000000	0.000000
309.999006	__gene 16_rbs	0.000000	0.000000	0.000000
309.999006	__gene 17.5_rbs	0.000000	0.000000	0.000000
309.999006	__gene 17_rbs	0.000000	0.000000	0.000000
309.999006	__gene 18.5_rbs	0.000000	0.000000	0.000000
309.999006	__gene 18.7_rbs	0.000000	0.000000	0.000000
309.999006	__gene 18_rbs	0.000000	0.000000	0.000000
309.999006	__gene 19.2_rbs	0.000000	0.000000	0.000000
309.999006	__gene 19.3_rbs	0.000000	0.000000	0.000000
309.999006	__gene 19.5_rbs	0.000000	0.000000	0.000000
309.999006	__gene 19_rbs	0.000000	0.000000	0.000000
309.999006	__gene 2.5_rbs	0.000000	0.000000	0.000000
309.999006	__gene 2.8_rbs	0.000000	0.000000	0.000000
309.999006	__gene 3.8_rbs	0.000000	0.000000	0.000000
309.999006	__gene 3_rbs	0.000000	0.000000	0.000000
309.999006	__gene 4.2_rbs	0.000000	0.000000	0.000000
309.999006	__gene 4.3_rbs	0.000000	0.000000	0.000000
309.999006	__gene 4.5_rbs	0.000000	0.000000	0.000000
309.999006	__gene 4.7_rbs	0.000000	0.000000	0.000000
309.999006	__gene 4A_rbs	0.000000	0.000000	0.000000
309.999006	__gene 5.3_rbs	0.000000	0.000000	0.000000
309.999006	__gene 5.5_rbs	0.000000	0.000000	0.000000
309.999006	__gene 5.7_rbs	0.000000	0.000000	0.000000
309.999006	__gene 5.9_rbs	0.000000	0.000000	0.000000
309.999006	__gene 5_rbs	0.000000	0.000000	0.000000
309.999006	__gene 6.3_rbs	0.000000	0.000000	0.000000
309.999006	__gene 6.5_rbs	0.000000	0.000000	0.000000
309.999006	__gene 6.7_rbs	0.000000	0.000000	0.000000
309.999006	__gene 6_rbs	0.000000	0.000000	0.000000
309.999006	__gene 7.3_rbs	0.000000	0.000000	0.000000
309.999006	__gene 7.7_rbs	0.000000	0.000000	0.000000
309.999006	__gene 7_rbs	0.000000	0.000000	0.000000
309.999006	__gene 8_rbs	0.000000	0.000000	0.000000
309.999006	__gene 9_rbs	0.000000	0.000000	0.000000
309.999006	__gp-2_rbs	0.000000	0.000000	0.000000
309.999006	__lysozyme-3.5_rbs	0.000000	0.000000	0.000000
309.999006	__protein_kinase-0.7_rbs	4.000000	0.000000	0.000000
309.999006	__ribosome	12.000000	0.000000	0.000000
309.999006	__rnapol-1_rbs	2.000000	0.000000	0.000000
309.999006	bound_ecolipol	1574.000000	0.000000	0.000000
309.999006	bound_ecolipol_p	136.000000	0.000000	0.000000
309.999006	bound_ribosome	9958.000000	0.000000	0.000000
309.999006	degraded_transcript	5361.000000	0.000000	0.000000
309.999006	ecoli_genome	90.000000	0.000000	0.000000
309.999006	ecoli_transcript	16254.000000	0.000000	0.000000
309.999006	ecolipol	24.000000	0.000000	0.000000
309.999006	ecolipol-2	0.000000	0.000000	0.000000
309.999006	ecolipol-2-p	0.000000	0.000000	0.000000
309.999006	ecolipol-p	59.000000	0.000000	0.000000
309.999006	gene 0.3	49.000000	6.000000	1.333333
309.999006	gp-2	0.000000	0.000000	0.000000
309.999006	lysozyme-3.5	0.000000	0.000000	0.000000
309.999006	nonpref_charged	14908.000000	0.000000	0.000000
309.999006	nonpref_uncharged	92.000000	0.000000	0.000000
309.999006	pref_charged	34959.000000	0.000000	0.000000
309.999006	pref_uncharged	41.000000	0.000000	0.000000
309.999006	protein_kinase-0.7	16.000000	4.000000	4.500000
309.999006	rnapol-1	0.000000	1.000000	4.000000
309.999006	rnapol-3.5	0.000000	0.000000	0.000000
314.999062	E. coli B promoter	1.000000	0.000000	0.000000
314.999062	E. coli C promoter	1.000000	0.000000	0.000000
314.999062	E. coli promoter A1	1.000000	0.000000	0.000000
314.999062	E. coli promoter A2	1.000000	0.000000	0.000000
314.999062	E. coli promoter A3	1.000000	0.000000	0.000000
314.999062	T7 promoter phi1.1A	0.000000	0.000000	0.000000
314.999062	T7 promoter phi1.1B	0.000000	0.000000	0.000000
314.999062	T7 promoter phi1.3	0.000000	0.000000	0.000000
314.999062	T7 promoter phi1.5	0.000000	0.000000	0.000000
314.999062	T7 promoter phi1.6	0.000000	0.000000	0.000000
314.999062	T7 promoter phi10	0.000000	0.000000	0.000000
314.999062	T7 promoter phi13	0.000000	0.000000	0.000000
314.999062	T7 promoter phi17	0.000000	0.000000	0.000000
314.999062	T7 promoter phi2.5	0.000000	0.000000	0.000000
314.999062	T7 promoter phi3.8	0.000000	0.000000	0.000000
314.999062	T7 promoter phi4.3	0.000000	0.000000	0.000000
314.999062	T7 promoter phi4.7	0.000000	0.000000	0.000000
314.999062	T7 promoter phi4c	0.000000	0.000000	0.000000
314.999062	T7 promoter phi6.5	0.000000	0.000000	0.000000
314.999062	T7 promoter phi9	0.000000	0.000000	0.000000
314.999062	__gene 0.3_rbs	7.000000	0.000000	0.000000
314.999062	__gene 1.1_rbs	0.000000	0.000000	0.000000
314.999062	__gene 1.2_rbs	0.000000	0.000000	0.000000
314.999062	__gene 1.3_rbs	0.000000	0.000000	0.000000
314.999062	__gene 1.4_rbs	0.000000	0.000000	0.000000
314.999062	__gene 1.7_rbs	0.000000	0.000000	0.000000
314.999062	__gene 1.8_rbs	0.000000	0.000000	0.000000
314.999062	__gene 10A_rbs	0.000000	0.000000	0.000000
314.999062	__gene 11_rbs	0.000000	0.000000	0.000000
314.999062	__gene 12_rbs	0.000000	0.000000	0.000000
314.999062	__gene 13_rbs	0.000000	0.000000	0.000000
314.999062	__gene 14_rbs	0.000000	0.000000	0.000000
314.999062	__gene 15_rbs	0.000000	0.000000	0.000000
314.999062	__gene 16_rbs	0.000000	0.000000	0.000000
314.999062	__gene 17.5_rbs	0.000000	0.000000	0.000000
314.999062	__gene 17_rbs	0.000000	0.000000	0.000000
314.999062	__gene 18.5_rbs	0.000000	0.000000	0.000000
314.999062	__gene 18.7_rbs	0.000000	0.000000	0.000000
314.999062	__gene 18_rbs	0.000000	0.000000	0.000000
314.999062	__gene 19.2_rbs	0.000000	0.000000	0.000000
314.999062	__gene 19.3_rbs	0.000000	0.000000	0.000000
314.999062	__gene 19.5_rbs	0.000000	0.000000	0.000000
314.999062	__gene 19_rbs	0.000000	0.000000	0.000000
314.999062	__gene 2.5_rbs	0.000000	0.000000	0.000000
314.999062	__gene 2.8_rbs	0.000000	0.000000	0.000000
314.999062	__gene 3.8_rbs	0.000000	0.000000	0.000000
314.999062	__gene 3_rbs	0.000000	0.000000	0.000000
314.999062	__gene 4.2_rbs	0.000000	0.000000	0.000000
314.999062	__gene 4.3_rbs	0.000000	0.000000	0.000000
314.999062	__gene 4.5_rbs	0.000000	0.000000	0.000000
314.999062	__gene 4.7_rbs	0.000000	0.000000	0.000000
314.999062	__gene 4A_rbs	0.000000	0.000000	0.000000
314.999062	__gene 5.3_rbs	0.000000	0.000000	0.000000
314.999062	__gene 5.5_rbs	0.000000	0.000000	0.000000
314.999062	__gene 5.7_rbs	0.000000	0.000000	0.000000
314.999062	__gene 5.9_rbs	0.000000	0.000000	0.000000
314.999062	__gene 5_rbs	0.000000	0.000000	0.000000
314.999062	__gene 6.3_rbs	0.000000	0.000000	0.000000
314.999062	__gene 6.5_rbs	0.000000	0.000000	0.000000
314.999062	__gene 6.7_rbs	0.000000	0.000000	0.000000
314.999062	__gene 6_rbs	0.000000	0.000000	0.000000
314.999062	__gene 7.3_rbs	0.000000	0.000000	0.000000
314.999062	__gene 7.7_rbs	0.000000	0.000000	0.000000
314.999062	__gene 7_rbs	0.000000	0.000000	0.000000
314.999062	__gene 8_rbs	0.000000	0.000000	0.000000
314.999062	__gene 9_rbs	0.000000	0.000000	0.000000
314.999062	__gp-2_rbs	0.000000	0.000000	0.000000
314.999062	__lysozyme-3.5_rbs	0.000000	0.000000	0.000000
314.999062	__protein_kinase-0.7_rbs	5.000000	0.000000	0.000000
314.999062	__ribosome	11.000000	0.000000	0.000000
314.999062	__rnapol-1_rbs	3.000000	0.000000	0.000000
314.999062	bound_ecolipol	1418.000000	0.000000	0.000000
314.999062	bound_ecolipol_p	274.000000	0.000000	0.000000
314.999062	bound_ribosome	9974.000000	0.000000	0.000000
314.999062	degraded_transcript	5502.000000	0.000000	0.000000
314.999062	ecoli_genome	108.000000	0.000000	0.000000
314.999062	ecoli_transcript	16472.000000	0.000000	0.000000
314.999062	ecolipol	17.000000	0.000000	0.000000
314.999062	ecolipol-2	0.000000	0.000000	0.000000
314.999062	ecolipol-2-p	0.000000	0.000000	0.000000
314.999062	ecolipol-p	84.000000	0.000000	0.000000
314.999062	gene 0.3	64.000000	7.000000	0.714286
314.999062	gp-2	0.000000	0.000000	0.000000
314.999062	lysozyme-3.5	0.000000	0.000000	0.000000
314.999062	nonpref_charged	14978.000000	0.000000	0.000000
314.999062	nonpref_uncharged	22.000000	0.000000	0.000000
314.999062	pref_charged	34984.000000	0.000000	0.000000
314.999062	pref_uncharged	16.000000	0.000000	0.000000
314.999062	protein_kinase-0.7	34.000000	4.000000	1.250000
314.999062	rnapol-1	0.000000	2.000000	2.500000
314.999062	rnapol-3.5	0.000000	0.000000	0.000000
319.999024	E. coli B promoter	1.000000	0.000000	0.000000
319.999024	E. coli C promoter	1.000000	0.000000	0.000000
319.999024	E. coli promoter A1	1.000000	0.000000	0.000000
319.999024	E. coli promoter A2	1.000000	0.000000	0.000000
319.999024	E. coli promoter A3	1.000000	0.000000	0.000000
319.999024	T7 promoter phi1.1A	0.000000	0.000000	0.000000
319.999024	T7 promoter phi1.1B	0.000000	0.000000	0.000000
319.999024	T7 promoter phi1.3	0.000000	0.000000	0.000000
319.999024	T7 promoter phi1.5	0.000000	0.000000	0.000000
319.999024	T7 promoter phi1.6	0.000000	0.000000	0.000000
319.999024	T7 promoter phi10	0.000000	0.000000	0.000000
319.999024	T7 promoter phi13	0.000000	0.000000	0.000000
319.999024	T7 promoter phi17	0.000000	0.000000	0.000000
319.999024	T7 promoter phi2.5	0.000000	0.000000	0.000000
319.999024	T7 promoter phi3.8	0.000000	0.000000	0.000000
319.999024	T7 promoter phi4.3	0.000000	0.000000	0.000000
319.999024	T7 promoter phi4.7	0.000000	0.000000	0.000000
319.999024	T7 promoter phi4c	0.000000	0.000000	0.000000
319.999024	T7 promoter phi6.5	0.000000	0.000000	0.000000
319.999024	T7 promoter phi9	0.000000	0.000000	0.000000
319.999024	__gene 0.3_rbs	7.000000	0.000000	0.000000
319.999024	__gene 1.1_rbs	0.000000	0.000000	0.000000
319.999024	__gene 1.2_rbs	0.000000	0.000000	0.000000
319.999024	__gene 1.3_rbs	0.000000	0.000000	0.000000
319.999024	__gene 1.4_rbs	0.000000	0.000000	0.000000
319.999024	__gene 1.7_rbs	0.000000	0.000000	0.000000
319.999024	__gene 1.8_rbs	0.000000	0.000000	0.000000
319.999024	__gene 10A_rbs	0.000000	0.000000	0.000000
319.999024	__gene 11_rbs	0.000000	0.000000	0.000000
319.999024	__gene 12_rbs	0.000000	0.000000	0.000000
319.999024	__gene 13_rbs	0.000000	0.000000	0.000000
319.999024	__gene 14_rbs	0.000000	0.000000	0.000000
319.999024	__gene 15_rbs	0.000000	0.000000	0.000000
319.999024	__gene 16_rbs	0.000000	0.000000	0.000000
319.999024	__gene 17.5_rbs	0.000000	0.000000	0.000000
319.999024	__gene 17_rbs	0.000000	0.000000	0.000000
319.999024	__gene 18.5_rbs	0.000000	0.000000	0.000000
319.999024	__gene 18.7_rbs	0.000000	0.000000	0.000000
319.999024	__gene 18_rbs	0.000000	0.000000	0.000000
319.999024	__gene 19.2_rbs	0.000000	0.000000	0.000000
319.999024	__gene 19.3_rbs	0.000000	0.000000	0.000000
319.999024	__gene 19.5_rbs	0.000000	0.000000	0.000000
319.999024	__gene 19_rbs	0.000000	0.000000	0.000000
319.999024	__gene 2.5_rbs	0.000000	0.000000	0.000000
319.999024	__gene 2.8_rbs	0.000000	0.000000	0.000000
319.999024	__gene 3.8_rbs	0.000000	0.000000	0.000000
319.999024	__gene 3_rbs	0.000000	0.000000	0.000000
319.999024	__gene 4.2_rbs	0.000000	0.000000	0.000000
319.999024	__gene 4.3_rbs	0.000000	0.000000	0.000000
319.999024	__gene 4.5_rbs	0.000000	0.000000	0.000000
319.999024	__gene 4.7_rbs	0.000000	0.000000	0.000000
319.999024	__gene 4A_rbs	0.000000	0.000000	0.000000
319.999024	__gene 5.3_rbs	0.000000	0.000000	0.000000
319.999024	__gene 5.5_rbs	0.000000	0.000000	0.000000
319.999024	__gene 5.7_rbs	0.000000	0.000000	0.000000
319.999024	__gene 5.9_rbs	0.000000	0.000000	0.000000
319.999024	__gene 5_rbs	0.000000	0.000000	0.000000
319.999024	__gene 6.3_rbs	0.000000	0.000000	0.000000
319.999024	__gene 6.5_rbs	0.000000	0.000000	0.000000
319.999024	__gene 6.7_rbs	0.000000	0.000000	0.000000
319.999024	__gene 6_rbs	0.000000	0.000000	0.000000
319.999024	__gene 7.3_rbs	0.000000	0.000000	0.000000
319.999024	__gene 7.7_rbs	0.000000	0.000000	0.000000
319.999024	__gene 7_rbs	0.000000	0.000000	0.000000
319.999024	__gene 8_rbs	0.000000	0.000000	0.000000
319.999024	__gene 9_rbs	0.000000	0.000000	0.000000
319.999024	__gp-2_rbs	0.000000	0.000000	0.000000
319.999024	__lysozyme-3.5_rbs	0.000000	0.000000	0.000000
319.999024	__protein_kinase-0.7_rbs	6.000000	0.000000	0.000000
319.999024	__ribosome	12.000000	0.000000	0.000000
319.999024	__rnapol-1_rbs	3.000000	0.000000	0.000000
319.999024	bound_ecolipol	1250.000000	0.000000	0.000000
319.999024	bound_ecolipol_p	430.000000	0.000000	0.000000
319.999024	bound_ribosome	9967.000000	0.000000	0.000000
319.999024	degraded_transcript	5662.000000	0.000000	0.000000
319.999024	ecoli_genome	120.000000	0.000000	0.000000
319.999024	ecoli_transcript	16689.000000	0.000000	0.000000
319.999024	ecolipol	27.000000	0.000000	0.000000
319.999024	ecolipol-2	0.000000	0.000000	0.000000
319.999024	ecolipol-2-p	0.000000	0.000000	0.000000
319.999024	ecolipol-p	86.000000	0.000000	0.000000
319.999024	gene 0.3	74.000000	7.000000	0.285714
319.999024	gp-2	0.000000	0.000000	0.000000
319.999024	lysozyme-3.5	0.000000	0.000000	0.000000
319.999024	nonpref_charged	14982.000000	0.000000	0.000000
319.999024	nonpref_uncharged	18.000000	0.000000	0.000000
319.999024	pref_charged	34985.000000	0.000000	0.000000
319.999024	pref_uncharged	15.000000	0.000000	0.000000
319.999024	protein_kinase-0.7	36.000000	5.000000	1.800000
319.999024	rnapol-1	0.000000	3.000000	3.333333
319.999024	rnapol-3.5	0.000000	0.000000	0.000000
324.999008	E. coli B promoter	1.000000	0.000000	0.000000
324.999008	E. coli C promoter	1.000000	0.000000	0.000000
324.999008	E. coli promoter A1	1.000000	0.000000	0.000000
324.999008	E. coli promoter A2	1.000000	0.000000	0.000000
324.999008	E. coli promoter A3	1.000000	0.000000	0.000000
324.999008	T7 promoter phi1.1A	0.000000	0.000000	0.000000
324.999008	T7 promoter phi1.1B	0.000000	0.000000	0.000000
324.999008	T7 promoter phi1.3	0.000000	0.000000	0.000000
324.999008	T7 promoter phi1.5	0.000000	0.000000	0.000000
324.999008	T7 promoter phi1.6	0.000000	0.000000	0.000000
324.999008	T7 promoter phi10	0.000000	0.000000	0.000000
324.999008	T7 promoter phi13	0.000000	0.000000	0.000000
324.999008	T7 promoter phi17	0.000000	0.000000	0.000000
324.999008	T7 promoter phi2.5	0.000000	0.000000	0.000000
324.999008	T7 promoter phi3.8	0.000000	0.000000	0.000000
324.999008	T7 promoter phi4.3	0.000000	0.000000	0.000000
324.999008	T7 promoter phi4.7	0.000000	0.000000	0.000000
324.999008	T7 promoter phi4c	0.000000	0.000000	0.000000
324.999008	T7 promoter phi6.5	0.000000	0.000000	0.000000
324.999008	T7 promoter phi9	0.000000	0.000000	0.000000
324.999008	__gene 0.3_rbs	7.000000	0.000000	0.000000
324.999008	__gene 1.1_rbs	0.000000	0.000000	0.000000
324.999008	__gene 1.2_rbs	0.000000	0.000000	0.000000
324.999008	__gene 1.3_rbs	0.000000	0.000000	0.000000
324.999008	__gene 1.4_rbs	0.000000	0.000000	0.000000
324.999008	__gene 1.7_rbs	0.000000	0.000000	0.000000
324.999008	__gene 1.8_rbs	0.000000	0.000000	0.000000
324.999008	__gene 10A_rbs	0.000000	0.000000	0.000000
324.999008	__gene 11_rbs	0.000000	0.000000	0.000000
324.999008	__gene 12_rbs	0.000000	0.000000	0.000000
324.999008	__gene 13_rbs	0.000000	0.000000	0.000000
324.999008	__gene 14_rbs	0.000000	0.000000	0.000000
324.999008	__gene 15_rbs	0.000000	0.000000	0.000000
324.999008	__gene 16_rbs	0.000000	0.000000	0.000000
324.999008	__gene 17.5_rbs	0.000000	0.000000	0.000000
324.999008	__gene 17_rbs	0.000000	0.000000	0.000000
324.999008	__gene 18.5_rbs	0.000000	0.000000	0.000000
324.999008	__gene 18.7_rbs	0.000000	0.000000	0.000000
324.999008	__gene 18_rbs	0.000000	0.000000	0.000000
324.999008	__gene 19.2_rbs	0.000000	0.000000	0.000000
324.999008	__gene 19.3_rbs	0.000000	0.000000	0.000000
324.999008	__gene 19.5_rbs	0.000000	0.000000	0.000000
324.999008	__gene 19_rbs	0.000000	0.000000	0.000000
324.999008	__gene 2.5_rbs	0.000000	0.000000	0.000000
324.999008	__gene 2.8_rbs	0.000000	0.000000	0.000000
324.999008	__gene 3.8_rbs	0.000000	0.000000	0.000000
324.999008	__gene 3_rbs	0.000000	0.000000	0.000000
324.999008	__gene 4.2_rbs	0.000000	0.000000	0.000000
324.999008	__gene 4.3_rbs	0.000000	0.000000	0.000000
324.999008	__gene 4.5_rbs	0.000000	0.000000	0.000000
324.999008	__gene 4.7_rbs	0.000000	0.000000	0.000000
324.999008	__gene 4A_rbs	0.000000	0.000000	0.000000
324.999008	__gene 5.3_rbs	0.000000	0.000000	0.000000
324.999008	__gene 5.5_rbs	0.000000	0.000000	0.000000
324.999008	__gene 5.7_rbs	0.000000	0.000000	0.000000
324.999008	__gene 5.9_rbs	0.000000	0.000000	0.000000
324.999008	__gene 5_rbs	0.000000	0.000000	0.000000
324.999008	__gene 6.3_rbs	0.000000	0.000000	0.000000
324.999008	__gene 6.5_rbs	0.000000	0.000000	0.000000
324.999008	__gene 6.7_rbs	0.000000	0.000000	0.000000
324.999008	__gene 6_rbs	0.000000	0.000000	0.000000
324.999008	__gene 7.3_rbs	0.000000	0.000000	0.000000
324.999008	__gene 7.7_rbs	0.000000	0.000000	0.000000
324.999008	__gene 7_rbs	0.000000	0.000000	0.000000
324.999008	__gene 8_rbs	0.000000	0.000000	0.000000
324.999008	__gene 9_rbs	0.000000	0.000000	0.000000
324.999008	__gp-2_rbs	0.000000	0.000000	0.000000
324.999008	__lysozyme-3.5_rbs	0.000000	0.000000	0.000000
324.999008	__protein_kinase-0.7_rbs	6.000000	0.000000	0.000000
324.999008	__ribosome	14.000000	0.000000	0.000000
324.999008	__rnapol-1_rbs	3.000000	0.000000	0.000000
324.999008	bound_ecolipol	1116.000000	0.000000	0.000000
324.999008	bound_ecolipol_p	563.000000	0.000000	0.000000
324.999008	bound_ribosome	9955.000000	0.000000	0.000000
324.999008	degraded_transcript	5834.000000	0.000000	0.000000
324.999008	ecoli_genome	121.000000	0.000000	0.000000
324.999008	ecoli_transcript	16875.000000	0.000000	0.000000
324.999008	ecolipol	14.000000	0.000000	0.000000
324.999008	ecolipol-2	0.000000	0.000000	0.000000
324.999008	ecolipol-2-p	0.000000	0.000000	0.000000
324.999008	ecolipol-p	100.000000	0.000000	0.000000
324.999008	gene 0.3	83.000000	7.000000	0.571429
324.999008	gp-2	0.000000	0.000000	0.000000
324.999008	lysozyme-3.5	0.000000	0.000000	0.000000
324.999008	nonpref_charged	14913.000000	0.000000	0.000000
324.999008	nonpref_uncharged	87.000000	0.000000	0.000000
324.999008	pref_charged	34918.000000	0.000000	0.000000
324.999008	pref_uncharged	82.000000	0.000000	0.000000
324.999008	protein_kinase-0.7	40.000000	5.000000	2.600000
324.999008	rnapol-1	0.000000	3.000000	4.666667
324.999008	rnapol-3.5	0.000000	0.000000	0.000000
329.999014	E. coli B promoter	1.000000	0.000000	0.000000
329.999014	E. coli C promoter	0.000000	0.000000	0.000000
329.999014	E. coli promoter A1	1.000000	0.000000	0.000000
329.999014	E. coli promoter A2	1.000000	0.000000	0.000000
329.999014	E. coli promoter A3	1.000000	0.000000	0.000000
329.999014	T7 promoter phi1.1A	0.000000	0.000000	0.000000
329.999014	T7 promoter phi1.1B	0.000000	0.000000	0.000000
329.999014	T7 promoter phi1.3	0.000000	0.000000	0.000000
329.999014	T7 promoter phi1.5	0.000000	0.000000	0.000000
329.999014	T7 promoter phi1.6	0.000000	0.000000	0.000000
329.999014	T7 promoter phi10	0.000000	0.000000	0.000000
329.999014	T7 promoter phi13	0.000000	0.000000	0.000000
329.999014	T7 promoter phi17	0.000000	0.000000	0.000000
329.999014	T7 promoter phi2.5	0.000000	0.000000	0.000000
329.999014	T7 promoter phi3.8	0.000000	0.000000	0.000000
329.999014	T7 promoter phi4.3	0.000000	0.000000	0.000000
329.999014	T7 promoter phi4.7	0.000000	0.000000	0.000000
329.999014	T7 promoter phi4c	0.000000	0.000000	0.000000
329.999014	T7 promoter phi6.5	0.000000	0.000000	0.000000
329.999014	T7 promoter phi9	0.000000	0.000000	0.000000
329.999014	__gene 0.3_rbs	7.000000	0.000000	0.000000
329.999014	__gene 1.1_rbs	0.000000	0.000000	0.000000
329.999014	__gene 1.2_rbs	0.000000	0.000000	0.000000
329.999014	__gene 1.3_rbs	0.000000	0.000000	0.000000
329.999014	__gene 1.4_rbs	0.000000	0.000000	0.000000
329.999014	__gene 1.7_rbs	0.000000	0.000000	0.000000
329.999014	__gene 1.8_rbs	0.000000	0.000000	0.000000
329.999014	__gene 10A_rbs	0.000000	0.000000	0.000000
329.999014	__gene 11_rbs	0.000000	0.000000	0.000000
329.999014	__gene 12_rbs	0.000000	0.000000	0.000000
329.999014	__gene 13_rbs	0.000000	0.000000	0.000000
329.999014	__gene 14_rbs	0.000000	0.000000	0.000000
329.999014	__gene 15_rbs	0.000000	0.000000	0.000000
329.999014	__gene 16_rbs	0.000000	0.000000	0.000000
329.999014	__gene 17.5_rbs	0.000000	0.000000	0.000000
329.999014	__gene 17_rbs	0.000000	0.000000	0.000000
329.999014	__gene 18.5_rbs	0.000000	0.000000	0.000000
329.999014	__gene 18.7_rbs	0.000000	0.000000	0.000000
329.999014	__gene 18_rbs	0.000000	0.000000	0.000000
329.999014	__gene 19.2_rbs	0.000000	0.000000	0.000000
329.999014	__gene 19.3_rbs	0.000000	0.000000	0.000000
329.999014	__gene 19.5_rbs	0.000000	0.000000	0.000000
329.999014	__gene 19_rbs	0.000000	0.000000	0.000000
329.999014	__gene 2.5_rbs	0.000000	0.000000	0.000000
329.999014	__gene 2.8_rbs	0.000000	0.000000	0.000000
329.999014	__gene 3.8_rbs	0.000000	0.000000	0.000000
329.999014	__gene 3_rbs	0.000000	0.000000	0.000000
329.999014	__gene 4.2_rbs	0.000000	0.000000	0.000000
329.999014	__gene 4.3_rbs	0.000000	0.000000	0.000000
329.999014	__gene 4.5_rbs	0.000000	0.000000	0.000000
329.999014	__gene 4.7_rbs	0.000000	0.000000	0.000000
329.999014	__gene 4A_rbs	0.000000	0.000000	0.000000
329.999014	__gene 5.3_rbs	0.000000	0.000000	0.000000
329.999014	__gene 5.5_rbs	0.000000	0.000000	0.000000
329.999014	__gene 5.7_rbs	0.000000	0.000000	0.000000
329.999014	__gene 5.9_rbs	0.000000	0.000000	0.000000
329.999014	__gene 5_rbs	0.000000	0.000000	0.000000
329.999014	__gene 6.3_rbs	0.000000	0.000000	0.000000
329.999014	__gene 6.5_rbs	0.000000	0.000000	0.000000
329.999014	__gene 6.7_rbs	0.000000	0.000000	0.000000
329.999014	__gene 6_rbs	0.000000	0.000000	0.000000
329.999014	__gene 7.3_rbs	0.000000	0.000000	0.000000
329.999014	__gene 7.7_rbs	0.000000	0.000000	0.000000
329.999014	__gene 7_rbs	0.000000	0.000000	0.000000
329.999014	__gene 8_rbs	0.000000	0.000000	0.000000
329.999014	__gene 9_rbs	0.000000	0.000000	0.000000
329.999014	__gp-2_rbs	0.000000	0.000000	0.000000
329.999014	__lysozyme-3.5_rbs	0.000000	0.000000	0.000000
329.999014	__protein_kinase-0.7_rbs	7.000000	0.000000	0.000000
329.999014	__ribosome	12.000000	0.000000	0.000000
329.999014	__rnapol-1_rbs	3.000000	0.000000	0.000000
329.999014	bound_ecolipol	1009.000000	0.000000	0.000000
329.999014	bound_ecolipol_p	686.000000	0.000000	0.000000
329.999014	bound_ribosome	9950.000000	0.000000	0.000000
329.999014	degraded_transcript	5997.000000	0.000000	0.000000
329.999014	ecoli_genome	105.000000	0.000000	0.000000
329.999014	ecoli_transcript	17031.000000	0.000000	0.000000
329.999014	ecolipol	7.000000	0.000000	0.000000
329.999014	ecolipol-2	0.000000	0.000000	0.000000
329.999014	ecolipol-2-p	0.000000	0.000000	0.000000
329.999014	ecolipol-p	91.000000	0.000000	0.000000
329.999014	gene 0.3	96.000000	7.000000	0.000000
329.999014	gp-2	0.000000	0.000000	0.000000
329.999014	lysozyme-3.5	0.000000	0.000000	0.000000
329.999014	nonpref_charged	14896.000000	0.000000	0.000000
329.999014	nonpref_uncharged	104.000000	0.000000	0.000000
329.999014	pref_charged	34944.000000	0.000000	0.000000
329.999014	pref_uncharged	56.000000	0.000000	0.000000
329.999014	protein_kinase-0.7	43.000000	7.000000	3.000000
329.999014	rnapol-1	0.000000	3.000000	5.666667
329.999014	rnapol-3.5	0.000000	0.000000	0.000000
334.999009	E. coli B promoter	1.000000	0.000000	0.000000
334.999009	E. coli C promoter	1.000000	0.000000	0.000000
334.999009	E. coli promoter A1	1.000000	0.000000	0.000000
334.999009	E. coli promoter A2	1.000000	0.000000	0.000000
334.999009	E. coli promoter A3	1.000000	0.000000	0.000000
334.999009	T7 promoter phi1.1A	0.000000	0.000000	0.000000
334.999009	T7 promoter phi1.1B	0.000000	0.000000	0.000000
334.999009	T7 promoter phi1.3	0.000000	0.000000	0.000000
334.999009	T7 promoter phi1.5	0.000000	0.000000	0.000000
334.999009	T7 promoter phi1.6	0.000000	0.000000	0.000000
334.999009	T7 promoter phi10	0.000000	0.000000	0.000000
334.999009	T7 promoter phi13	0.000000	0.000000	0.000000
334.999009	T7 promoter phi17	0.000000	0.000000	0.000000
334.999009	T7 promoter phi2.5	0.000000	0.000000	0.000000
334.999009	T7 promoter phi3.8	0.000000	0.000000	0.000000
334.999009	T7 promoter phi4.3	0.000000	0.000000	0.000000
334.999009	T7 promoter phi4.7	0.000000	0.000000	0.000000
334.999009	T7 promoter phi4c	0.000000	0.000000	0.000000
334.999009	T7 promoter phi6.5	0.000000	0.000000	0.000000
334.999009	T7 promoter phi9	0.000000	0.000000	0.000000
334.999009	__gene 0.3_rbs	7.000000	0.000000	0.000000
334.999009	__gene 1.1_rbs	0.000000	0.000000	0.000000
334.999009	__gene 1.2_rbs	0.000000	0.000000	0.000000
334.999009	__gene 1.3_rbs	0.000000	0.000000	0.000000
334.999009	__gene 1.4_rbs	0.000000	0.000000	0.000000
334.999009	__gene 1.7_rbs	0.000000	0.000000	0.000000
334.999009	__gene 1.8_rbs	0.000000	0.000000	0.000000
334.999009	__gene 10A_rbs	0.000000	0.000000	0.000000
334.999009	__gene 11_rbs	0.000000	0.000000	0.000000
334.999009	__gene 12_rbs	0.000000	0.000000	0.000000
334.999009	__gene 13_rbs	0.000000	0.000000	0.000000
334.999009	__gene 14_rbs	0.000000	0.000000	0.000000
334.999009	__gene 15_rbs	0.000000	0.000000	0.000000
334.999009	__gene 16_rbs	0.000000	0.000000	0.000000
334.999009	__gene 17.5_rbs	0.000000	0.000000	0.000000
334.999009	__gene 17_rbs	0.000000	0.000000	0.000000
334.999009	__gene 18.5_rbs	0.000000	0.000000	0.000000
334.999009	__gene 18.7_rbs	0.000000	0.000000	0.000000
334.999009	__gene 18_rbs	0.000000	0.000000	0.000000
334.999009	__gene 19.2_rbs	0.000000	0.000000	0.000000
334.999009	__gene 19.3_rbs	0.000000	0.000000	0.000000
334.999009	__gene 19.5_rbs	0.000000	0.000000	0.000000
334.999009	__gene 19_rbs	0.000000	0.000000	0.000000
334.999009	__gene 2.5_rbs	0.000000	0.000000	0.000000
334.999009	__gene 2.8_rbs	0.000000	0.000000	0.000000
334.999009	__gene 3.8_rbs	0.000000	0.000000	0.000000
334.999009	__gene 3_rbs	0.000000	0.000000	0.000000
334.999009	__gene 4.2_rbs	0.000000	0.000000	0.000000
334.999009	__gene 4.3_rbs	0.000000	0.000000	0.000000
334.999009	__gene 4.5_rbs	0.000000	0.000000	0.000000
334.999009	__gene 4.7_rbs	0.000000	0.000000	0.000000
334.999009	__gene 4A_rbs	0.000000	0.000000	0.000000
334.999009	__gene 5.3_rbs	0.000000	0.000000	0.000000
334.999009	__gene 5.5_rbs	0.000000	0.000000	0.000000
334.999009	__gene 5.7_rbs	0.000000	0.000000	0.000000
334.999009	__gene 5.9_rbs	0.000000	0.000000	0.000000
334.999009	__gene 5_rbs	0.000000	0.000000	0.000000
334.999009	__gene 6.3_rbs	0.000000	0.000000	0.000000
334.999009	__gene 6.5_rbs	0.000000	0.000000	0.000000
334.999009	__gene 6.7_rbs	0.000000	0.000000	0.000000
334.999009	__gene 6_rbs	0.000000	0.000000	0.000000
334.999009	__gene 7.3_rbs	0.000000	0.000000	0.000000
334.999009	__gene 7.7_rbs	0.000000	0.000000	0.000000
334.999009	__gene 7_rbs	0.000000	0.000000	0.000000
334.999009	__gene 8_rbs	0.000000	0.000000	0.000000
334.999009	__gene 9_rbs	0.000000	0.000000	0.000000
334.999009	__gp-2_rbs	0.000000	0.000000	0.000000
334.999009	__lysozyme-3.5_rbs	0.000000	0.000000	0.000000
334.999009	__protein_kinase-0.7_rbs	7.000000	0.000000	0.000000
334.999009	__ribosome	17.000000	0.000000	0.000000
334.999009	__rnapol-1_rbs	4.000000	0.000000	0.000000
334.999009	bound_ecolipol	899.000000	0.000000	0.000000
334.999009	bound_ecolipol_p	780.000000	0.000000	0.000000
334.999009	bound_ribosome	9946.000000	0.000000	0.000000
334.999009	degraded_transcript	6155.000000	0.000000	0.000000
334.999009	ecoli_genome	121.000000	0.000000	0.000000
334.999009	ecoli_transcript	17216.000000	0.000000	0.000000
334.999009	ecolipol	7.000000	0.000000	0.000000
334.999009	ecolipol-2	0.000000	0.000000	0.000000
334.999009	ecolipol-2-p	0.000000	0.000000	0.000000
334.999009	ecolipol-p	107.000000	0.000000	0.000000
334.999009	gene 0.3	100.000000	7.000000	0.000000
334.999009	gp-2	0.000000	0.000000	0.000000
334.999009	lysozyme-3.5	0.000000	0.000000	0.000000
334.999009	nonpref_charged	14868.000000	0.000000	0.000000
334.999009	nonpref_uncharged	132.000000	0.000000	0.000000
334.999009	pref_charged	34933.000000	0.000000	0.000000
334.999009	pref_uncharged	67.000000	0.000000	0.000000
334.999009	protein_kinase-0.7	55.000000	7.000000	2.285714
334.999009	rnapol-1	0.000000	3.000000	7.000000
334.999009	rnapol-3.5	0.000000	0.000000	0.000000
339.999002	E. coli B promoter	1.000000	0.000000	0.000000
339.999002	E. coli C promoter	1.000000	0.000000	0.000000
339.999002	E. coli promoter A1	1.000000	0.000000	0.000000
339.999002	E. coli promoter A2	1.000000	0.000000	0.000000
339.999002	E. coli promoter A3	1.000000	0.000000	0.000000
339.999002	T7 promoter phi1.1A	0.000000	0.000000	0.000000
339.999002	T7 promoter phi1.1B	0.000000	0.000000	0.000000
339.999002	T7 promoter phi1.3	0.000000	0.000000	0.000000
339.999002	T7 promoter phi1.5	0.000000	0.000000	0.000000
339.999002	T7 promoter phi1.6	0.000000	0.000000	0.000000
339.999002	T7 promoter phi10	0.000000	0.000000	0.000000
339.999002	T7 promoter phi13	0.000000	0.000000	0.000000
339.999002	T7 promoter phi17	0.000000	0.000000	0.000000
339.999002	T7 promoter phi2.5	0.000000	0.000000	0.000000
339.999002	T7 promoter phi3.8	0.000000	0.000000	0.000000
339.999002	T7 promoter phi4.3	0.000000	0.000000	0.000000
339.999002	T7 promoter phi4.7	0.000000	0.000000	0.000000
339.999002	T7 promoter phi4c	0.000000	0.000000	0.000000
339.999002	T7 promoter phi6.5	0.000000	0.000000	0.000000
339.999002	T7 promoter phi9	0.000000	0.000000	0.000000
339.999002	__gene 0.3_rbs	7.000000	0.000000	0.000000
339.999002	__gene 1.1_rbs	0.000000	0.000000	0.000000
339.999002	__gene 1.2_rbs	0.000000	0.000000	0.000000
339.999002	__gene 1.3_rbs	0.000000	0.000000	0.000000
339.999002	__gene 1.4_rbs	0.000000	0.000000	0.000000
339.999002	__gene 1.7_rbs	0.000000	0.000000	0.000000
339.999002	__gene 1.8_rbs	0.000000	0.000000	0.000000
339.999002	__gene 10A_rbs	0.000000	0.000000	0.000000
339.999002	__gene 11_rbs	0.000000	0.000000	0.000000
339.999002	__gene 12_rbs	0.000000	0.000000	0.000000
339.999002	__gene 13_rbs	0.000000	0.000000	0.000000
339.999002	__gene 14_rbs	0.000000	0.000000	0.000000
339.999002	__gene 15_rbs	0.000000	0.000000	0.000000
339.999002	__gene 16_rbs	0.000000	0.000000	0.000000
339.999002	__gene 17.5_rbs	0.000000	0.000000	0.000000
339.999002	__gene 17_rbs	0.000000	0.000000	0.000000
339.999002	__gene 18.5_rbs	0.000000	0.000000	0.000000
339.999002	__gene 18.7_rbs	0.000000	0.000000	0.000000
339.999002	__gene 18_rbs	0.000000	0.000000	0.000000
339.999002	__gene 19.2_rbs	0.000000	0.000000	0.000000
339.999002	__gene 19.3_rbs	0.000000	0.000000	0.000000
339.999002	__gene 19.5_rbs	0.000000	0.000000	0.000000
339.999002	__gene 19_rbs	0.000000	0.000000	0.000000
339.999002	__gene 2.5_rbs	0.000000	0.000000	0.000000
339.999002	__gene 2.8_rbs	0.000000	0.000000	0.000000
339.999002	__gene 3.8_rbs	0.000000	0.000000	0.000000
339.999002	__gene 3_rbs	0.000000	0.000000	0.000000
339.999002	__gene 4.2_rbs	0.000000	0.000000	0.000000
339.999002	__gene 4.3_rbs	0.000000	0.000000	0.000000
339.999002	__gene 4.5_rbs	0.000000	0.000000	0.000000
339.999002	__gene 4.7_rbs	0.000000	0.000000	0.000000
339.999002	__gene 4A_rbs	0.000000	0.000000	0.000000
339.999002	__gene 5.3_rbs	0.000000	0.000000	0.000000
339.999002	__gene 5.5_rbs	0.000000	0.000000	0.000000
339.999002	__gene 5.7_rbs	0.000000	0.000000	0.000000
339.999002	__gene 5.9_rbs	0.000000	0.000000	0.000000
339.999002	__gene 5_rbs	0.000000	0.000000	0.000000
339.999002	__gene 6.3_rbs	0.000000	0.000000	0.000000
339.999002	__gene 6.5_rbs	0.000000	0.000000	0.000000
339.999002	__gene 6.7_rbs	0.000000	0.000000	0.000000
339.999002	__gene 6_rbs	0.000000	0.000000	0.000000
339.999002	__gene 7.3_rbs	0.000000	0.000000	0.000000
339.999002	__gene 7.7_rbs	0.000000	0.000000	0.000000
339.999002	__gene 7_rbs	0.000000	0.000000	0.000000
339.999002	__gene 8_rbs	0.000000	0.000000	0.000000
339.999002	__gene 9_rbs	0.000000	0.000000	0.000000
339.999002	__gp-2_rbs	0.000000	0.000000	0.000000
339.999002	__lysozyme-3.5_rbs	0.000000	0.000000	0.000000
339.999002	__protein_kinase-0.7_rbs	7.000000	0.000000	0.000000
339.999002	__ribosome	16.000000	0.000000	0.000000
339.999002	__rnapol-1_rbs	4.000000	0.000000	0.000000
339.999002	bound_ecolipol	795.000000	0.000000	0.000000
339.999002	bound_ecolipol_p	887.000000	0.000000	0.000000
339.999002	bound_ribosome	9935.000000	0.000000	0.000000
339.999002	degraded_transcript	6324.000000	0.000000	0.000000
339.999002	ecoli_genome	118.000000	0.000000	0.000000
339.999002	ecoli_transcript	17385.000000	0.000000	0.000000
339.999002	ecolipol	11.000000	0.000000	0.000000
339.999002	ecolipol-2	0.000000	0.000000	0.000000
339.999002	ecolipol-2-p	0.000000	0.000000	0.000000
339.999002	ecolipol-p	100.000000	0.000000	0.000000
339.999002	gene 0.3	112.000000	7.000000	0.000000
339.999002	gp-2	0.000000	0.000000	0.000000
339.999002	lysozyme-3.5	0.000000	0.000000	0.000000
339.999002	nonpref_charged	14799.000000	0.000000	0.000000
339.999002	nonpref_uncharged	201.000000	0.000000	0.000000
339.999002	pref_charged	34888.000000	0.000000	0.000000
339.999002	pref_uncharged	112.000000	0.000000	0.000000
339.999002	protein_kinase-0.7	59.000000	7.000000	2.857143
339.999002	rnapol-1	0.000000	4.000000	7.250000
339.999002	rnapol-3.5	0.000000	0.000000	0.000000
344.999004	E. coli B promoter	1.000000	0.000000	0.000000
344.999004	E. coli C promoter	1.000000	0.000000	0.000000
344.999004	E. coli promoter A1	1.000000	0.000000	0.000000
344.999004	E. coli promoter A2	1.000000	0.000000	0.000000
344.999004	E. coli promoter A3	1.000000	0.000000	0.000000
344.999004	T7 promoter phi1.1A	0.000000	0.000000	0.000000
344.999004	T7 promoter phi1.1B	0.000000	0.000000	0.000000
344.999004	T7 promoter phi1.3	0.000000	0.000000	0.000000
344.999004	T7 promoter phi1.5	0.000000	0.000000	0.000000
344.999004	T7 promoter phi1.6	0.000000	0.000000	0.000000
344.999004	T7 promoter phi10	0.000000	0.000000	0.000000
344.999004	T7 promoter phi13	0.000000	0.000000	0.000000
344.999004	T7 promoter phi17	0.000000	0.000000	0.000000
344.999004	T7 promoter phi2.5	0.000000	0.000000	0.000000
344.999004	T7 promoter phi3.8	0.000000	0.000000	0.000000
344.999004	T7 promoter phi4.3	0.000000	0.000000	0.000000
344.999004	T7 promoter phi4.7	0.000000	0.000000	0.000000
344.999004	T7 promoter phi4c	0.000000	0.000000	0.000000
344.999004	T7 promoter phi6.5	0.000000	0.000000	0.000000
344.999004	T7 promoter phi9	0.000000	0.000000	0.000000
344.999004	__gene 0.3_rbs	7.000000	0.000000	0.000000
344.999004	__gene 1.1_rbs	0.000000	0.000000	0.000000
344.999004	__gene 1.2_rbs	0.000000	0.000000	0.000000
344.999004	__gene 1.3_rbs	0.000000	0.000000	0.000000
344.999004	__gene 1.4_rbs	0.000000	0.000000	0.000000
344.999004	__gene 1.7_rbs	0.000000	0.000000	0.000000
344.999004	__gene 1.8_rbs	0.000000	0.000000	0.000000
344.999004	__gene 10A_rbs	0.000000	0.000000	0.000000
344.999004	__gene 11_rbs	0.000000	0.000000	0.000000
344.999004	__gene 12_rbs	0.000000	0.000000	0.000000
344.999004	__gene 13_rbs	0.000000	0.000000	0.000000
344.999004	__gene 14_rbs	0.000000	0.000000	0.000000
344.999004	__gene 15_rbs	0.000000	0.000000	0.000000
344.999004	__gene 16_rbs	0.000000	0.000000	0.000000
344.999004	__gene 17.5_rbs	0.000000	0.000000	0.000000
344.999004	__gene 17_rbs	0.000000	0.000000	0.000000
344.999004	__gene 18.5_rbs	0.000000	0.000000	0.000000
344.999004	__gene 18.7_rbs	0.000000	0.000000	0.000000
344.999004	__gene 18_rbs	0.000000	0.000000	0.000000
344.999004	__gene 19.2_rbs	0.000000	0.000000	0.000000
344.999004	__gene 19.3_rbs	0.000000	0.000000	0.000000
344.999004	__gene 19.5_rbs	0.000000	0.000000	0.000000
344.999004	__gene 19_rbs	0.000000	0.000000	0.000000
344.999004	__gene 2.5_rbs	0.000000	0.000000	0.000000
344.999004	__gene 2.8_rbs	0.000000	0.000000	0.000000
344.999004	__gene 3.8_rbs	0.000000	0.000000	0.000000
344.999004	__gene 3_rbs	0.000000	0.000000	0.000000
344.999004	__gene 4.2_rbs	0.000000	0.000000	0.000000
344.999004	__gene 4.3_rbs	0.000000	0.000000	0.000000
344.999004	__gene 4.5_rbs	0.000000	0.000000	0.000000
344.999004	__gene 4.7_rbs	0.000000	0.000000	0.000000
344.999004	__gene 4A_rbs	0.000000	0.000000	0.000000
344.999004	__gene 5.3_rbs	0.000000	0.000000	0.000000
344.999004	__gene 5.5_rbs	0.000000	0.000000	0.000000
344.999004	__gene 5.7_rbs	0.000000	0.000000	0.000000
344.999004	__gene 5.9_rbs	0.000000	0.000000	0.000000
344.999004	__gene 5_rbs	0.000000	0.000000	0.000000
344.999004	__gene 6.3_rbs	0.000000	0.000000	0.000000
344.999004	__gene 6.5_rbs	0.000000	0.000000	0.000000
344.999004	__gene 6.7_rbs	0.000000	0.000000	0.000000
344.999004	__gene 6_rbs	0.000000	0.000000	0.000000
344.999004	__gene 7.3_rbs	0.000000	0.000000	0.000000
344.999004	__gene 7.7_rbs	0.000000	0.000000	0.000000
344.999004	__gene 7_rbs	0.000000	0.000000	0.000000
344.999004	__gene 8_rbs	0.000000	0.000000	0.000000
344.999004	__gene 9_rbs	0.000000	0.000000	0.000000
344.999004	__gp-2_rbs	0.000000	0.000000	0.000000
344.999004	__lysozyme-3.5_rbs	0.000000	0.000000	0.000000
344.999004	__protein_kinase-0.7_rbs	7.000000	0.000000	0.000000
344.999004	__ribosome	16.000000	0.000000	0.000000
344.999004	__rnapol-1_rbs	4.000000	0.000000	0.000000
344.999004	bound_ecolipol	679.000000	0.000000	0.000000
344.999004	bound_ecolipol_p	988.000000	0.000000	0.000000
344.999004	bound_ribosome	9926.000000	0.000000	0.000000
344.999004	degraded_transcript	6492.000000	0.000000	0.000000
344.999004	ecoli_genome	133.000000	0.000000	0.000000
344.999004	ecoli_transcript	17587.000000	0.000000	0.000000
344.999004	ecolipol	5.000000	0.000000	0.000000
344.999004	ecolipol-2	0.000000	0.000000	0.000000
344.999004	ecolipol-2-p	0.000000	0.000000	0.000000
344.999004	ecolipol-p	121.000000	0.000000	0.000000
344.999004	gene 0.3	114.000000	7.000000	0.000000
344.999004	gp-2	0.000000	0.000000	0.000000
344.999004	lysozyme-3.5	0.000000	0.000000	0.000000
344.999004	nonpref_charged	14948.000000	0.000000	0.000000
344.999004	nonpref_uncharged	52.000000	0.000000	0.000000
344.999004	pref_charged	34980.000000	0.000000	0.000000
344.999004	pref_uncharged	20.000000	0.000000	0.000000
344.999004	protein_kinase-0.7	64.000000	7.000000	3.142857
344.999004	rnapol-1	0.000000	4.000000	9.000000
344.999004	rnapol-3.5	0.000000	0.000000	0.000000
349.999011	E. coli B promoter	1.000000	0.000000	0.000000
349.999011	E. coli C promoter	1.000000	0.000000	0.000000
349.999011	E. coli promoter A1	1.000000	0.000000	0.000000
349.999011	E. coli promoter A2	1.000000	0.000000	0.000000
349.999011	E. coli promoter A3	1.000000	0.000000	0.000000
349.999011	T7 promoter phi1.1A	0.000000	0.000000	0.000000
349.999011	T7 promoter phi1.1B	0.000000	0.000000	0.000000
349.999011	T7 promoter phi1.3	0.000000	0.000000	0.000000
349.999011	T7 promoter phi1.5	0.000000	0.000000	0.000000
349.999011	T7 promoter phi1.6	0.000000	0.000000	0.000000
349.999011	T7 promoter phi10	0.000000	0.000000	0.000000
349.999011	T7 promoter phi13	0.000000	0.000000	0.000000
349.999011	T7 promoter phi17	0.000000	0.000000	0.000000
349.999011	T7 promoter phi2.5	0.000000	0.000000	0.000000
349.999011	T7 promoter phi3.8	0.000000	0.000000	0.000000
349.999011	T7 promoter phi4.3	0.000000	0.000000	0.000000
349.999011	T7 promoter phi4.7	0.000000	0.000000	0.000000
349.999011	T7 promoter phi4c	0.000000	0.000000	0.000000
349.999011	T7 promoter phi6.5	0.000000	0.000000	0.000000
349.999011	T7 promoter phi9	0.000000	0.000000	0.000000
349.999011	__gene 0.3_rbs	7.000000	0.000000	0.000000
349.999011	__gene 1.1_rbs	0.000000	0.000000	0.000000
349.999011	__gene 1.2_rbs	0.000000	0.000000	0.000000
349.999011	__gene 1.3_rbs	0.000000	0.000000	0.000000
349.999011	__gene 1.4_rbs	0.000000	0.000000	0.000000
349.999011	__gene 1.7_rbs	0.000000	0.000000	0.000000
349.999011	__gene 1.8_rbs	0.000000	0.000000	0.000000
349.999011	__gene 10A_rbs	0.000000	0.000000	0.000000
349.999011	__gene 11_rbs	0.000000	0.000000	0.000000
349.999011	__gene 12_rbs	0.000000	0.000000	0.000000
349.999011	__gene 13_rbs	0.000000	0.000000	0.000000
349.999011	__gene 14_rbs	0.000000	0.000000	0.000000
349.999011	__gene 15_rbs	0.000000	0.000000	0.000000
349.999011	__gene 16_rbs	0.000000	0.000000	0.000000
349.999011	__gene 17.5_rbs	0.000000	0.000000	0.000000
349.999011	__gene 17_rbs	0.000000	0.000000	0.000000
349.999011	__gene 18.5_rbs	0.000000	0.000000	0.000000
349.999011	__gene 18.7_rbs	0.000000	0.000000	0.000000
349.999011	__gene 18_rbs	0.000000	0.000000	0.000000
349.999011	__gene 19.2_rbs	0.000000	0.000000	0.000000
349.999011	__gene 19.3_rbs	0.000000	0.000000	0.000000
349.999011	__gene 19.5_rbs	0.000000	0.000000	0.000000
349.999011	__gene 19_rbs	0.000000	0.000000	0.000000
349.999011	__gene 2.5_rbs	0.000000	0.000000	0.000000
349.999011	__gene 2.8_rbs	0.000000	0.000000	0.000000
349.999011	__gene 3.8_rbs	0.000000	0.000000	0.000000
349.999011	__gene 3_rbs	0.000000	0.000000	0.000000
349.999011	__gene 4.2_rbs	0.000000	0.000000	0.000000
349.999011	__gene 4.3_rbs	0.000000	0.000000	0.000000
349.999011	__gene 4.5_rbs	0.000000	0.000000	0.000000
349.999011	__gene 4.7_rbs	0.000000	0.000000	0.000000
349.999011	__gene 4A_rbs	0.000000	0.000000	0.000000
349.999011	__gene 5.3_rbs	0.000000	0.000000	0.000000
349.999011	__gene 5.5_rbs	0.000000	0.000000	0.000000
349.999011	__gene 5.7_rbs	0.000000	0.000000	0.000000
349.999011	__gene 5.9_rbs	0.000000	0.000000	0.000000
349.999011	__gene 5_rbs	0.000000	0.000000	0.000000
349.999011	__gene 6.3_rbs	0.000000	0.000000	0.000000
349.999011	__gene 6.5_rbs	0.000000	0.000000	0.000000
349.999011	__gene 6.7_rbs	0.000000	0.000000	0.000000
349.999011	__gene 6_rbs	0.000000	0.000000	0.000000
349.999011	__gene 7.3_rbs	0.000000	0.000000	0.000000
349.999011	__gene 7.7_rbs	0.000000	0.000000	0.000000
349.999011	__gene 7_rbs	0.000000	0.000000	0.000000
349.999011	__gene 8_rbs	0.000000	0.000000	0.000000
349.999011	__gene 9_rbs	0.000000	0.000000	0.000000
349.999011	__gp-2_rbs	0.000000	0.000000	0.000000
349.999011	__lysozyme-3.5_rbs	0.000000	0.000000	0.000000
349.999011	__protein_kinase-0.7_rbs	7.000000	0.000000	0.000000
349.999011	__ribosome	12.000000	0.000000	0.000000
349.999011	__rnapol-1_rbs	5.000000	0.000000	0.000000
349.999011	bound_ecolipol	592.000000	0.000000	0.000000
349.999011	bound_ecolipol_p	1080.000000	0.000000	0.000000
349.999011	bound_ribosome	9926.000000	0.000000	0.000000
349.999011	degraded_transcript	6652.000000	0.000000	0.000000
349.999011	ecoli_genome	128.000000	0.000000	0.000000
349.999011	ecoli_transcript	17791.000000	0.000000	0.000000
349.999011	ecolipol	3.000000	0.000000	0.000000
349.999011	ecolipol-2	0.000000	0.000000	0.000000
349.999011	ecolipol-2-p	0.000000	0.000000	0.000000
349.999011	ecolipol-p	118.000000	0.000000	0.000000
349.999011	gene 0.3	124.000000	7.000000	0.000000
349.999011	gp-2	0.000000	0.000000	0.000000
349.999011	lysozyme-3.5	0.000000	0.000000	0.000000
349.999011	nonpref_charged	14822.000000	0.000000	0.000000
349.999011	nonpref_uncharged	178.000000	0.000000	0.000000
349.999011	pref_charged	34867.000000	0.000000	0.000000
349.999011	pref_uncharged	133.000000	0.000000	0.000000
349.999011	protein_kinase-0.7	80.000000	7.000000	2.714286
349.999011	rnapol-1	0.000000	4.000000	10.750000
349.999011	rnapol-3.5	0.000000	0.000000	0.000000
354.999010	E. coli B promoter	1.000000	0.000000	0.000000
354.999010	E. coli C promoter	1.000000	0.000000	0.000000
354.999010	E. coli promoter A1	1.000000	0.000000	0.000000
354.999010	E. coli promoter A2	1.000000	0.000000	0.000000
354.999010	E. coli promoter A3	1.000000	0.000000	0.000000
354.999010	T7 promoter phi1.1A	0.000000	0.000000	0.000000
354.999010	T7 promoter phi1.1B	0.000000	0.000000	0.000000
354.999010	T7 promoter phi1.3	0.000000	0.000000	0.000000
354.999010	T7 promoter phi1.5	0.000000	0.000000	0.000000
354.999010	T7 promoter phi1.6	0.000000	0.000000	0.000000
354.999010	T7 promoter phi10	0.000000	0.000000	0.000000
354.999010	T7 promoter phi13	0.000000	0.000000	0.000000
354.999010	T7 promoter phi17	0.000000	0.000000	0.000000
354.999010	T7 promoter phi2.5	0.000000	0.000000	0.000000
354.999010	T7 promoter phi3.8	0.000000	0.000000	0.000000
354.999010	T7 promoter phi4.3	0.000000	0.000000	0.000000
354.999010	T7 promoter phi4.7	0.000000	0.000000	0.000000
354.999010	T7 promoter phi4c	0.000000	0.000000	0.000000
354.999010	T7 promoter phi6.5	0.000000	0.000000	0.000000
354.999010	T7 promoter phi9	0.000000	0.000000	0.000000
354.999010	__gene 0.3_rbs	7.000000	0.000000	0.000000
354.999010	__gene 1.1_rbs	0.000000	0.000000	0.000000
354.999010	__gene 1.2_rbs	0.000000	0.000000	0.000000
354.999010	__gene 1.3_rbs	0.000000	0.000000	0.000000
354.999010	__gene 1.4_rbs	0.000000	0.000000	0.000000
354.999010	__gene 1.7_rbs	0.000000	0.000000	0.000000
354.999010	__gene 1.8_rbs	0.000000	0.000000	0.000000
354.999010	__gene 10A_rbs	0.000000	0.000000	0.000000
354.999010	__gene 11_rbs	0.000000	0.000000	0.000000
354.999010	__gene 12_rbs	0.000000	0.000000	0.000000
354.999010	__gene 13_rbs	0.000000	0.000000	0.000000
354.999010	__gene 14_rbs	0.000000	0.000000	0.000000
354.999010	__gene 15_rbs	0.000000	0.000000	0.000000
354.999010	__gene 16_rbs	0.000000	0.000000	0.000000
354.999010	__gene 17.5_rbs	0.000000	0.000000	0.000000
354.999010	__gene 17_rbs	0.000000	0.000000	0.000000
354.999010	__gene 18.5_rbs	0.000000	0.000000	0.000000
354.999010	__gene 18.7_rbs	0.000000	0.000000	0.000000
354.999010	__gene 18_rbs	0.000000	0.000000	0.000000
354.999010	__gene 19.2_rbs	0.000000	0.000000	0.000000
354.999010	__gene 19.3_rbs	0.000000	0.000000	0.000000
354.999010	__gene 19.5_rbs	0.000000	0.000000	0.000000
354.999010	__gene 19_rbs	0.000000	0.000000	0.000000
354.999010	__gene 2.5_rbs	0.000000	0.000000	0.000000
354.999010	__gene 2.8_rbs	0.000000	0.000000	0.000000
354.999010	__gene 3.8_rbs	0.000000	0.000000	0.000000
354.999010	__gene 3_rbs	0.000000	0.000000	0.000000
354.999010	__gene 4.2_rbs	0.000000	0.000000	0.000000
354.999010	__gene 4.3_rbs	0.000000	0.000000	0.000000
354.999010	__gene 4.5_rbs	0.000000	0.000000	0.000000
354.999010	__gene 4.7_rbs	0.000000	0.000000	0.000000
354.999010	__gene 4A_rbs	0.000000	0.000000	0.000000
354.999010	__gene 5.3_rbs	0.000000	0.000000	0.000000
354.999010	__gene 5.5_rbs	0.000000	0.000000	0.000000
354.999010	__gene 5.7_rbs	0.000000	0.000000	0.000000
354.999010	__gene 5.9_rbs	0.000000	0.000000	0.000000
354.999010	__gene 5_rbs	0.000000	0.000000	0.000000
354.999010	__gene 6.3_rbs	0.000000	0.000000	0.000000
354.999010	__gene 6.5_rbs	0.000000	0.000000	0.000000
354.999010	__gene 6.7_rbs	0.000000	0.000000	0.000000
354.999010	__gene 6_rbs	0.000000	0.000000	0.000000
354.999010	__gene 7.3_rbs	0.000000	0.000000	0.000000
354.999010	__gene 7.7_rbs	0.000000	0.000000	0.000000
354.999010	__gene 7_rbs	0.000000	0.000000	0.000000
354.999010	__gene 8_rbs	0.000000	0.000000	0.000000
354.999010	__gene 9_rbs	0.000000	0.000000	0.000000
354.999010	__gp-2_rbs	0.000000	0.000000	0.000000
354.999010	__lysozyme-3.5_rbs	0.000000	0.000000	0.000000
354.999010	__protein_kinase-0.7_rbs	7.000000	0.000000	0.000000
354.999010	__ribosome	12.000000	0.000000	0.000000
354.999010	__rnapol-1_rbs	6.000000	0.000000	0.000000
354.999010	bound_ecolipol	517.000000	0.000000	0.000000
354.999010	bound_ecolipol_p	1170.000000	0.000000	0.000000
354.999010	bound_ribosome	9930.000000	0.000000	0.000000
354.999010	degraded_transcript	6822.000000	0.000000	0.000000
354.999010	ecoli_genome	113.000000	0.000000	0.000000
354.999010	ecoli_transcript	17937.000000	0.000000	0.000000
354.999010	ecolipol	2.000000	0.000000	0.000000
354.999010	ecolipol-2	0.000000	0.000000	0.000000
354.999010	ecolipol-2-p	0.000000	0.000000	0.000000
354.999010	ecolipol-p	104.000000	0.000000	0.000000
354.999010	gene 0.3	131.000000	7.000000	0.000000
354.999010	gp-2	0.000000	0.000000	0.000000
354.999010	lysozyme-3.5	0.000000	0.000000	0.000000
354.999010	nonpref_charged	14849.000000	0.000000	0.000000
354.999010	nonpref_uncharged	151.000000	0.000000	0.000000
354.999010	pref_charged	34926.000000	0.000000	0.000000
354.999010	pref_uncharged	74.000000	0.000000	0.000000
354.999010	protein_kinase-0.7	98.000000	7.000000	1.285714
354.999010	rnapol-1	0.000000	5.000000	9.800000
354.999010	rnapol-3.5	0.000000	0.000000	0.000000
359.999004	E. coli B promoter	1.000000	0.000000	0.000000
359.999004	E. coli C promoter	1.000000	0.000000	0.000000
359.999004	E. coli promoter A1	1.000000	0.000000	0.000000
359.999004	E. coli promoter A2	1.000000	0.000000	0.000000
359.999004	E. coli promoter A3	1.000000	0.000000	0.000000
359.999004	T7 promoter phi1.1A	1.000000	0.000000	0.000000
359.999004	T7 promoter phi1.1B	0.000000	0.000000	0.000000
359.999004	T7 promoter phi1.3	0.000000	0.000000	0.000000
359.999004	T7 promoter phi1.5	0.000000	0.000000	0.000000
359.999004	T7 promoter phi1.6	0.000000	0.000000	0.000000
359.999004	T7 promoter phi10	0.000000	0.000000	0.000000
359.999004	T7 promoter phi13	0.000000	0.000000	0.000000
359.999004	T7 promoter phi17	0.000000	0.000000	0.000000
359.999004	T7 promoter phi2.5	0.000000	0.000000	0.000000
359.999004	T7 promoter phi3.8	0.000000	0.000000	0.000000
359.999004	T7 promoter phi4.3	0.000000	0.000000	0.000000
359.999004	T7 promoter phi4.7	0.000000	0.000000	0.000000
359.999004	T7 promoter phi4c	0.000000	0.000000	0.000000
359.999004	T7 promoter phi6.5	0.000000	0.000000	0.000000
359.999004	T7 promoter phi9	0.000000	0.000000	0.000000
359.999004	__gene 0.3_rbs	8.000000	0.000000	0.000000
359.999004	__gene 1.1_rbs	0.000000	0.000000	0.000000
359.999004	__gene 1.2_rbs	1.000000	0.000000	0.000000
359.999004	__gene 1.3_rbs	0.000000	0.000000	0.000000
359.999004	__gene 1.4_rbs	0.000000	0.000000	0.000000
359.999004	__gene 1.7_rbs	0.000000	0.000000	0.000000
359.999004	__gene 1.8_rbs	0.000000	0.000000	0.000000
359.999004	__gene 10A_rbs	0.000000	0.000000	0.000000
359.999004	__gene 11_rbs	0.000000	0.000000	0.000000
359.999004	__gene 12_rbs	0.000000	0.000000	0.000000
359.999004	__gene 13_rbs	0.000000	0.000000	0.000000
359.999004	__gene 14_rbs	0.000000	0.000000	0.000000
359.999004	__gene 15_rbs	0.000000	0.000000	0.000000
359.999004	__gene 16_rbs	0.000000	0.000000	0.000000
359.999004	__gene 17.5_rbs	0.000000	0.000000	0.000000
359.999004	__gene 17_rbs	0.000000	0.000000	0.000000
359.999004	__gene 18.5_rbs	0.000000	0.000000	0.000000
359.999004	__gene 18.7_rbs	0.000000	0.000000	0.000000
359.999004	__gene 18_rbs	0.000000	0.000000	0.000000
359.999004	__gene 19.2_rbs	0.000000	0.000000	0.000000
359.999004	__gene 19.3_rbs	0.000000	0.000000	0.000000
359.999004	__gene 19.5_rbs	0.000000	0.000000	0.000000
359.999004	__gene 19_rbs	0.000000	0.000000	0.000000
359.999004	__gene 2.5_rbs	0.000000	0.000000	0.000000
359.999004	__gene 2.8_rbs	0.000000	0.000000	0.000000
359.999004	__gene 3.8_rbs	0.000000	0.000000	0.000000
359.999004	__gene 3_rbs	0.000000	0.000000	0.000000
359.999004	__gene 4.2_rbs	0.000000	0.000000	0.000000
359.999004	__gene 4.3_rbs	0.000000	0.000000	0.000000
359.999004	__gene 4.5_rbs	0.000000	0.000000	0.000000
359.999004	__gene 4.7_rbs	0.000000	0.000000	0.000000
359.999004	__gene 4A_rbs	0.000000	0.000000	0.000000
359.999004	__gene 5.3_rbs	0.000000	0.000000	0.000000
359.999004	__gene 5.5_rbs	0.000000	0.000000	0.000000
359.999004	__gene 5.7_rbs	0.000000	0.000000	0.000000
359.999004	__gene 5.9_rbs	0.000000	0.000000	0.000000
359.999004	__gene 5_rbs	0.000000	0.000000	0.000000
359.999004	__gene 6.3_rbs	0.000000	0.000000	0.000000
359.999004	__gene 6.5_rbs	0.000000	0.000000	0.000000
359.999004	__gene 6.7_rbs	0.000000	0.000000	0.000000
359.999004	__gene 6_rbs	0.000000	0.000000	0.000000
359.999004	__gene 7.3_rbs	0.000000	0.000000	0.000000
359.999004	__gene 7.7_rbs	0.000000	0.000000	0.000000
359.999004	__gene 7_rbs	0.000000	0.000000	0.000000
359.999004	__gene 8_rbs	0.000000	0.000000	0.000000
359.999004	__gene 9_rbs	0.000000	0.000000	0.000000
359.999004	__gp-2_rbs	0.000000	0.000000	0.000000
359.999004	__lysozyme-3.5_rbs	0.000000	0.000000	0.000000
359.999004	__protein_kinase-0.7_rbs	7.000000	0.000000	0.000000
359.999004	__ribosome	18.000000	0.000000	0.000000
359.999004	__rnapol-1_rbs	6.000000	0.000000	0.000000
359.999004	bound_ecolipol	446.000000	0.000000	0.000000
359.999004	bound_ecolipol_p	1235.000000	0.000000	0.000000
359.999004	bound_ribosome	9937.000000	0.000000	0.000000
359.999004	degraded_transcript	6991.000000	0.000000	0.000000
359.999004	ecoli_genome	119.000000	0.000000	0.000000
359.999004	ecoli_transcript	18118.000000	0.000000	0.000000
359.999004	ecolipol	2.000000	0.000000	0.000000
359.999004	ecolipol-2	0.000000	0.000000	0.000000
359.999004	ecolipol-2-p	0.000000	0.000000	0.000000
359.999004	ecolipol-p	109.000000	0.000000	0.000000
359.999004	gene 0.3	135.000000	8.000000	0.000000
359.999004	gp-2	0.000000	0.000000	0.000000
359.999004	lysozyme-3.5	0.000000	0.000000	0.000000
359.999004	nonpref_charged	14671.000000	0.000000	0.000000
359.999004	nonpref_uncharged	329.000000	0.000000	0.000000
359.999004	pref_charged	34841.000000	0.000000	0.000000
359.999004	pref_uncharged	159.000000	0.000000	0.000000
359.999004	protein_kinase-0.7	101.000000	7.000000	1.428571
359.999004	rnapol-1	17.000000	5.000000	7.000000
359.999004	rnapol-3.5	0.000000	0.000000	0.000000
364.999009	E. coli B promoter	1.000000	0.000000	0.000000
364.999009	E. coli C promoter	1.000000	0.000000	0.000000
364.999009	E. coli promoter A1	1.000000	0.000000	0.000000
364.999009	E. coli promoter A2	1.000000	0.000000	0.000000
364.999009	E. coli promoter A3	1.000000	0.000000	0.000000
364.999009	T7 promoter phi1.1A	1.000000	0.000000	0.000000
364.999009	T7 promoter phi1.1B	1.000000	0.000000	0.000000
364.999009	T7 promoter phi1.3	0.000000	0.000000	0.000000
364.999009	T7 promoter phi1.5	0.000000	0.000000	0.000000
364.999009	T7 promoter phi1.6	0.000000	0.000000	0.000000
364.999009	T7 promoter phi10	0.000000	0.000000	0.000000
364.999009	T7 promoter phi13	0.000000	0.000000	0.000000
364.999009	T7 promoter phi17	0.000000	0.000000	0.000000
364.999009	T7 promoter phi2.5	0.000000	0.000000	0.000000
364.999009	T7 promoter phi3.8	0.000000	0.000000	0.000000
364.999009	T7 promoter phi4.3	0.000000	0.000000	0.000000
364.999009	T7 promoter phi4.7	0.000000	0.000000	0.000000
364.999009	T7 promoter phi4c	0.000000	0.000000	0.000000
364.999009	T7 promoter phi6.5	0.000000	0.000000	0.000000
364.999009	T7 promoter phi9	0.000000	0.000000	0.000000
364.999009	__gene 0.3_rbs	8.000000	0.000000	0.000000
364.999009	__gene 1.1_rbs	1.000000	0.000000	0.000000
364.999009	__gene 1.2_rbs	1.000000	0.000000	0.000000
364.999009	__gene 1.3_rbs	0.000000	0.000000	0.000000
364.999009	__gene 1.4_rbs	0.000000	0.000000	0.000000
364.999009	__gene 1.7_rbs	0.000000	0.000000	0.000000
364.999009	__gene 1.8_rbs	0.000000	0.000000	0.000000
364.999009	__gene 10A_rbs	0.000000	0.000000	0.000000
364.999009	__gene 11_rbs	0.000000	0.000000	0.000000
364.999009	__gene 12_rbs	0.000000	0.000000	0.000000
364.999009	__gene 13_rbs	0.000000	0.000000	0.000000
364.999009	__gene 14_rbs	0.000000	0.000000	0.000000
364.999009	__gene 15_rbs	0.000000	0.000000	0.000000
364.999009	__gene 16_rbs	0.000000	0.000000	0.000000
364.999009	__gene 17.5_rbs	0.000000	0.000000	0.000000
364.999009	__gene 17_rbs	0.000000	0.000000	0.000000
364.999009	__gene 18.5_rbs	0.000000	0.000000	0.000000
364.999009	__gene 18.7_rbs	0.000000	0.000000	0.000000
364.999009	__gene 18_rbs	0.000000	0.000000	0.000000
364.999009	__gene 19.2_rbs	0.000000	0.000000	0.000000
364.999009	__gene 19.3_rbs	0.000000	0.000000	0.000000
364.999009	__gene 19.5_rbs	0.000000	0.000000	0.000000
364.999009	__gene 19_rbs	0.000000	0.000000	0.000000
364.999009	__gene 2.5_rbs	0.000000	0.000000	0.000000
364.999009	__gene 2.8_rbs	0.000000	0.000000	0.000000
364.999009	__gene 3.8_rbs	0.000000	0.000000	0.000000
364.999009	__gene 3_rbs	0.000000	0.000000	0.000000
364.999009	__gene 4.2_rbs	0.000000	0.000000	0.000000
364.999009	__gene 4.3_rbs	0.000000	0.000000	0.000000
364.999009	__gene 4.5_rbs	0.000000	0.000000	0.000000
364.999009	__gene 4.7_rbs	0.000000	0.000000	0.000000
364.999009	__gene 4A_rbs	0.000000	0.000000	0.000000
364.999009	__gene 5.3_rbs	0.000000	0.000000	0.000000
364.999009	__gene 5.5_rbs	0.000000	0.000000	0.000000
364.999009	__gene 5.7_rbs	0.000000	0.000000	0.000000
364.999009	__gene 5.9_rbs	0.000000	0.000000	0.000000
364.999009	__gene 5_rbs	0.000000	0.000000	0.000000
364.999009	__gene 6.3_rbs	0.000000	0.000000	0.000000
364.999009	__gene 6.5_rbs	0.000000	0.000000	0.000000
364.999009	__gene 6.7_rbs	0.000000	0.000000	0.000000
364.999009	__gene 6_rbs	0.000000	0.000000	0.000000
364.999009	__gene 7.3_rbs	0.000000	0.000000	0.000000
364.999009	__gene 7.7_rbs	0.000000	0.000000	0.000000
364.999009	__gene 7_rbs	0.000000	0.000000	0.000000
364.999009	__gene 8_rbs	0.000000	0.000000	0.000000
364.999009	__gene 9_rbs	0.000000	0.000000	0.000000
364.999009	__gp-2_rbs	0.000000	0.000000	0.000000
364.999009	__lysozyme-3.5_rbs	0.000000	0.000000	0.000000
364.999009	__protein_kinase-0.7_rbs	7.000000	0.000000	0.000000
364.999009	__ribosome	16.000000	0.000000	0.000000
364.999009	__rnapol-1_rbs	7.000000	0.000000	0.000000
364.999009	bound_ecolipol	379.000000	0.000000	0.000000
364.999009	bound_ecolipol_p	1298.000000	0.000000	0.000000
364.999009	bound_ribosome	9939.000000	0.000000	0.000000
364.999009	degraded_transcript	7149.000000	0.000000	0.000000
364.999009	ecoli_genome	123.000000	0.000000	0.000000
364.999009	ecoli_transcript	18283.000000	0.000000	0.000000
364.999009	ecolipol	2.000000	0.000000	0.000000
364.999009	ecolipol-2	0.000000	0.000000	0.000000
364.999009	ecolipol-2-p	0.000000	0.000000	0.000000
364.999009	ecolipol-p	113.000000	0.000000	0.000000
364.999009	gene 0.3	143.000000	8.000000	0.125000
364.999009	gene 1.1	0.000000	1.000000	0.000000
364.999009	gene 1.2	0.000000	1.000000	1.000000
364.999009	gp-2	0.000000	0.000000	0.000000
364.999009	lysozyme-3.5	0.000000	0.000000	0.000000
364.999009	nonpref_charged	14834.000000	0.000000	0.000000
364.999009	nonpref_uncharged	166.000000	0.000000	0.000000
364.999009	pref_charged	34901.000000	0.000000	0.000000
364.999009	pref_uncharged	99.000000	0.000000	0.000000
364.999009	protein_kinase-0.7	119.000000	7.000000	0.285714
364.999009	rnapol-1	18.000000	6.000000	6.833333
364.999009	rnapol-3.5	0.000000	0.000000	0.000000
369.999000	E. coli B promoter	1.000000	0.000000	0.000000
369.999000	E. coli C promoter	1.000000	0.000000	0.000000
369.999000	E. coli promoter A1	1.000000	0.000000	0.000000
369.999000	E. coli promoter A2	1.000000	0.000000	0.000000
369.999000	E. coli promoter A3	1.000000	0.000000	0.000000
369.999000	T7 promoter phi1.1A	0.000000	0.000000	0.000000
369.999000	T7 promoter phi1.1B	1.000000	0.000000	0.000000
369.999000	T7 promoter phi1.3	0.000000	0.000000	0.000000
369.999000	T7 promoter phi1.5	0.000000	0.000000	0.000000
369.999000	T7 promoter phi1.6	0.000000	0.000000	0.000000
369.999000	T7 promoter phi10	0.000000	0.000000	0.000000
369.999000	T7 promoter phi13	0.000000	0.000000	0.000000
369.999000	T7 promoter phi17	0.000000	0.000000	0.000000
369.999000	T7 promoter phi2.5	0.000000	0.000000	0.000000
369.999000	T7 promoter phi3.8	0.000000	0.000000	0.000000
369.999000	T7 promoter phi4.3	0.000000	0.000000	0.000000
369.999000	T7 promoter phi4.7	0.000000	0.000000	0.000000
369.999000	T7 promoter phi4c	0.000000	0.000000	0.000000
369.999000	T7 promoter phi6.5	0.000000	0.000000	0.000000
369.999000	T7 promoter phi9	0.000000	0.000000	0.000000
369.999000	__gene 0.3_rbs	8.000000	0.000000	0.000000
369.999000	__gene 1.1_rbs	1.000000	0.000000	0.000000
369.999000	__gene 1.2_rbs	1.000000	0.000000	0.000000
369.999000	__gene 1.3_rbs	0.000000	0.000000	0.000000
369.999000	__gene 1.4_rbs	0.000000	0.000000	0.000000
369.999000	__gene 1.7_rbs	0.000000	0.000000	0.000000
369.999000	__gene 1.8_rbs	0.000000	0.000000	0.000000
369.999000	__gene 10A_rbs	0.000000	0.000000	0.000000
369.999000	__gene 11_rbs	0.000000	0.000000	0.000000
369.999000	__gene 12_rbs	0.000000	0.000000	0.000000
369.999000	__gene 13_rbs	0.000000	0.000000	0.000000
369.999000	__gene 14_rbs	0.000000	0.000000	0.000000
369.999000	__gene 15_rbs	0.000000	0.000000	0.000000
369.999000	__gene 16_rbs	0.000000	0.000000	0.000000
369.999000	__gene 17.5_rbs	0.000000	0.000000	0.000000
369.999000	__gene 17_rbs	0.000000	0.000000	0.000000
369.999000	__gene 18.5_rbs	0.000000	0.000000	0.000000
369.999000	__gene 18.7_rbs	0.000000	0.000000	0.000000
369.999000	__gene 18_rbs	0.000000	0.000000	0.000000
369.999000	__gene 19.2_rbs	0.000000	0.000000	0.000000
369.999000	__gene 19.3_rbs	0.000000	0.000000	0.000000
369.999000	__gene 19.5_rbs	0.000000	0.000000	0.000000
369.999000	__gene 19_rbs	0.000000	0.000000	0.000000
369.999000	__gene 2.5_rbs	0.000000	0.000000	0.000000
369.999000	__gene 2.8_rbs	0.000000	0.000000	0.000000
369.999000	__gene 3.8_rbs	0.000000	0.000000	0.000000
369.999000	__gene 3_rbs	0.000000	0.000000	0.000000
369.999000	__gene 4.2_rbs	0.000000	0.000000	0.000000
369.999000	__gene 4.3_rbs	0.000000	0.000000	0.000000
369.999000	__gene 4.5_rbs	0.000000	0.000000	0.000000
369.999000	__gene 4.7_rbs	0.000000	0.000000	0.000000
369.999000	__gene 4A_rbs	0.000000	0.000000	0.000000
369.999000	__gene 5.3_rbs	0.000000	0.000000	0.000000
369.999000	__gene 5.5_rbs	0.000000	0.000000	0.000000
369.999000	__gene 5.7_rbs	0.000000	0.000000	0.000000
369.999000	__gene 5.9_rbs	0.000000	0.000000	0.000000
369.999000	__gene 5_rbs	0.000000	0.000000	0.000000
369.999000	__gene 6.3_rbs	0.000000	0.000000	0.000000
369.999000	__gene 6.5_rbs	0.000000	0.000000	0.000000
369.999000	__gene 6.7_rbs	0.000000	0.000000	0.000000
369.999000	__gene 6_rbs	0.000000	0.000000	0.000000
369.999000	__gene 7.3_rbs	0.000000	0.000000	0.000000
369.999000	__gene 7.7_rbs	0.000000	0.000000	0.000000
369.999000	__gene 7_rbs	0.000000	0.000000	0.000000
369.999000	__gene 8_rbs	0.000000	0.000000	0.000000
369.999000	__gene 9_rbs	0.000000	0.000000	0.000000
369.999000	__gp-2_rbs	0.000000	0.000000	0.000000
369.999000	__lysozyme-3.5_rbs	0.000000	0.000000	0.000000
369.999000	__protein_kinase-0.7_rbs	7.000000	0.000000	0.000000
369.999000	__ribosome	5.000000	0.000000	0.000000
369.999000	__rnapol-1_rbs	7.000000	0.000000	0.000000
369.999000	bound_ecolipol	322.000000	0.000000	0.000000
369.999000	bound_ecolipol_p	1343.000000	0.000000	0.000000
369.999000	bound_ribosome	9943.000000	0.000000	0.000000
369.999000	degraded_transcript	7345.000000	0.000000	0.000000
369.999000	ecoli_genome	135.000000	0.000000	0.000000
369.999000	ecoli_transcript	18441.000000	0.000000	0.000000
369.999000	ecolipol	2.000000	0.000000	0.000000
369.999000	ecolipol-2	0.000000	0.000000	0.000000
369.999000	ecolipol-2-p	0.000000	0.000000	0.000000
369.999000	ecolipol-p	125.000000	0.000000	0.000000
369.999000	gene 0.3	152.000000	8.000000	0.250000
369.999000	gene 1.1	0.000000	1.000000	0.000000
369.999000	gene 1.2	0.000000	1.000000	3.000000
369.999000	gp-2	0.000000	0.000000	0.000000
369.999000	lysozyme-3.5	0.000000	0.000000	0.000000
369.999000	nonpref_charged	14945.000000	0.000000	0.000000
369.999000	nonpref_uncharged	55.000000	0.000000	0.000000
369.999000	pref_charged	34969.000000	0.000000	0.000000
369.999000	pref_uncharged	31.000000	0.000000	0.000000
369.999000	protein_kinase-0.7	127.000000	7.000000	0.000000
369.999000	rnapol-1	18.000000	6.000000	7.833333
369.999000	rnapol-3.5	0.000000	0.000000	0.000000
374.999073	E. coli B promoter	1.000000	0.000000	0.000000
374.999073	E. coli C promoter	1.000000	0.000000	0.000000
374.999073	E. coli promoter A1	1.000000	0.000000	0.000000
374.999073	E. coli promoter A2	1.000000	0.000000	0.000000
374.999073	E. coli promoter A3	1.000000	0.000000	0.000000
374.999073	T7 promoter phi1.1A	1.000000	0.000000	0.000000
374.999073	T7 promoter phi1.1B	0.000000	0.000000	0.000000
374.999073	T7 promoter phi1.3	1.000000	0.000000	0.000000
374.999073	T7 promoter phi1.5	0.000000	0.000000	0.000000
374.999073	T7 promoter phi1.6	0.000000	0.000000	0.000000
374.999073	T7 promoter phi10	0.000000	0.000000	0.000000
374.999073	T7 promoter phi13	0.000000	0.000000	0.000000
374.999073	T7 promoter phi17	0.000000	0.000000	0.000000
374.999073	T7 promoter phi2.5	0.000000	0.000000	0.000000
374.999073	T7 promoter phi3.8	0.000000	0.000000	0.000000
374.999073	T7 promoter phi4.3	0.000000	0.000000	0.000000
374.999073	T7 promoter phi4.7	0.000000	0.000000	0.000000
374.999073	T7 promoter phi4c	0.000000	0.000000	0.000000
374.999073	T7 promoter phi6.5	0.000000	0.000000	0.000000
374.999073	T7 promoter phi9	0.000000	0.000000	0.000000
374.999073	__gene 0.3_rbs	8.000000	0.000000	0.000000
374.999073	__gene 1.1_rbs	1.000000	0.000000	0.000000
374.999073	__gene 1.2_rbs	3.000000	0.000000	0.000000
374.999073	__gene 1.3_rbs	1.000000	0.000000	0.000000
374.999073	__gene 1.4_rbs	0.000000	0.000000	0.000000
374.999073	__gene 1.7_rbs	0.000000	0.000000	0.000000
374.999073	__gene 1.8_rbs	0.000000	0.000000	0.000000
374.999073	__gene 10A_rbs	0.000000	0.000000	0.000000
374.999073	__gene 11_rbs	0.000000	0.000000	0.000000
374.999073	__gene 12_rbs	0.000000	0.000000	0.000000
374.999073	__gene 13_rbs	0.000000	0.000000	0.000000
374.999073	__gene 14_rbs	0.000000	0.000000	0.000000
374.999073	__gene 15_rbs	0.000000	0.000000	0.000000
374.999073	__gene 16_rbs	0.000000	0.000000	0.000000
374.999073	__gene 17.5_rbs	0.000000	0.000000	0.000000
374.999073	__gene 17_rbs	0.000000	0.000000	0.000000
374.999073	__gene 18.5_rbs	0.000000	0.000000	0.000000
374.999073	__gene 18.7_rbs	0.000000	0.000000	0.000000
374.999073	__gene 18_rbs	0.000000	0.000000	0.000000
374.999073	__gene 19.2_rbs	0.000000	0.000000	0.000000
374.999073	__gene 19.3_rbs	0.000000	0.000000	0.000000
374.999073	__gene 19.5_rbs	0.000000	0.000000	0.000000
374.999073	__gene 19_rbs	0.000000	0.000000	0.000000
374.999073	__gene 2.5_rbs	0.000000	0.000000	0.000000
374.999073	__gene 2.8_rbs	0.000000	0.000000	0.000000
374.999073	__gene 3.8_rbs	0.000000	0.000000	0.000000
374.999073	__gene 3_rbs	0.000000	0.000000	0.000000
374.999073	__gene 4.2_rbs	0.000000	0.000000	0.000000
374.999073	__gene 4.3_rbs	0.000000	0.000000	0.000000
374.999073	__gene 4.5_rbs	0.000000	0.000000	0.000000
374.999073	__gene 4.7_rbs	0.000000	0.000000	0.000000
374.999073	__gene 4A_rbs	0.000000	0.000000	0.000000
374.999073	__gene 5.3_rbs	0.000000	0.000000	0.000000
374.999073	__gene 5.5_rbs	0.000000	0.000000	0.000000
374.999073	__gene 5.7_rbs	0.000000	0.000000	0.000000
374.999073	__gene 5.9_rbs	0.000000	0.000000	0.000000
374.999073	__gene 5_rbs	0.000000	0.000000	0.000000
374.999073	__gene 6.3_rbs	0.000000	0.000000	0.000000
374.999073	__gene 6.5_rbs	0.000000	0.000000	0.000000
374.999073	__gene 6.7_rbs	0.000000	0.000000	0.000000
374.999073	__gene 6_rbs	0.000000	0.000000	0.000000
374.999073	__gene 7.3_rbs	0.000000	0.000000	0.000000
374.999073	__gene 7.7_rbs	0.000000	0.000000	0.000000
374.999073	__gene 7_rbs	0.000000	0.000000	0.000000
374.999073	__gene 8_rbs	0.000000	0.000000	0.000000
374.999073	__gene 9_rbs	0.000000	0.000000	0.000000
374.999073	__gp-2_rbs	0.000000	0.000000	0.000000
374.999073	__lysozyme-3.5_rbs	0.000000	0.000000	0.000000
374.999073	__protein_kinase-0.7_rbs	8.000000	0.000000	0.000000
374.999073	__ribosome	10.000000	0.000000	0.000000
374.999073	__rnapol-1_rbs	7.000000	0.000000	0.000000
374.999073	bound_ecolipol	265.000000	0.000000	0.000000
374.999073	bound_ecolipol_p	1426.000000	0.000000	0.000000
374.999073	bound_ribosome	9968.000000	0.000000	0.000000
374.999073	degraded_transcript	7514.000000	0.000000	0.000000
374.999073	ecoli_genome	109.000000	0.000000	0.000000
374.999073	ecoli_transcript	18574.000000	0.000000	0.000000
374.999073	ecolipol	1.000000	0.000000	0.000000
374.999073	ecolipol-2	0.000000	0.000000	0.000000
374.999073	ecolipol-2-p	0.000000	0.000000	0.000000
374.999073	ecolipol-p	100.000000	0.000000	0.000000
374.999073	gene 0.3	159.000000	8.000000	0.000000
374.999073	gene 1.1	1.000000	2.000000	0.500000
374.999073	gene 1.2	5.000000	2.000000	0.500000
374.999073	gene 1.3	0.000000	1.000000	4.000000
374.999073	gp-2	0.000000	0.000000	0.000000
374.999073	lysozyme-3.5	0.000000	0.000000	0.000000
374.999073	nonpref_charged	14984.000000	0.000000	0.000000
374.999073	nonpref_uncharged	16.000000	0.000000	0.000000
374.999073	pref_charged	34990.000000	0.000000	0.000000
374.999073	pref_uncharged	10.000000	0.000000	0.000000
374.999073	protein_kinase-0.7	131.000000	8.000000	0.125000
374.999073	rnapol-1	57.000000	7.000000	2.142857
374.999073	rnapol-3.5	0.000000	0.000000	0.000000
379.999001	E. coli B promoter	1.000000	0.000000	0.000000
379.999001	E. coli C promoter	1.000000	0.000000	0.000000
379.999001	E. coli promoter A1	1.000000	0.000000	0.000000
379.999001	E. coli promoter A2	1.000000	0.000000	0.000000
379.999001	E. coli promoter A3	1.000000	0.000000	0.000000
379.999001	T7 promoter phi1.1A	1.000000	0.000000	0.000000
379.999001	T7 promoter phi1.1B	1.000000	0.000000	0.000000
379.999001	T7 promoter phi1.3	1.000000	0.000000	0.000000
379.999001	T7 promoter phi1.5	0.000000	0.000000	0.000000
379.999001	T7 promoter phi1.6	0.000000	0.000000	0.000000
379.999001	T7 promoter phi10	0.000000	0.000000	0.000000
379.999001	T7 promoter phi13	0.000000	0.000000	0.000000
379.999001	T7 promoter phi17	0.000000	0.000000	0.000000
379.999001	T7 promoter phi2.5	0.000000	0.000000	0.000000
379.999001	T7 promoter phi3.8	0.000000	0.000000	0.000000
379.999001	T7 promoter phi4.3	0.000000	0.000000	0.000000
379.999001	T7 promoter phi4.7	0.000000	0.000000	0.000000
379.999001	T7 promoter phi4c	0.000000	0.000000	0.000000
379.999001	T7 promoter phi6.5	0.000000	0.000000	0.000000
379.999001	T7 promoter phi9	0.000000	0.000000	0.000000
379.999001	__gene 0.3_rbs	8.000000	0.000000	0.000000
379.999001	__gene 1.1_rbs	3.000000	0.000000	0.000000
379.999001	__gene 1.2_rbs	3.000000	0.000000	0.000000
379.999001	__gene 1.3_rbs	1.000000	0.000000	0.000000
379.999001	__gene 1.4_rbs	0.000000	0.000000	0.000000
379.999001	__gene 1.7_rbs	0.000000	0.000000	0.000000
379.999001	__gene 1.8_rbs	0.000000	0.000000	0.000000
379.999001	__gene 10A_rbs	0.000000	0.000000	0.000000
379.999001	__gene 11_rbs	0.000000	0.000000	0.000000
379.999001	__gene 12_rbs	0.000000	0.000000	0.000000
379.999001	__gene 13_rbs	0.000000	0.000000	0.000000
379.999001	__gene 14_rbs	0.000000	0.000000	0.000000
379.999001	__gene 15_rbs	0.000000	0.000000	0.000000
379.999001	__gene 16_rbs	0.000000	0.000000	0.000000
379.999001	__gene 17.5_rbs	0.000000	0.000000	0.000000
379.999001	__gene 17_rbs	0.000000	0.000000	0.000000
379.999001	__gene 18.5_rbs	0.000000	0.000000	0.000000
379.999001	__gene 18.7_rbs	0.000000	0.000000	0.000000
379.999001	__gene 18_rbs	0.000000	0.000000	0.000000
379.999001	__gene 19.2_rbs	0.000000	0.000000	0.000000
379.999001	__gene 19.3_rbs	0.000000	0.000000	0.000000
379.999001	__gene 19.5_rbs	0.000000	0.000000	0.000000
379.999001	__gene 19_rbs	0.000000	0.000000	0.000000
379.999001	__gene 2.5_rbs	0.000000	0.000000	0.000000
379.999001	__gene 2.8_rbs	0.000000	0.000000	0.000000
379.999001	__gene 3.8_rbs	0.000000	0.000000	0.000000
379.999001	__gene 3_rbs	0.000000	0.000000	0.000000
379.999001	__gene 4.2_rbs	0.000000	0.000000	0.000000
379.999001	__gene 4.3_rbs	0.000000	0.000000	0.000000
379.999001	__gene 4.5_rbs	0.000000	0.000000	0.000000
379.999001	__gene 4.7_rbs	0.000000	0.000000	0.000000
379.999001	__gene 4A_rbs	0.000000	0.000000	0.000000
379.999001	__gene 5.3_rbs	0.000000	0.000000	0.000000
379.999001	__gene 5.5_rbs	0.000000	0.000000	0.000000
379.999001	__gene 5.7_rbs	0.000000	0.000000	0.000000
379.999001	__gene 5.9_rbs	0.000000	0.000000	0.000000
379.999001	__gene 5_rbs	0.000000	0.000000	0.000000
379.999001	__gene 6.3_rbs	0.000000	0.000000	0.000000
379.999001	__gene 6.5_rbs	0.000000	0.000000	0.000000
379.999001	__gene 6.7_rbs	0.000000	0.000000	0.000000
379.999001	__gene 6_rbs	0.000000	0.000000	0.000000
379.999001	__gene 7.3_rbs	0.000000	0.000000	0.000000
379.999001	__gene 7.7_rbs	0.000000	0.000000	0.000000
379.999001	__gene 7_rbs	0.000000	0.000000	0.000000
379.999001	__gene 8_rbs	0.000000	0.000000	0.000000
379.999001	__gene 9_rbs	0.000000	0.000000	0.000000
379.999001	__gp-2_rbs	0.000000	0.000000	0.000000
379.999001	__lysozyme-3.5_rbs	0.000000	0.000000	0.000000
379.999001	__protein_kinase-0.7_rbs	8.000000	0.000000	0.000000
379.999001	__ribosome	12.000000	0.000000	0.000000
379.999001	__rnapol-1_rbs	7.000000	0.000000	0.000000
379.999001	bound_ecolipol	225.000000	0.000000	0.000000
379.999001	bound_ecolipol_p	1450.000000	0.000000	0.000000
379.999001	bound_ribosome	9951.000000	0.000000	0.000000
379.999001	degraded_transcript	7675.000000	0.000000	0.000000
379.999001	ecoli_genome	125.000000	0.000000	0.000000
379.999001	ecoli_transcript	18742.000000	0.000000	0.000000
379.999001	ecolipol	1.000000	0.000000	0.000000
379.999001	ecolipol-2	0.000000	0.000000	0.000000
379.999001	ecolipol-2-p	0.000000	0.000000	0.000000
379.999001	ecolipol-p	116.000000	0.000000	0.000000
379.999001	gene 0.3	168.000000	8.000000	0.000000
379.999001	gene 1.1	2.000000	3.000000	0.000000
379.999001	gene 1.2	5.000000	3.000000	1.666667
379.999001	gene 1.3	0.000000	1.000000	6.000000
379.999001	gp-2	0.000000	0.000000	0.000000
379.999001	lysozyme-3.5	0.000000	0.000000	0.000000
379.999001	nonpref_charged	14572.000000	0.000000	0.000000
379.999001	nonpref_uncharged	428.000000	0.000000	0.000000
379.999001	pref_charged	34744.000000	0.000000	0.000000
379.999001	pref_uncharged	256.000000	0.000000	0.000000
379.999001	protein_kinase-0.7	141.000000	8.000000	0.250000
379.999001	rnapol-1	58.000000	7.000000	3.428571
379.999001	rnapol-3.5	0.000000	0.000000	0.000000
384.999009	E. coli B promoter	1.000000	0.000000	0.000000
384.999009	E. coli C promoter	1.000000	0.000000	0.000000
384.999009	E. coli promoter A1	1.000000	0.000000	0.000000
384.999009	E. coli promoter A2	1.000000	0.000000	0.000000
384.999009	E. coli promoter A3	1.000000	0.000000	0.000000
384.999009	T7 promoter phi1.1A	1.000000	0.000000	0.000000
384.999009	T7 promoter phi1.1B	1.000000	0.000000	0.000000
384.999009	T7 promoter phi1.3	1.000000	0.000000	0.000000
384.999009	T7 promoter phi1.5	0.000000	0.000000	0.000000
384.999009	T7 promoter phi1.6	0.000000	0.000000	0.000000
384.999009	T7 promoter phi10	0.000000	0.000000	0.000000
384.999009	T7 promoter phi13	0.000000	0.000000	0.000000
384.999009	T7 promoter phi17	0.000000	0.000000	0.000000
384.999009	T7 promoter phi2.5	0.000000	0.000000	0.000000
384.999009	T7 promoter phi3.8	0.000000	0.000000	0.000000
384.999009	T7 promoter phi4.3	0.000000	0.000000	0.000000
384.999009	T7 promoter phi4.7	0.000000	0.000000	0.000000
384.999009	T7 promoter phi4c	0.000000	0.000000	0.000000
384.999009	T7 promoter phi6.5	0.000000	0.000000	0.000000
384.999009	T7 promoter phi9	0.000000	0.000000	0.000000
384.999009	__gene 0.3_rbs	8.000000	0.000000	0.000000
384.999009	__gene 1.1_rbs	3.000000	0.000000	0.000000
384.999009	__gene 1.2_rbs	3.000000	0.000000	0.000000
384.999009	__gene 1.3_rbs	2.000000	0.000000	0.000000
384.999009	__gene 1.4_rbs	0.000000	0.000000	0.000000
384.999009	__gene 1.7_rbs	0.000000	0.000000	0.000000
384.999009	__gene 1.8_rbs	0.000000	0.000000	0.000000
384.999009	__gene 10A_rbs	0.000000	0.000000	0.000000
384.999009	__gene 11_rbs	0.000000	0.000000	0.000000
384.999009	__gene 12_rbs	0.000000	0.000000	0.000000
384.999009	__gene 13_rbs	0.000000	0.000000	0.000000
384.999009	__gene 14_rbs	0.000000	0.000000	0.000000
384.999009	__gene 15_rbs	0.000000	0.000000	0.000000
384.999009	__gene 16_rbs	0.000000	0.000000	0.000000
384.999009	__gene 17.5_rbs	0.000000	0.000000	0.000000
384.999009	__gene 17_rbs	0.000000	0.000000	0.000000
384.999009	__gene 18.5_rbs	0.000000	0.000000	0.000000
384.999009	__gene 18.7_rbs	0.000000	0.000000	0.000000
384.999009	__gene 18_rbs	0.000000	0.000000	0.000000
384.999009	__gene 19.2_rbs	0.000000	0.000000	0.000000
384.999009	__gene 19.3_rbs	0.000000	0.000000	0.000000
384.999009	__gene 19.5_rbs	0.000000	0.000000	0.000000
384.999009	__gene 19_rbs	0.000000	0.000000	0.000000
384.999009	__gene 2.5_rbs	0.000000	0.000000	0.000000
384.999009	__gene 2.8_rbs	0.000000	0.000000	0.000000
384.999009	__gene 3.8_rbs	0.000000	0.000000	0.000000
384.999009	__gene 3_rbs	0.000000	0.000000	0.000000
384.999009	__gene 4.2_rbs	0.000000	0.000000	0.000000
384.999009	__gene 4.3_rbs	0.000000	0.000000	0.000000
384.999009	__gene 4.5_rbs	0.000000	0.000000	0.000000
384.999009	__gene 4.7_rbs	0.000000	0.000000	0.000000
384.999009	__gene 4A_rbs	0.000000	0.000000	0.000000
384.999009	__gene 5.3_rbs	0.000000	0.000000	0.000000
384.999009	__gene 5.5_rbs	0.000000	0.000000	0.000000
384.999009	__gene 5.7_rbs	0.000000	0.000000	0.000000
384.999009	__gene 5.9_rbs	0.000000	0.000000	0.000000
384.999009	__gene 5_rbs	0.000000	0.000000	0.000000
384.999009	__gene 6.3_rbs	0.000000	0.000000	0.000000
384.999009	__gene 6.5_rbs	0.000000	0.000000	0.000000
384.999009	__gene 6.7_rbs	0.000000	0.000000	0.000000
384.999009	__gene 6_rbs	0.000000	0.000000	0.000000
384.999009	__gene 7.3_rbs	0.000000	0.000000	0.000000
384.999009	__gene 7.7_rbs	0.000000	0.000000	0.000000
384.999009	__gene 7_rbs	0.000000	0.000000	0.000000
384.999009	__gene 8_rbs	0.000000	0.000000	0.000000
384.999009	__gene 9_rbs	0.000000	0.000000	0.000000
384.999009	__gp-2_rbs	0.000000	0.000000	0.000000
384.999009	__lysozyme-3.5_rbs	0.000000	0.000000	0.000000
384.999009	__protein_kinase-0.7_rbs	8.000000	0.000000	0.000000
384.999009	__ribosome	16.000000	0.000000	0.000000
384.999009	__rnapol-1_rbs	7.000000	0.000000	0.000000
384.999009	bound_ecolipol	194.000000	0.000000	0.000000
384.999009	bound_ecolipol_p	1475.000000	0.000000	0.000000
384.999009	bound_ribosome	9944.000000	0.000000	0.000000
384.999009	degraded_transcript	7854.000000	0.000000	0.000000
384.999009	ecoli_genome	131.000000	0.000000	0.000000
384.999009	ecoli_transcript	18912.000000	0.000000	0.000000
384.999009	ecolipol	1.000000	0.000000	0.000000
384.999009	ecolipol-2	0.000000	0.000000	0.000000
384.999009	ecolipol-2-p	0.000000	0.000000	0.000000
384.999009	ecolipol-p	122.000000	0.000000	0.000000
384.999009	gene 0.3	176.000000	8.000000	0.000000
384.999009	gene 1.1	3.000000	3.000000	0.000000
384.999009	gene 1.2	10.000000	3.000000	1.333333
384.999009	gene 1.3	0.000000	2.000000	4.000000
384.999009	gp-2	0.000000	0.000000	0.000000
384.999009	lysozyme-3.5	0.000000	0.000000	0.000000
384.999009	nonpref_charged	14932.000000	0.000000	0.000000
384.999009	nonpref_uncharged	68.000000	0.000000	0.000000
384.999009	pref_charged	34937.000000	0.000000	0.000000
384.999009	pref_uncharged	63.000000	0.000000	0.000000
384.999009	protein_kinase-0.7	151.000000	8.000000	0.250000
384.999009	rnapol-1	63.000000	7.000000	3.714286
384.999009	rnapol-3.5	0.000000	0.000000	0.000000
389.999007	E. coli B promoter	1.000000	0.000000	0.000000
389.999007	E. coli C promoter	1.000000	0.000000	0.000000
389.999007	E. coli promoter A1	1.000000	0.000000	0.000000
389.999007	E. coli promoter A2	1.000000	0.000000	0.000000
389.999007	E. coli promoter A3	1.000000	0.000000	0.000000
389.999007	T7 promoter phi1.1A	1.000000	0.000000	0.000000
389.999007	T7 promoter phi1.1B	1.000000	0.000000	0.000000
389.999007	T7 promoter phi1.3	1.000000	0.000000	0.000000
389.999007	T7 promoter phi1.5	0.000000	0.000000	0.000000
389.999007	T7 promoter phi1.6	0.000000	0.000000	0.000000
389.999007	T7 promoter phi10	0.000000	0.000000	0.000000
389.999007	T7 promoter phi13	0.000000	0.000000	0.000000
389.999007	T7 promoter phi17	0.000000	0.000000	0.000000
389.999007	T7 promoter phi2.5	0.000000	0.000000	0.000000
389.999007	T7 promoter phi3.8	0.000000	0.000000	0.000000
389.999007	T7 promoter phi4.3	0.000000	0.000000	0.000000
389.999007	T7 promoter phi4.7	0.000000	0.000000	0.000000
389.999007	T7 promoter phi4c	0.000000	0.000000	0.000000
389.999007	T7 promoter phi6.5	0.000000	0.000000	0.000000
389.999007	T7 promoter phi9	0.000000	0.000000	0.000000
389.999007	__gene 0.3_rbs	8.000000	0.000000	0.000000
389.999007	__gene 1.1_rbs	3.000000	0.000000	0.000000
389.999007	__gene 1.2_rbs	3.000000	0.000000	0.000000
389.999007	__gene 1.3_rbs	3.000000	0.000000	0.000000
389.999007	__gene 1.4_rbs	0.000000	0.000000	0.000000
389.999007	__gene 1.7_rbs	0.000000	0.000000	0.000000
389.999007	__gene 1.8_rbs	0.000000	0.000000	0.000000
389.999007	__gene 10A_rbs	0.000000	0.000000	0.000000
389.999007	__gene 11_rbs	0.000000	0.000000	0.000000
389.999007	__gene 12_rbs	0.000000	0.000000	0.000000
389.999007	__gene 13_rbs	0.000000	0.000000	0.000000
389.999007	__gene 14_rbs	0.000000	0.000000	0.000000
389.999007	__gene 15_rbs	0.000000	0.000000	0.000000
389.999007	__gene 16_rbs	0.000000	0.000000	0.000000
389.999007	__gene 17.5_rbs	0.000000	0.000000	0.000000
389.999007	__gene 17_rbs	0.000000	0.000000	0.000000
389.999007	__gene 18.5_rbs	0.000000	0.000000	0.000000
389.999007	__gene 18.7_rbs	0.000000	0.000000	0.000000
389.999007	__gene 18_rbs	0.000000	0.000000	0.000000
389.999007	__gene 19.2_rbs	0.000000	0.000000	0.000000
389.999007	__gene 19.3_rbs	0.000000	0.000000	0.000000
389.999007	__gene 19.5_rbs	0.000000	0.000000	0.000000
389.999007	__gene 19_rbs	0.000000	0.000000	0.000000
389.999007	__gene 2.5_rbs	0.000000	0.000000	0.000000
389.999007	__gene 2.8_rbs	0.000000	0.000000	0.000000
389.999007	__gene 3.8_rbs	0.000000	0.000000	0.000000
389.999007	__gene 3_rbs	0.000000	0.000000	0.000000
389.999007	__gene 4.2_rbs	0.000000	0.000000	0.000000
389.999007	__gene 4.3_rbs	0.000000	0.000000	0.000000
389.999007	__gene 4.5_rbs	0.000000	0.000000	0.000000
389.999007	__gene 4.7_rbs	0.000000	0.000000	0.000000
389.999007	__gene 4A_rbs	0.000000	0.000000	0.000000
389.999007	__gene 5.3_rbs	0.000000	0.000000	0.000000
389.999007	__gene 5.5_rbs	0.000000	0.000000	0.000000
389.999007	__gene 5.7_rbs	0.000000	0.000000	0.000000
389.999007	__gene 5.9_rbs	0.000000	0.000000	0.000000
389.999007	__gene 5_rbs	0.000000	0.000000	0.000000
389.999007	__gene 6.3_rbs	0.000000	0.000000	0.000000
389.999007	__gene 6.5_rbs	0.000000	0.000000	0.000000
389.999007	__gene 6.7_rbs	0.000000	0.000000	0.000000
389.999007	__gene 6_rbs	0.000000	0.000000	0.000000
389.999007	__gene 7.3_rbs	0.000000	0.000000	0.000000
389.999007	__gene 7.7_rbs	0.000000	0.000000	0.000000
389.999007	__gene 7_rbs	0.000000	0.000000	0.000000
389.999007	__gene 8_rbs	0.000000	0.000000	0.000000
389.999007	__gene 9_rbs	0.000000	0.000000	0.000000
389.999007	__gp-2_rbs	0.000000	0.000000	0.000000
389.999007	__lysozyme-3.5_rbs	0.000000	0.000000	0.000000
389.999007	__protein_kinase-0.7_rbs	8.000000	0.000000	0.000000
389.999007	__ribosome	14.000000	0.000000	0.000000
389.999007	__rnapol-1_rbs	6.000000	0.000000	0.000000
389.999007	bound_ecolipol	169.000000	0.000000	0.000000
389.999007	bound_ecolipol_p	1510.000000	0.000000	0.000000
389.999007	bound_ribosome	9943.000000	0.000000	0.000000
389.999007	degraded_transcript	8016.000000	0.000000	0.000000
389.999007	ecoli_genome	121.000000	0.000000	0.000000
389.999007	ecoli_transcript	19052.000000	0.000000	0.000000
389.999007	ecolipol	0.000000	0.000000	0.000000
389.999007	ecolipol-2	0.000000	0.000000	0.000000
389.999007	ecolipol-2-p	0.000000	0.000000	0.000000
389.999007	ecolipol-p	113.000000	0.000000	0.000000
389.999007	gene 0.3	184.000000	8.000000	0.000000
389.999007	gene 1.1	7.000000	3.000000	0.000000
389.999007	gene 1.2	20.000000	3.000000	0.000000
389.999007	gene 1.3	0.000000	3.000000	3.333333
389.999007	gp-2	0.000000	0.000000	0.000000
389.999007	lysozyme-3.5	0.000000	0.000000	0.000000
389.999007	nonpref_charged	14831.000000	0.000000	0.000000
389.999007	nonpref_uncharged	169.000000	0.000000	0.000000
389.999007	pref_charged	34917.000000	0.000000	0.000000
389.999007	pref_uncharged	83.000000	0.000000	0.000000
389.999007	protein_kinase-0.7	161.000000	8.000000	0.375000
389.999007	rnapol-1	67.000000	7.000000	4.285714
389.999007	rnapol-3.5	0.000000	0.000000	0.000000
394.999015	E. coli B promoter	1.000000	0.000000	0.000000
394.999015	E. coli C promoter	1.000000	0.000000	0.000000
394.999015	E. coli promoter A1	1.000000	0.000000	0.000000
394.999015	E. coli promoter A2	1.000000	0.000000	0.000000
394.999015	E. coli promoter A3	1.000000	0.000000	0.000000
394.999015	T7 promoter phi1.1A	1.000000	0.000000	0.000000
394.999015	T7 promoter phi1.1B	1.000000	0.000000	0.000000
394.999015	T7 promoter phi1.3	1.000000	0.000000	0.000000
394.999015	T7 promoter phi1.5	0.000000	0.000000	0.000000
394.999015	T7 promoter phi1.6	0.000000	0.000000	0.000000
394.999015	T7 promoter phi10	0.000000	0.000000	0.000000
394.999015	T7 promoter phi13	0.000000	0.000000	0.000000
394.999015	T7 promoter phi17	0.000000	0.000000	0.000000
394.999015	T7 promoter phi2.5	0.000000	0.000000	0.000000
394.999015	T7 promoter phi3.8	0.000000	0.000000	0.000000
394.999015	T7 promoter phi4.3	0.000000	0.000000	0.000000
394.999015	T7 promoter phi4.7	0.000000	0.000000	0.000000
394.999015	T7 promoter phi4c	0.000000	0.000000	0.000000
394.999015	T7 promoter phi6.5	0.000000	0.000000	0.000000
394.999015	T7 promoter phi9	0.000000	0.000000	0.000000
394.999015	__gene 0.3_rbs	8.000000	0.000000	0.000000
394.999015	__gene 1.1_rbs	3.000000	0.000000	0.000000
394.999015	__gene 1.2_rbs	4.000000	0.000000	0.000000
394.999015	__gene 1.3_rbs	3.000000	0.000000	0.000000
394.999015	__gene 1.4_rbs	0.000000	0.000000	0.000000
394.999015	__gene 1.7_rbs	0.000000	0.000000	0.000000
394.999015	__gene 1.8_rbs	0.000000	0.000000	0.000000
394.999015	__gene 10A_rbs	0.000000	0.000000	0.000000
394.999015	__gene 11_rbs	0.000000	0.000000	0.000000
394.999015	__gene 12_rbs	0.000000	0.000000	0.000000
394.999015	__gene 13_rbs	0.000000	0.000000	0.000000
394.999015	__gene 14_rbs	0.000000	0.000000	0.000000
394.999015	__gene 15_rbs	0.000000	0.000000	0.000000
394.999015	__gene 16_rbs	0.000000	0.000000	0.000000
394.999015	__gene 17.5_rbs	0.000000	0.000000	0.000000
394.999015	__gene 17_rbs	0.000000	0.000000	0.000000
394.999015	__gene 18.5_rbs	0.000000	0.000000	0.000000
394.999015	__gene 18.7_rbs	0.000000	0.000000	0.000000
394.999015	__gene 18_rbs	0.000000	0.000000	0.000000
394.999015	__gene 19.2_rbs	0.000000	0.000000	0.000000
394.999015	__gene 19.3_rbs	0.000000	0.000000	0.000000
394.999015	__gene 19.5_rbs	0.000000	0.000000	0.000000
394.999015	__gene 19_rbs	0.000000	0.000000	0.000000
394.999015	__gene 2.5_rbs	0.000000	0.000000	0.000000
394.999015	__gene 2.8_rbs	0.000000	0.000000	0.000000
394.999015	__gene 3.8_rbs	0.000000	0.000000	0.000000
394.999015	__gene 3_rbs	0.000000	0.000000	0.000000
394.999015	__gene 4.2_rbs	0.000000	0.000000	0.000000
394.999015	__gene 4.3_rbs	0.000000	0.000000	0.000000
394.999015	__gene 4.5_rbs	0.000000	0.000000	0.000000
394.999015	__gene 4.7_rbs	0.000000	0.000000	0.000000
394.999015	__gene 4A_rbs	0.000000	0.000000	0.000000
394.999015	__gene 5.3_rbs	0.000000	0.000000	0.000000
394.999015	__gene 5.5_rbs	0.000000	0.000000	0.000000
394.999015	__gene 5.7_rbs	0.000000	0.000000	0.000000
394.999015	__gene 5.9_rbs	0.000000	0.000000	0.000000
394.999015	__gene 5_rbs	0.000000	0.000000	0.000000
394.999015	__gene 6.3_rbs	0.000000	0.000000	0.000000
394.999015	__gene 6.5_rbs	0.000000	0.000000	0.000000
394.999015	__gene 6.7_rbs	0.000000	0.000000	0.000000
394.999015	__gene 6_rbs	0.000000	0.000000	0.000000
394.999015	__gene 7.3_rbs	0.000000	0.000000	0.000000
394.999015	__gene 7.7_rbs	0.000000	0.000000	0.000000
394.999015	__gene 7_rbs	0.000000	0.000000	0.000000
394.999015	__gene 8_rbs	0.000000	0.000000	0.000000
394.999015	__gene 9_rbs	0.000000	0.000000	0.000000
394.999015	__gp-2_rbs	0.000000	0.000000	0.000000
394.999015	__lysozyme-3.5_rbs	0.000000	0.000000	0.000000
394.999015	__protein_kinase-0.7_rbs	8.000000	0.000000	0.000000
394.999015	__ribosome	11.000000	0.000000	0.000000
394.999015	__rnapol-1_rbs	7.000000	0.000000	0.000000
394.999015	bound_ecolipol	137.000000	0.000000	0.000000
394.999015	bound_ecolipol_p	1519.000000	0.000000	0.000000
394.999015	bound_ribosome	9947.000000	0.000000	0.000000
394.999015	degraded_transcript	8222.000000	0.000000	0.000000
394.999015	ecoli_genome	144.000000	0.000000	0.000000
394.999015	ecoli_transcript	19208.000000	0.000000	0.000000
394.999015	ecolipol	1.000000	0.000000	0.000000
394.999015	ecolipol-2	0.000000	0.000000	0.000000
394.999015	ecolipol-2-p	0.000000	0.000000	0.000000
394.999015	ecolipol-p	135.000000	0.000000	0.000000
394.999015	gene 0.3	192.000000	8.000000	0.000000
394.999015	gene 1.1	9.000000	3.000000	0.000000
394.999015	gene 1.2	21.000000	4.000000	0.750000
394.999015	gene 1.3	0.000000	3.000000	5.000000
394.999015	gp-2	0.000000	0.000000	0.000000
394.999015	lysozyme-3.5	0.000000	0.000000	0.000000
394.999015	nonpref_charged	14626.000000	0.000000	0.000000
394.999015	nonpref_uncharged	374.000000	0.000000	0.000000
394.999015	pref_charged	34763.000000	0.000000	0.000000
394.999015	pref_uncharged	237.000000	0.000000	0.000000
394.999015	protein_kinase-0.7	168.000000	8.000000	0.500000
394.999015	rnapol-1	84.000000	7.000000	2.857143
394.999015	rnapol-3.5	0.000000	0.000000	0.000000
399.999016	E. coli B promoter	1.000000	0.000000	0.000000
399.999016	E. coli C promoter	1.000000	0.000000	0.000000
399.999016	E. coli promoter A1	1.000000	0.000000	0.000000
399.999016	E. coli promoter A2	1.000000	0.000000	0.000000
399.999016	E. coli promoter A3	1.000000	0.000000	0.000000
399.999016	T7 promoter phi1.1A	1.000000	0.000000	0.000000
399.999016	T7 promoter phi1.1B	0.000000	0.000000	0.000000
399.999016	T7 promoter phi1.3	1.000000	0.000000	0.000000
399.999016	T7 promoter phi1.5	0.000000	0.000000	0.000000
399.999016	T7 promoter phi1.6	0.000000	0.000000	0.000000
399.999016	T7 promoter phi10	0.000000	0.000000	0.000000
399.999016	T7 promoter phi13	0.000000	0.000000	0.000000
399.999016	T7 promoter phi17	0.000000	0.000000	0.000000
399.999016	T7 promoter phi2.5	0.000000	0.000000	0.000000
399.999016	T7 promoter phi3.8	0.000000	0.000000	0.000000
399.999016	T7 promoter phi4.3	0.000000	0.000000	0.000000
399.999016	T7 promoter phi4.7	0.000000	0.000000	0.000000
399.999016	T7 promoter phi4c	0.000000	0.000000	0.000000
399.999016	T7 promoter phi6.5	0.000000	0.000000	0.000000
399.999016	T7 promoter phi9	0.000000	0.000000	0.000000
399.999016	__gene 0.3_rbs	8.000000	0.000000	0.000000
399.999016	__gene 1.1_rbs	5.000000	0.000000	0.000000
399.999016	__gene 1.2_rbs	6.000000	0.000000	0.000000
399.999016	__gene 1.3_rbs	3.000000	0.000000	0.000000
399.999016	__gene 1.4_rbs	0.000000	0.000000	0.000000
399.999016	__gene 1.7_rbs	0.000000	0.000000	0.000000
399.999016	__gene 1.8_rbs	0.000000	0.000000	0.000000
399.999016	__gene 10A_rbs	0.000000	0.000000	0.000000
399.999016	__gene 11_rbs	0.000000	0.000000	0.000000
399.999016	__gene 12_rbs	0.000000	0.000000	0.000000
399.999016	__gene 13_rbs	0.000000	0.000000	0.000000
399.999016	__gene 14_rbs	0.000000	0.000000	0.000000
399.999016	__gene 15_rbs	0.000000	0.000000	0.000000
399.999016	__gene 16_rbs	0.000000	0.000000	0.000000
399.999016	__gene 17.5_rbs	0.000000	0.000000	0.000000
399.999016	__gene 17_rbs	0.000000	0.000000	0.000000
399.999016	__gene 18.5_rbs	0.000000	0.000000	0.000000
399.999016	__gene 18.7_rbs	0.000000	0.000000	0.000000
399.999016	__gene 18_rbs	0.000000	0.000000	0.000000
399.999016	__gene 19.2_rbs	0.000000	0.000000	0.000000
399.999016	__gene 19.3_rbs	0.000000	0.000000	0.000000
399.999016	__gene 19.5_rbs	0.000000	0.000000	0.000000
399.999016	__gene 19_rbs	0.000000	0.000000	0.000000
399.999016	__gene 2.5_rbs	0.000000	0.000000	0.000000
399.999016	__gene 2.8_rbs	0.000000	0.000000	0.000000
399.999016	__gene 3.8_rbs	0.000000	0.000000	0.000000
399.999016	__gene 3_rbs	0.000000	0.000000	0.000000
399.999016	__gene 4.2_rbs	0.000000	0.000000	0.000000
399.999016	__gene 4.3_rbs	0.000000	0.000000	0.000000
399.999016	__gene 4.5_rbs	0.000000	0.000000	0.000000
399.999016	__gene 4.7_rbs	0.000000	0.000000	0.000000
399.999016	__gene 4A_rbs	0.000000	0.000000	0.000000
399.999016	__gene 5.3_rbs	0.000000	0.000000	0.000000
399.999016	__gene 5.5_rbs	0.000000	0.000000	0.000000
399.999016	__gene 5.7_rbs	0.000000	0.000000	0.000000
399.999016	__gene 5.9_rbs	0.000000	0.000000	0.000000
399.999016	__gene 5_rbs	0.000000	0.000000	0.000000
399.999016	__gene 6.3_rbs	0.000000	0.000000	0.000000
399.999016	__gene 6.5_rbs	0.000000	0.000000	0.000000
399.999016	__gene 6.7_rbs	0.000000	0.000000	0.000000
399.999016	__gene 6_rbs	0.000000	0.000000	0.000000
399.999016	__gene 7.3_rbs	0.000000	0.000000	0.000000
399.999016	__gene 7.7_rbs	0.000000	0.000000	0.000000
399.999016	__gene 7_rbs	0.000000	0.000000	0.000000
399.999016	__gene 8_rbs	0.000000	0.000000	0.000000
399.999016	__gene 9_rbs	0.000000	0.000000	0.000000
399.999016	__gp-2_rbs	0.000000	0.000000	0.000000
399.999016	__lysozyme-3.5_rbs	0.000000	0.000000	0.000000
399.999016	__protein_kinase-0.7_rbs	8.000000	0.000000	0.000000
399.999016	__ribosome	13.000000	0.000000	0.000000
399.999016	__rnapol-1_rbs	7.000000	0.000000	0.000000
399.999016	bound_ecolipol	116.000000	0.000000	0.000000
399.999016	bound_ecolipol_p	1558.000000	0.000000	0.000000
399.999016	bound_ribosome	9936.000000	0.000000	0.000000
399.999016	degraded_transcript	8405.000000	0.000000	0.000000
399.999016	ecoli_genome	126.000000	0.000000	0.000000
399.999016	ecoli_transcript	19391.000000	0.000000	0.000000
399.999016	ecolipol	0.000000	0.000000	0.000000
399.999016	ecolipol-2	0.000000	0.000000	0.000000
399.999016	ecolipol-2-p	0.000000	0.000000	0.000000
399.999016	ecolipol-p	119.000000	0.000000	0.000000
399.999016	gene 0.3	204.000000	8.000000	0.000000
399.999016	gene 1.1	11.000000	5.000000	0.000000
399.999016	gene 1.2	23.000000	6.000000	1.000000
399.999016	gene 1.3	0.000000	3.000000	6.000000
399.999016	gp-2	0.000000	0.000000	0.000000
399.999016	lysozyme-3.5	0.000000	0.000000	0.000000
399.999016	nonpref_charged	14895.000000	0.000000	0.000000
399.999016	nonpref_uncharged	105.000000	0.000000	0.000000
399.999016	pref_charged	34930.000000	0.000000	0.000000
399.999016	pref_uncharged	70.000000	0.000000	0.000000
399.999016	protein_kinase-0.7	175.000000	8.000000	0.500000
399.999016	rnapol-1	87.000000	7.000000	3.285714
399.999016	rnapol-3.5	0.000000	0.000000	0.000000
404.999003	E. coli B promoter	1.000000	0.000000	0.000000
404.999003	E. coli C promoter	1.000000	0.000000	0.000000
404.999003	E. coli promoter A1	1.000000	0.000000	0.000000
404.999003	E. coli promoter A2	0.000000	0.000000	0.000000
404.999003	E. coli promoter A3	1.000000	0.000000	0.000000
404.999003	T7 promoter phi1.1A	1.000000	0.000000	0.000000
404.999003	T7 promoter phi1.1B	1.000000	0.000000	0.000000
404.999003	T7 promoter phi1.3	0.000000	0.000000	0.000000
404.999003	T7 promoter phi1.5	0.000000	0.000000	0.000000
404.999003	T7 promoter phi1.6	0.000000	0.000000	0.000000
404.999003	T7 promoter phi10	0.000000	0.000000	0.000000
404.999003	T7 promoter phi13	0.000000	0.000000	0.000000
404.999003	T7 promoter phi17	0.000000	0.000000	0.000000
404.999003	T7 promoter phi2.5	0.000000	0.000000	0.000000
404.999003	T7 promoter phi3.8	0.000000	0.000000	0.000000
404.999003	T7 promoter phi4.3	0.000000	0.000000	0.000000
404.999003	T7 promoter phi4.7	0.000000	0.000000	0.000000
404.999003	T7 promoter phi4c	0.000000	0.000000	0.000000
404.999003	T7 promoter phi6.5	0.000000	0.000000	0.000000
404.999003	T7 promoter phi9	0.000000	0.000000	0.000000
404.999003	__gene 0.3_rbs	8.000000	0.000000	0.000000
404.999003	__gene 1.1_rbs	6.000000	0.000000	0.000000
404.999003	__gene 1.2_rbs	6.000000	0.000000	0.000000
404.999003	__gene 1.3_rbs	3.000000	0.000000	0.000000
404.999003	__gene 1.4_rbs	0.000000	0.000000	0.000000
404.999003	__gene 1.7_rbs	0.000000	0.000000	0.000000
404.999003	__gene 1.8_rbs	0.000000	0.000000	0.000000
404.999003	__gene 10A_rbs	0.000000	0.000000	0.000000
404.999003	__gene 11_rbs	0.000000	0.000000	0.000000
404.999003	__gene 12_rbs	0.000000	0.000000	0.000000
404.999003	__gene 13_rbs	0.000000	0.000000	0.000000
404.999003	__gene 14_rbs	0.000000	0.000000	0.000000
404.999003	__gene 15_rbs	0.000000	0.000000	0.000000
404.999003	__gene 16_rbs	0.000000	0.000000	0.000000
404.999003	__gene 17.5_rbs	0.000000	0.000000	0.000000
404.999003	__gene 17_rbs	0.000000	0.000000	0.000000
404.999003	__gene 18.5_rbs	0.000000	0.000000	0.000000
404.999003	__gene 18.7_rbs	0.000000	0.000000	0.000000
404.999003	__gene 18_rbs	0.000000	0.000000	0.000000
404.999003	__gene 19.2_rbs	0.000000	0.000000	0.000000
404.999003	__gene 19.3_rbs	0.000000	0.000000	0.000000
404.999003	__gene 19.5_rbs	0.000000	0.000000	0.000000
404.999003	__gene 19_rbs	0.000000	0.000000	0.000000
404.999003	__gene 2.5_rbs	0.000000	0.000000	0.000000
404.999003	__gene 2.8_rbs	0.000000	0.000000	0.000000
404.999003	__gene 3.8_rbs	0.000000	0.000000	0.000000
404.999003	__gene 3_rbs	0.000000	0.000000	0.000000
404.999003	__gene 4.2_rbs	0.000000	0.000000	0.000000
404.999003	__gene 4.3_rbs	0.000000	0.000000	0.000000
404.999003	__gene 4.5_rbs	0.000000	0.000000	0.000000
404.999003	__gene 4.7_rbs	0.000000	0.000000	0.000000
404.999003	__gene 4A_rbs	0.000000	0.000000	0.000000
404.999003	__gene 5.3_rbs	0.000000	0.000000	0.000000
404.999003	__gene 5.5_rbs	0.000000	0.000000	0.000000
404.999003	__gene 5.7_rbs	0.000000	0.000000	0.000000
404.999003	__gene 5.9_rbs	0.000000	0.000000	0.000000
404.999003	__gene 5_rbs	0.000000	0.000000	0.000000
404.999003	__gene 6.3_rbs	0.000000	0.000000	0.000000
404.999003	__gene 6.5_rbs	0.000000	0.000000	0.000000
404.999003	__gene 6.7_rbs	0.000000	0.000000	0.000000
404.999003	__gene 6_rbs	0.000000	0.000000	0.000000
404.999003	__gene 7.3_rbs	0.000000	0.000000	0.000000
404.999003	__gene 7.7_rbs	0.000000	0.000000	0.000000
404.999003	__gene 7_rbs	0.000000	0.000000	0.000000
404.999003	__gene 8_rbs	0.000000	0.000000	0.000000
404.999003	__gene 9_rbs	0.000000	0.000000	0.000000
404.999003	__gp-2_rbs	0.000000	0.000000	0.000000
404.999003	__lysozyme-3.5_rbs	0.000000	0.000000	0.000000
404.999003	__protein_kinase-0.7_rbs	8.000000	0.000000	0.000000
404.999003	__ribosome	16.000000	0.000000	0.000000
404.999003	__rnapol-1_rbs	7.000000	0.000000	0.000000
404.999003	bound_ecolipol	96.000000	0.000000	0.000000
404.999003	bound_ecolipol_p	1586.000000	0.000000	0.000000
404.999003	bound_ribosome	9911.000000	0.000000	0.000000
404.999003	degraded_transcript	8589.000000	0.000000	0.000000
404.999003	ecoli_genome	118.000000	0.000000	0.000000
404.999003	ecoli_transcript	19578.000000	0.000000	0.000000
404.999003	ecolipol	1.000000	0.000000	0.000000
404.999003	ecolipol-2	0.000000	0.000000	0.000000
404.999003	ecolipol-2-p	0.000000	0.000000	0.000000
404.999003	ecolipol-p	109.000000	0.000000	0.000000
404.999003	gene 0.3	213.000000	8.000000	0.000000
404.999003	gene 1.1	15.000000	6.000000	0.000000
404.999003	gene 1.2	26.000000	6.000000	1.833333
404.999003	gene 1.3	0.000000	3.000000	8.666667
404.999003	gp-2	0.000000	0.000000	0.000000
404.999003	lysozyme-3.5	0.000000	0.000000	0.000000
404.999003	nonpref_charged	14726.000000	0.000000	0.000000
404.999003	nonpref_uncharged	274.000000	0.000000	0.000000
404.999003	pref_charged	34879.000000	0.000000	0.000000
404.999003	pref_uncharged	121.000000	0.000000	0.000000
404.999003	protein_kinase-0.7	183.000000	8.000000	0.500000
404.999003	rnapol-1	93.000000	7.000000	4.571429
404.999003	rnapol-3.5	0.000000	0.000000	0.000000
409.999010	E. coli B promoter	1.000000	0.000000	0.000000
409.999010	E. coli C promoter	1.000000	0.000000	0.000000
409.999010	E. coli promoter A1	1.000000	0.000000	0.000000
409.999010	E. coli promoter A2	1.000000	0.000000	0.000000
409.999010	E. coli promoter A3	1.000000	0.000000	0.000000
409.999010	T7 promoter phi1.1A	1.000000	0.000000	0.000000
409.999010	T7 promoter phi1.1B	0.000000	0.000000	0.000000
409.999010	T7 promoter phi1.3	1.000000	0.000000	0.000000
409.999010	T7 promoter phi1.5	0.000000	0.000000	0.000000
409.999010	T7 promoter phi1.6	0.000000	0.000000	0.000000
409.999010	T7 promoter phi10	0.000000	0.000000	0.000000
409.999010	T7 promoter phi13	0.000000	0.000000	0.000000
409.999010	T7 promoter phi17	0.000000	0.000000	0.000000
409.999010	T7 promoter phi2.5	0.000000	0.000000	0.000000
409.999010	T7 promoter phi3.8	0.000000	0.000000	0.000000
409.999010	T7 promoter phi4.3	0.000000	0.000000	0.000000
409.999010	T7 promoter phi4.7	0.000000	0.000000	0.000000
409.999010	T7 promoter phi4c	0.000000	0.000000	0.000000
409.999010	T7 promoter phi6.5	0.000000	0.000000	0.000000
409.999010	T7 promoter phi9	0.000000	0.000000	0.000000
409.999010	__gene 0.3_rbs	8.000000	0.000000	0.000000
409.999010	__gene 1.1_rbs	6.000000	0.000000	0.000000
409.999010	__gene 1.2_rbs	7.000000	0.000000	0.000000
409.999010	__gene 1.3_rbs	6.000000	0.000000	0.000000
409.999010	__gene 1.4_rbs	0.000000	0.000000	0.000000
409.999010	__gene 1.7_rbs	0.000000	0.000000	0.000000
409.999010	__gene 1.8_rbs	0.000000	0.000000	0.000000
409.999010	__gene 10A_rbs	0.000000	0.000000	0.000000
409.999010	__gene 11_rbs	0.000000	0.000000	0.000000
409.999010	__gene 12_rbs	0.000000	0.000000	0.000000
409.999010	__gene 13_rbs	0.000000	0.000000	0.000000
409.999010	__gene 14_rbs	0.000000	0.000000	0.000000
409.999010	__gene 15_rbs	0.000000	0.000000	0.000000
409.999010	__gene 16_rbs	0.000000	0.000000	0.000000
409.999010	__gene 17.5_rbs	0.000000	0.000000	0.000000
409.999010	__gene 17_rbs	0.000000	0.000000	0.000000
409.999010	__gene 18.5_rbs	0.000000	0.000000	0.000000
409.999010	__gene 18.7_rbs	0.000000	0.000000	0.000000
409.999010	__gene 18_rbs	0.000000	0.000000	0.000000
409.999010	__gene 19.2_rbs	0.000000	0.000000	0.000000
409.999010	__gene 19.3_rbs	0.000000	0.000000	0.000000
409.999010	__gene 19.5_rbs	0.000000	0.000000	0.000000
409.999010	__gene 19_rbs	0.000000	0.000000	0.000000
409.999010	__gene 2.5_rbs	0.000000	0.000000	0.000000
409.999010	__gene 2.8_rbs	0.000000	0.000000	0.000000
409.999010	__gene 3.8_rbs	0.000000	0.000000	0.000000
409.999010	__gene 3_rbs	0.000000	0.000000	0.000000
409.999010	__gene 4.2_rbs	0.000000	0.000000	0.000000
409.999010	__gene 4.3_rbs	0.000000	0.000000	0.000000
409.999010	__gene 4.5_rbs	0.000000	0.000000	0.000000
409.999010	__gene 4.7_rbs	0.000000	0.000000	0.000000
409.999010	__gene 4A_rbs	0.000000	0.000000	0.000000
409.999010	__gene 5.3_rbs	0.000000	0.000000	0.000000
409.999010	__gene 5.5_rbs	0.000000	0.000000	0.000000
409.999010	__gene 5.7_rbs	0.000000	0.000000	0.000000
409.999010	__gene 5.9_rbs	0.000000	0.000000	0.000000
409.999010	__gene 5_rbs	0.000000	0.000000	0.000000
409.999010	__gene 6.3_rbs	0.000000	0.000000	0.000000
409.999010	__gene 6.5_rbs	0.000000	0.000000	0.000000
409.999010	__gene 6.7_rbs	0.000000	0.000000	0.000000
409.999010	__gene 6_rbs	0.000000	0.000000	0.000000
409.999010	__gene 7.3_rbs	0.000000	0.000000	0.000000
409.999010	__gene 7.7_rbs	0.000000	0.000000	0.000000
409.999010	__gene 7_rbs	0.000000	0.000000	0.000000
409.999010	__gene 8_rbs	0.000000	0.000000	0.000000
409.999010	__gene 9_rbs	0.000000	0.000000	0.000000
409.999010	__gp-2_rbs	0.000000	0.000000	0.000000
409.999010	__lysozyme-3.5_rbs	0.000000	0.000000	0.000000
409.999010	__protein_kinase-0.7_rbs	8.000000	0.000000	0.000000
409.999010	__ribosome	19.000000	0.000000	0.000000
409.999010	__rnapol-1_rbs	8.000000	0.000000	0.000000
409.999010	bound_ecolipol	86.000000	0.000000	0.000000
409.999010	bound_ecolipol_p	1585.000000	0.000000	0.000000
409.999010	bound_ribosome	9930.000000	0.000000	0.000000
409.999010	degraded_transcript	8780.000000	0.000000	0.000000
409.999010	ecoli_genome	129.000000	0.000000	0.000000
409.999010	ecoli_transcript	19702.000000	0.000000	0.000000
409.999010	ecolipol	1.000000	0.000000	0.000000
409.999010	ecolipol-2	0.000000	0.000000	0.000000
409.999010	ecolipol-2-p	0.000000	0.000000	0.000000
409.999010	ecolipol-p	121.000000	0.000000	0.000000
409.999010	gene 0.3	219.000000	8.000000	0.000000
409.999010	gene 1.1	23.000000	6.000000	0.000000
409.999010	gene 1.2	48.000000	7.000000	0.000000
409.999010	gene 1.3	0.000000	5.000000	6.600000
409.999010	gp-2	0.000000	0.000000	0.000000
409.999010	lysozyme-3.5	0.000000	0.000000	0.000000
409.999010	nonpref_charged	14837.000000	0.000000	0.000000
409.999010	nonpref_uncharged	163.000000	0.000000	0.000000
409.999010	pref_charged	34893.000000	0.000000	0.000000
409.999010	pref_uncharged	107.000000	0.000000	0.000000
409.999010	protein_kinase-0.7	193.000000	8.000000	0.000000
409.999010	rnapol-1	111.000000	7.000000	2.571429
409.999010	rnapol-3.5	0.000000	0.000000	0.000000
414.999002	E. coli B promoter	1.000000	0.000000	0.000000
414.999002	E. coli C promoter	1.000000	0.000000	0.000000
414.999002	E. coli promoter A1	1.000000	0.000000	0.000000
414.999002	E. coli promoter A2	1.000000	0.000000	0.000000
414.999002	E. coli promoter A3	1.000000	0.000000	0.000000
414.999002	T7 promoter phi1.1A	1.000000	0.000000	0.000000
414.999002	T7 promoter phi1.1B	0.000000	0.000000	0.000000
414.999002	T7 promoter phi1.3	1.000000	0.000000	0.000000
414.999002	T7 promoter phi1.5	0.000000	0.000000	0.000000
414.999002	T7 promoter phi1.6	0.000000	0.000000	0.000000
414.999002	T7 promoter phi10	0.000000	0.000000	0.000000
414.999002	T7 promoter phi13	0.000000	0.000000	0.000000
414.999002	T7 promoter phi17	0.000000	0.000000	0.000000
414.999002	T7 promoter phi2.5	0.000000	0.000000	0.000000
414.999002	T7 promoter phi3.8	0.000000	0.000000	0.000000
414.999002	T7 promoter phi4.3	0.000000	0.000000	0.000000
414.999002	T7 promoter phi4.7	0.000000	0.000000	0.000000
414.999002	T7 promoter phi4c	0.000000	0.000000	0.000000
414.999002	T7 promoter phi6.5	0.000000	0.000000	0.000000
414.999002	T7 promoter phi9	0.000000	0.000000	0.000000
414.999002	__gene 0.3_rbs	9.000000	0.000000	0.000000
414.999002	__gene 1.1_rbs	7.000000	0.000000	0.000000
414.999002	__gene 1.2_rbs	7.000000	0.000000	0.000000
414.999002	__gene 1.3_rbs	6.000000	0.000000	0.000000
414.999002	__gene 1.4_rbs	0.000000	0.000000	0.000000
414.999002	__gene 1.7_rbs	0.000000	0.000000	0.000000
414.999002	__gene 1.8_rbs	0.000000	0.000000	0.000000
414.999002	__gene 10A_rbs	0.000000	0.000000	0.000000
414.999002	__gene 11_rbs	0.000000	0.000000	0.000000
414.999002	__gene 12_rbs	0.000000	0.000000	0.000000
414.999002	__gene 13_rbs	0.000000	0.000000	0.000000
414.999002	__gene 14_rbs	0.000000	0.000000	0.000000
414.999002	__gene 15_rbs	0.000000	0.000000	0.000000
414.999002	__gene 16_rbs	0.000000	0.000000	0.000000
414.999002	__gene 17.5_rbs	0.000000	0.000000	0.000000
414.999002	__gene 17_rbs	0.000000	0.000000	0.000000
414.999002	__gene 18.5_rbs	0.000000	0.000000	0.000000
414.999002	__gene 18.7_rbs	0.000000	0.000000	0.000000
414.999002	__gene 18_rbs	0.000000	0.000000	0.000000
414.999002	__gene 19.2_rbs	0.000000	0.000000	0.000000
414.999002	__gene 19.3_rbs	0.000000	0.000000	0.000000
414.999002	__gene 19.5_rbs	0.000000	0.000000	0.000000
414.999002	__gene 19_rbs	0.000000	0.000000	0.000000
414.999002	__gene 2.5_rbs	0.000000	0.000000	0.000000
414.999002	__gene 2.8_rbs	0.000000	0.000000	0.000000
414.999002	__gene 3.8_rbs	0.000000	0.000000	0.000000
414.999002	__gene 3_rbs	0.000000	0.000000	0.000000
414.999002	__gene 4.2_rbs	0.000000	0.000000	0.000000
414.999002	__gene 4.3_rbs	0.000000	0.000000	0.000000
414.999002	__gene 4.5_rbs	0.000000	0.000000	0.000000
414.999002	__gene 4.7_rbs	0.000000	0.000000	0.000000
414.999002	__gene 4A_rbs	0.000000	0.000000	0.000000
414.999002	__gene 5.3_rbs	0.000000	0.000000	0.000000
414.999002	__gene 5.5_rbs	0.000000	0.000000	0.000000
414.999002	__gene 5.7_rbs	0.000000	0.000000	0.000000
414.999002	__gene 5.9_rbs	0.000000	0.000000	0.000000
414.999002	__gene 5_rbs	0.000000	0.000000	0.000000
414.999002	__gene 6.3_rbs	0.000000	0.000000	0.000000
414.999002	__gene 6.5_rbs	0.000000	0.000000	0.000000
414.999002	__gene 6.7_rbs	0.000000	0.000000	0.000000
414.999002	__gene 6_rbs	0.000000	0.000000	0.000000
414.999002	__gene 7.3_rbs	0.000000	0.000000	0.000000
414.999002	__gene 7.7_rbs	0.000000	0.000000	0.000000
414.999002	__gene 7_rbs	0.000000	0.000000	0.000000
414.999002	__gene 8_rbs	0.000000	0.000000	0.000000
414.999002	__gene 9_rbs	0.000000	0.000000	0.000000
414.999002	__gp-2_rbs	0.000000	0.000000	0.000000
414.999002	__lysozyme-3.5_rbs	0.000000	0.000000	0.000000
414.999002	__protein_kinase-0.7_rbs	8.000000	0.000000	0.000000
414.999002	__ribosome	17.000000	0.000000	0.000000
414.999002	__rnapol-1_rbs	8.000000	0.000000	0.000000
414.999002	bound_ecolipol	72.000000	0.000000	0.000000
414.999002	bound_ecolipol_p	1604.000000	0.000000	0.000000
414.999002	bound_ribosome	9928.000000	0.000000	0.000000
414.999002	degraded_transcript	8983.000000	0.000000	0.000000
414.999002	ecoli_genome	124.000000	0.000000	0.000000
414.999002	ecoli_transcript	19841.000000	0.000000	0.000000
414.999002	ecolipol	1.000000	0.000000	0.000000
414.999002	ecolipol-2	0.000000	0.000000	0.000000
414.999002	ecolipol-2-p	0.000000	0.000000	0.000000
414.999002	ecolipol-p	117.000000	0.000000	0.000000
414.999002	gene 0.3	224.000000	9.000000	0.111111
414.999002	gene 1.1	26.000000	7.000000	0.142857
414.999002	gene 1.2	56.000000	7.000000	0.571429
414.999002	gene 1.3	0.000000	6.000000	6.500000
414.999002	gp-2	0.000000	0.000000	0.000000
414.999002	lysozyme-3.5	0.000000	0.000000	0.000000
414.999002	nonpref_charged	14900.000000	0.000000	0.000000
414.999002	nonpref_uncharged	100.000000	0.000000	0.000000
414.999002	pref_charged	34961.000000	0.000000	0.000000
414.999002	pref_uncharged	39.000000	0.000000	0.000000
414.999002	protein_kinase-0.7	203.000000	8.000000	0.000000
414.999002	rnapol-1	126.000000	8.000000	1.250000
414.999002	rnapol-3.5	0.000000	0.000000	0.000000
419.999009	E. coli B promoter	1.000000	0.000000	0.000000
419.999009	E. coli C promoter	1.000000	0.000000	0.000000
419.999009	E. coli promoter A1	1.000000	0.000000	0.000000
419.999009	E. coli promoter A2	1.000000	0.000000	0.000000
419.999009	E. coli promoter A3	1.000000	0.000000	0.000000
419.999009	T7 promoter phi1.1A	1.000000	0.000000	0.000000
419.999009	T7 promoter phi1.1B	1.000000	0.000000	0.000000
419.999009	T7 promoter phi1.3	1.000000	0.000000	0.000000
419.999009	T7 promoter phi1.5	0.000000	0.000000	0.000000
419.999009	T7 promoter phi1.6	0.000000	0.000000	0.000000
419.999009	T7 promoter phi10	0.000000	0.000000	0.000000
419.999009	T7 promoter phi13	0.000000	0.000000	0.000000
419.999009	T7 promoter phi17	0.000000	0.000000	0.000000
419.999009	T7 promoter phi2.5	0.000000	0.000000	0.000000
419.999009	T7 promoter phi3.8	0.000000	0.000000	0.000000
419.999009	T7 promoter phi4.3	0.000000	0.000000	0.000000
419.999009	T7 promoter phi4.7	0.000000	0.000000	0.000000
419.999009	T7 promoter phi4c	0.000000	0.000000	0.000000
419.999009	T7 promoter phi6.5	0.000000	0.000000	0.000000
419.999009	T7 promoter phi9	0.000000	0.000000	0.000000
419.999009	__gene 0.3_rbs	9.000000	0.000000	0.000000
419.999009	__gene 1.1_rbs	8.000000	0.000000	0.000000
419.999009	__gene 1.2_rbs	8.000000	0.000000	0.000000
419.999009	__gene 1.3_rbs	6.000000	0.000000	0.000000
419.999009	__gene 1.4_rbs	0.000000	0.000000	0.000000
419.999009	__gene 1.7_rbs	0.000000	0.000000	0.000000
419.999009	__gene 1.8_rbs	0.000000	0.000000	0.000000
419.999009	__gene 10A_rbs	0.000000	0.000000	0.000000
419.999009	__gene 11_rbs	0.000000	0.000000	0.000000
419.999009	__gene 12_rbs	0.000000	0.000000	0.000000
419.999009	__gene 13_rbs	0.000000	0.000000	0.000000
419.999009	__gene 14_rbs	0.000000	0.000000	0.000000
419.999009	__gene 15_rbs	0.000000	0.000000	0.000000
419.999009	__gene 16_rbs	0.000000	0.000000	0.000000
419.999009	__gene 17.5_rbs	0.000000	0.000000	0.000000
419.999009	__gene 17_rbs	0.000000	0.000000	0.000000
419.999009	__gene 18.5_rbs	0.000000	0.000000	0.000000
419.999009	__gene 18.7_rbs	0.000000	0.000000	0.000000
419.999009	__gene 18_rbs	0.000000	0.000000	0.000000
419.999009	__gene 19.2_rbs	0.000000	0.000000	0.000000
419.999009	__gene 19.3_rbs	0.000000	0.000000	0.000000
419.999009	__gene 19.5_rbs	0.000000	0.000000	0.000000
419.999009	__gene 19_rbs	0.000000	0.000000	0.000000
419.999009	__gene 2.5_rbs	0.000000	0.000000	0.000000
419.999009	__gene 2.8_rbs	0.000000	0.000000	0.000000
419.999009	__gene 3.8_rbs	0.000000	0.000000	0.000000
419.999009	__gene 3_rbs	0.000000	0.000000	0.000000
419.999009	__gene 4.2_rbs	0.000000	0.000000	0.000000
419.999009	__gene 4.3_rbs	0.000000	0.000000	0.000000
419.999009	__gene 4.5_rbs	0.000000	0.000000	0.000000
419.999009	__gene 4.7_rbs	0.000000	0.000000	0.000000
419.999009	__gene 4A_rbs	0.000000	0.000000	0.000000
419.999009	__gene 5.3_rbs	0.000000	0.000000	0.000000
419.999009	__gene 5.5_rbs	0.000000	0.000000	0.000000
419.999009	__gene 5.7_rbs	0.000000	0.000000	0.000000
419.999009	__gene 5.9_rbs	0.000000	0.000000	0.000000
419.999009	__gene 5_rbs	0.000000	0.000000	0.000000
419.999009	__gene 6.3_rbs	0.000000	0.000000	0.000000
419.999009	__gene 6.5_rbs	0.000000	0.000000	0.000000
419.999009	__gene 6.7_rbs	0.000000	0.000000	0.000000
419.999009	__gene 6_rbs	0.000000	0.000000	0.000000
419.999009	__gene 7.3_rbs	0.000000	0.000000	0.000000
419.999009	__gene 7.7_rbs	0.000000	0.000000	0.000000
419.999009	__gene 7_rbs	0.000000	0.000000	0.000000
419.999009	__gene 8_rbs	0.000000	0.000000	0.000000
419.999009	__gene 9_rbs	0.000000	0.000000	0.000000
419.999009	__gp-2_rbs	0.000000	0.000000	0.000000
419.999009	__lysozyme-3.5_rbs	0.000000	0.000000	0.000000
419.999009	__protein_kinase-0.7_rbs	8.000000	0.000000	0.000000
419.999009	__ribosome	14.000000	0.000000	0.000000
419.999009	__rnapol-1_rbs	8.000000	0.000000	0.000000
419.999009	bound_ecolipol	57.000000	0.000000	0.000000
419.999009	bound_ecolipol_p	1606.000000	0.000000	0.000000
419.999009	bound_ribosome	9920.000000	0.000000	0.000000
419.999009	degraded_transcript	9181.000000	0.000000	0.000000
419.999009	ecoli_genome	137.000000	0.000000	0.000000
419.999009	ecoli_transcript	19955.000000	0.000000	0.000000
419.999009	ecolipol	1.000000	0.000000	0.000000
419.999009	ecolipol-2	0.000000	0.000000	0.000000
419.999009	ecolipol-2-p	0.000000	0.000000	0.000000
419.999009	ecolipol-p	130.000000	0.000000	0.000000
419.999009	gene 0.3	229.000000	9.000000	0.111111
419.999009	gene 1.1	33.000000	8.000000	0.125000
419.999009	gene 1.2	64.000000	8.000000	0.750000
419.999009	gene 1.3	0.000000	6.000000	7.500000
419.999009	gp-2	0.000000	0.000000	0.000000
419.999009	lysozyme-3.5	0.000000	0.000000	0.000000
419.999009	nonpref_charged	14896.000000	0.000000	0.000000
419.999009	nonpref_uncharged	104.000000	0.000000	0.000000
419.999009	pref_charged	34933.000000	0.000000	0.000000
419.999009	pref_uncharged	67.000000	0.000000	0.000000
419.999009	protein_kinase-0.7	214.000000	8.000000	0.000000
419.999009	rnapol-1	134.000000	8.000000	1.625000
419.999009	rnapol-3.5	0.000000	0.000000	0.000000
424.999005	E. coli B promoter	1.000000	0.000000	0.000000
424.999005	E. coli C promoter	1.000000	0.000000	0.000000
424.999005	E. coli promoter A1	1.000000	0.000000	0.000000
424.999005	E. coli promoter A2	1.000000	0.000000	0.000000
424.999005	E. coli promoter A3	1.000000	0.000000	0.000000
424.999005	T7 promoter phi1.1A	1.000000	0.000000	0.000000
424.999005	T7 promoter phi1.1B	1.000000	0.000000	0.000000
424.999005	T7 promoter phi1.3	0.000000	0.000000	0.000000
424.999005	T7 promoter phi1.5	0.000000	0.000000	0.000000
424.999005	T7 promoter phi1.6	0.000000	0.000000	0.000000
424.999005	T7 promoter phi10	0.000000	0.000000	0.000000
424.999005	T7 promoter phi13	0.000000	0.000000	0.000000
424.999005	T7 promoter phi17	0.000000	0.000000	0.000000
424.999005	T7 promoter phi2.5	0.000000	0.000000	0.000000
424.999005	T7 promoter phi3.8	0.000000	0.000000	0.000000
424.999005	T7 promoter phi4.3	0.000000	0.000000	0.000000
424.999005	T7 promoter phi4.7	0.000000	0.000000	0.000000
424.999005	T7 promoter phi4c	0.000000	0.000000	0.000000
424.999005	T7 promoter phi6.5	0.000000	0.000000	0.000000
424.999005	T7 promoter phi9	0.000000	0.000000	0.000000
424.999005	__gene 0.3_rbs	9.000000	0.000000	0.000000
424.999005	__gene 1.1_rbs	8.000000	0.000000	0.000000
424.999005	__gene 1.2_rbs	9.000000	0.000000	0.000000
424.999005	__gene 1.3_rbs	7.000000	0.000000	0.000000
424.999005	__gene 1.4_rbs	0.000000	0.000000	0.000000
424.999005	__gene 1.7_rbs	0.000000	0.000000	0.000000
424.999005	__gene 1.8_rbs	0.000000	0.000000	0.000000
424.999005	__gene 10A_rbs	0.000000	0.000000	0.000000
424.999005	__gene 11_rbs	0.000000	0.000000	0.000000
424.999005	__gene 12_rbs	0.000000	0.000000	0.000000
424.999005	__gene 13_rbs	0.000000	0.000000	0.000000
424.999005	__gene 14_rbs	0.000000	0.000000	0.000000
424.999005	__gene 15_rbs	0.000000	0.000000	0.000000
424.999005	__gene 16_rbs	0.000000	0.000000	0.000000
424.999005	__gene 17.5_rbs	0.000000	0.000000	0.000000
424.999005	__gene 17_rbs	0.000000	0.000000	0.000000
424.999005	__gene 18.5_rbs	0.000000	0.000000	0.000000
424.999005	__gene 18.7_rbs	0.000000	0.000000	0.000000
424.999005	__gene 18_rbs	0.000000	0.000000	0.000000
424.999005	__gene 19.2_rbs	0.000000	0.000000	0.000000
424.999005	__gene 19.3_rbs	0.000000	0.000000	0.000000
424.999005	__gene 19.5_rbs	0.000000	0.000000	0.000000
424.999005	__gene 19_rbs	0.000000	0.000000	0.000000
424.999005	__gene 2.5_rbs	0.000000	0.000000	0.000000
424.999005	__gene 2.8_rbs	0.000000	0.000000	0.000000
424.999005	__gene 3.8_rbs	0.000000	0.000000	0.000000
424.999005	__gene 3_rbs	0.000000	0.000000	0.000000
424.999005	__gene 4.2_rbs	0.000000	0.000000	0.000000
424.999005	__gene 4.3_rbs	0.000000	0.000000	0.000000
424.999005	__gene 4.5_rbs	0.000000	0.000000	0.000000
424.999005	__gene 4.7_rbs	0.000000	0.000000	0.000000
424.999005	__gene 4A_rbs	0.000000	0.000000	0.000000
424.999005	__gene 5.3_rbs	0.000000	0.000000	0.000000
424.999005	__gene 5.5_rbs	0.000000	0.000000	0.000000
424.999005	__gene 5.7_rbs	0.000000	0.000000	0.000000
424.999005	__gene 5.9_rbs	0.000000	0.000000	0.000000
424.999005	__gene 5_rbs	0.000000	0.000000	0.000000
424.999005	__gene 6.3_rbs	0.000000	0.000000	0.000000
424.999005	__gene 6.5_rbs	0.000000	0.000000	0.000000
424.999005	__gene 6.7_rbs	0.000000	0.000000	0.000000
424.999005	__gene 6_rbs	0.000000	0.000000	0.000000
424.999005	__gene 7.3_rbs	0.000000	0.000000	0.000000
424.999005	__gene 7.7_rbs	0.000000	0.000000	0.000000
424.999005	__gene 7_rbs	0.000000	0.000000	0.000000
424.999005	__gene 8_rbs	0.000000	0.000000	0.000000
424.999005	__gene 9_rbs	0.000000	0.000000	0.000000
424.999005	__gp-2_rbs	0.000000	0.000000	0.000000
424.999005	__lysozyme-3.5_rbs	0.000000	0.000000	0.000000
424.999005	__protein_kinase-0.7_rbs	9.000000	0.000000	0.000000
424.999005	__ribosome	8.000000	0.000000	0.000000
424.999005	__rnapol-1_rbs	8.000000	0.000000	0.000000
424.999005	bound_ecolipol	47.000000	0.000000	0.000000
424.999005	bound_ecolipol_p	1620.000000	0.000000	0.000000
424.999005	bound_ribosome	9935.000000	0.000000	0.000000
424.999005	degraded_transcript	9378.000000	0.000000	0.000000
424.999005	ecoli_genome	133.000000	0.000000	0.000000
424.999005	ecoli_transcript	20084.000000	0.000000	0.000000
424.999005	ecolipol	1.000000	0.000000	0.000000
424.999005	ecolipol-2	0.000000	0.000000	0.000000
424.999005	ecolipol-2-p	0.000000	0.000000	0.000000
424.999005	ecolipol-p	126.000000	0.000000	0.000000
424.999005	gene 0.3	242.000000	9.000000	0.000000
424.999005	gene 1.1	40.000000	8.000000	0.000000
424.999005	gene 1.2	78.000000	8.000000	0.125000
424.999005	gene 1.3	0.000000	7.000000	7.428571
424.999005	gp-2	0.000000	0.000000	0.000000
424.999005	lysozyme-3.5	0.000000	0.000000	0.000000
424.999005	nonpref_charged	14944.000000	0.000000	0.000000
424.999005	nonpref_uncharged	56.000000	0.000000	0.000000
424.999005	pref_charged	34953.000000	0.000000	0.000000
424.999005	pref_uncharged	47.000000	0.000000	0.000000
424.999005	protein_kinase-0.7	224.000000	9.000000	0.222222
424.999005	rnapol-1	152.000000	8.000000	0.250000
424.999005	rnapol-3.5	0.000000	0.000000	0.000000
429.999021	E. coli B promoter	1.000000	0.000000	0.000000
429.999021	E. coli C promoter	1.000000	0.000000	0.000000
429.999021	E. coli promoter A1	1.000000	0.000000	0.000000
429.999021	E. coli promoter A2	1.000000	0.000000	0.000000
429.999021	E. coli promoter A3	1.000000	0.000000	0.000000
429.999021	T7 promoter phi1.1A	1.000000	0.000000	0.000000
429.999021	T7 promoter phi1.1B	1.000000	0.000000	0.000000
429.999021	T7 promoter phi1.3	1.000000	0.000000	0.000000
429.999021	T7 promoter phi1.5	0.000000	0.000000	0.000000
429.999021	T7 promoter phi1.6	0.000000	0.000000	0.000000
429.999021	T7 promoter phi10	0.000000	0.000000	0.000000
429.999021	T7 promoter phi13	0.000000	0.000000	0.000000
429.999021	T7 promoter phi17	0.000000	0.000000	0.000000
429.999021	T7 promoter phi2.5	0.000000	0.000000	0.000000
429.999021	T7 promoter phi3.8	0.000000	0.000000	0.000000
429.999021	T7 promoter phi4.3	0.000000	0.000000	0.000000
429.999021	T7 promoter phi4.7	0.000000	0.000000	0.000000
429.999021	T7 promoter phi4c	0.000000	0.000000	0.000000
429.999021	T7 promoter phi6.5	0.000000	0.000000	0.000000
429.999021	T7 promoter phi9	0.000000	0.000000	0.000000
429.999021	__gene 0.3_rbs	9.000000	0.000000	0.000000
429.999021	__gene 1.1_rbs	10.000000	0.000000	0.000000
429.999021	__gene 1.2_rbs	9.000000	0.000000	0.000000
429.999021	__gene 1.3_rbs	8.000000	0.000000	0.000000
429.999021	__gene 1.4_rbs	0.000000	0.000000	0.000000
429.999021	__gene 1.7_rbs	0.000000	0.000000	0.000000
429.999021	__gene 1.8_rbs	0.000000	0.000000	0.000000
429.999021	__gene 10A_rbs	0.000000	0.000000	0.000000
429.999021	__gene 11_rbs	0.000000	0.000000	0.000000
429.999021	__gene 12_rbs	0.000000	0.000000	0.000000
429.999021	__gene 13_rbs	0.000000	0.000000	0.000000
429.999021	__gene 14_rbs	0.000000	0.000000	0.000000
429.999021	__gene 15_rbs	0.000000	0.000000	0.000000
429.999021	__gene 16_rbs	0.000000	0.000000	0.000000
429.999021	__gene 17.5_rbs	0.000000	0.000000	0.000000
429.999021	__gene 17_rbs	0.000000	0.000000	0.000000
429.999021	__gene 18.5_rbs	0.000000	0.000000	0.000000
429.999021	__gene 18.7_rbs	0.000000	0.000000	0.000000
429.999021	__gene 18_rbs	0.000000	0.000000	0.000000
429.999021	__gene 19.2_rbs	0.000000	0.000000	0.000000
429.999021	__gene 19.3_rbs	0.000000	0.000000	0.000000
429.999021	__gene 19.5_rbs	0.000000	0.000000	0.000000
429.999021	__gene 19_rbs	0.000000	0.000000	0.000000
429.999021	__gene 2.5_rbs	0.000000	0.000000	0.000000
429.999021	__gene 2.8_rbs	0.000000	0.000000	0.000000
429.999021	__gene 3.8_rbs	0.000000	0.000000	0.000000
429.999021	__gene 3_rbs	0.000000	0.000000	0.000000
429.999021	__gene 4.2_rbs	0.000000	0.000000	0.000000
429.999021	__gene 4.3_rbs	0.000000	0.000000	0.000000
429.999021	__gene 4.5_rbs	0.000000	0.000000	0.000000
429.999021	__gene 4.7_rbs	0.000000	0.000000	0.000000
429.999021	__gene 4A_rbs	0.000000	0.000000	0.000000
429.999021	__gene 5.3_rbs	0.000000	0.000000	0.000000
429.999021	__gene 5.5_rbs	0.000000	0.000000	0.000000
429.999021	__gene 5.7_rbs	0.000000	0.000000	0.000000
429.999021	__gene 5.9_rbs	0.000000	0.000000	0.000000
429.999021	__gene 5_rbs	0.000000	0.000000	0.000000
429.999021	__gene 6.3_rbs	0.000000	0.000000	0.000000
429.999021	__gene 6.5_rbs	0.000000	0.000000	0.000000
429.999021	__gene 6.7_rbs	0.000000	0.000000	0.000000
429.999021	__gene 6_rbs	0.000000	0.000000	0.000000
429.999021	__gene 7.3_rbs	0.000000	0.000000	0.000000
429.999021	__gene 7.7_rbs	0.000000	0.000000	0.000000
429.999021	__gene 7_rbs	0.000000	0.000000	0.000000
429.999021	__gene 8_rbs	0.000000	0.000000	0.000000
429.999021	__gene 9_rbs	0.000000	0.000000	0.000000
429.999021	__gp-2_rbs	0.000000	0.000000	0.000000
429.999021	__lysozyme-3.5_rbs	0.000000	0.000000	0.000000
429.999021	__protein_kinase-0.7_rbs	9.000000	0.000000	0.000000
429.999021	__ribosome	11.000000	0.000000	0.000000
429.999021	__rnapol-1_rbs	8.000000	0.000000	0.000000
429.999021	bound_ecolipol	37.000000	0.000000	0.000000
429.999021	bound_ecolipol_p	1640.000000	0.000000	0.000000
429.999021	bound_ribosome	9920.000000	0.000000	0.000000
429.999021	degraded_transcript	9576.000000	0.000000	0.000000
429.999021	ecoli_genome	123.000000	0.000000	0.000000
429.999021	ecoli_transcript	20229.000000	0.000000	0.000000
429.999021	ecolipol	0.000000	0.000000	0.000000
429.999021	ecolipol-2	0.000000	0.000000	0.000000
429.999021	ecolipol-2-p	0.000000	0.000000	0.000000
429.999021	ecolipol-p	117.000000	0.000000	0.000000
429.999021	gene 0.3	249.000000	9.000000	0.000000
429.999021	gene 1.1	51.000000	10.000000	0.000000
429.999021	gene 1.2	85.000000	8.000000	0.000000
429.999021	gene 1.3	0.000000	8.000000	7.750000
429.999021	gp-2	0.000000	0.000000	0.000000
429.999021	lysozyme-3.5	0.000000	0.000000	0.000000
429.999021	nonpref_charged	14822.000000	0.000000	0.000000
429.999021	nonpref_uncharged	178.000000	0.000000	0.000000
429.999021	pref_charged	34876.000000	0.000000	0.000000
429.999021	pref_uncharged	124.000000	0.000000	0.000000
429.999021	protein_kinase-0.7	230.000000	9.000000	0.444444
429.999021	rnapol-1	154.000000	8.000000	0.375000
429.999021	rnapol-3.5	0.000000	0.000000	0.000000
434.999006	E. coli B promoter	1.000000	0.000000	0.000000
434.999006	E. coli C promoter	1.000000	0.000000	0.000000
434.999006	E. coli promoter A1	1.000000	0.000000	0.000000
434.999006	E. coli promoter A2	1.000000	0.000000	0.000000
434.999006	E. coli promoter A3	1.000000	0.000000	0.000000
434.999006	T7 promoter phi1.1A	1.000000	0.000000	0.000000
434.999006	T7 promoter phi1.1B	1.000000	0.000000	0.000000
434.999006	T7 promoter phi1.3	0.000000	0.000000	0.000000
434.999006	T7 promoter phi1.5	1.000000	0.000000	0.000000
434.999006	T7 promoter phi1.6	1.000000	0.000000	0.000000
434.999006	T7 promoter phi10	0.000000	0.000000	0.000000
434.999006	T7 promoter phi13	0.000000	0.000000	0.000000
434.999006	T7 promoter phi17	0.000000	0.000000	0.000000
434.999006	T7 promoter phi2.5	0.000000	0.000000	0.000000
434.999006	T7 promoter phi3.8	0.000000	0.000000	0.000000
434.999006	T7 promoter phi4.3	0.000000	0.000000	0.000000
434.999006	T7 promoter phi4.7	0.000000	0.000000	0.000000
434.999006	T7 promoter phi4c	0.000000	0.000000	0.000000
434.999006	T7 promoter phi6.5	0.000000	0.000000	0.000000
434.999006	T7 promoter phi9	0.000000	0.000000	0.000000
434.999006	__gene 0.3_rbs	9.000000	0.000000	0.000000
434.999006	__gene 1.1_rbs	11.000000	0.000000	0.000000
434.999006	__gene 1.2_rbs	10.000000	0.000000	0.000000
434.999006	__gene 1.3_rbs	8.000000	0.000000	0.000000
434.999006	__gene 1.4_rbs	2.000000	0.000000	0.000000
434.999006	__gene 1.7_rbs	2.000000	0.000000	0.000000
434.999006	__gene 1.8_rbs	0.000000	0.000000	0.000000
434.999006	__gene 10A_rbs	0.000000	0.000000	0.000000
434.999006	__gene 11_rbs	0.000000	0.000000	0.000000
434.999006	__gene 12_rbs	0.000000	0.000000	0.000000
434.999006	__gene 13_rbs	0.000000	0.000000	0.000000
434.999006	__gene 14_rbs	0.000000	0.000000	0.000000
434.999006	__gene 15_rbs	0.000000	0.000000	0.000000
434.999006	__gene 16_rbs	0.000000	0.000000	0.000000
434.999006	__gene 17.5_rbs	0.000000	0.000000	0.000000
434.999006	__gene 17_rbs	0.000000	0.000000	0.000000
434.999006	__gene 18.5_rbs	0.000000	0.000000	0.000000
434.999006	__gene 18.7_rbs	0.000000	0.000000	0.000000
434.999006	__gene 18_rbs	0.000000	0.000000	0.000000
434.999006	__gene 19.2_rbs	0.000000	0.000000	0.000000
434.999006	__gene 19.3_rbs	0.000000	0.000000	0.000000
434.999006	__gene 19.5_rbs	0.000000	0.000000	0.000000
434.999006	__gene 19_rbs	0.000000	0.000000	0.000000
434.999006	__gene 2.5_rbs	0.000000	0.000000	0.000000
434.999006	__gene 2.8_rbs	0.000000	0.000000	0.000000
434.999006	__gene 3.8_rbs	0.000000	0.000000	0.000000
434.999006	__gene 3_rbs	0.000000	0.000000	0.000000
434.999006	__gene 4.2_rbs	0.000000	0.000000	0.000000
434.999006	__gene 4.3_rbs	0.000000	0.000000	0.000000
434.999006	__gene 4.5_rbs	0.000000	0.000000	0.000000
434.999006	__gene 4.7_rbs	0.000000	0.000000	0.000000
434.999006	__gene 4A_rbs	0.000000	0.000000	0.000000
434.999006	__gene 5.3_rbs	0.000000	0.000000	0.000000
434.999006	__gene 5.5_rbs	0.000000	0.000000	0.000000
434.999006	__gene 5.7_rbs	0.000000	0.000000	0.000000
434.999006	__gene 5.9_rbs	0.000000	0.000000	0.000000
434.999006	__gene 5_rbs	0.000000	0.000000	0.000000
434.999006	__gene 6.3_rbs	0.000000	0.000000	0.000000
434.999006	__gene 6.5_rbs	0.000000	0.000000	0.000000
434.999006	__gene 6.7_rbs	0.000000	0.000000	0.000000
434.999006	__gene 6_rbs	0.000000	0.000000	0.000000
434.999006	__gene 7.3_rbs	0.000000	0.000000	0.000000
434.999006	__gene 7.7_rbs	0.000000	0.000000	0.000000
434.999006	__gene 7_rbs	0.000000	0.000000	0.000000
434.999006	__gene 8_rbs	0.000000	0.000000	0.000000
434.999006	__gene 9_rbs	0.000000	0.000000	0.000000
434.999006	__gp-2_rbs	0.000000	0.000000	0.000000
434.999006	__lysozyme-3.5_rbs	0.000000	0.000000	0.000000
434.999006	__protein_kinase-0.7_rbs	9.000000	0.000000	0.000000
434.999006	__ribosome	15.000000	0.000000	0.000000
434.999006	__rnapol-1_rbs	8.000000	0.000000	0.000000
434.999006	bound_ecolipol	33.000000	0.000000	0.000000
434.999006	bound_ecolipol_p	1627.000000	0.000000	0.000000
434.999006	bound_ribosome	9919.000000	0.000000	0.000000
434.999006	degraded_transcript	9776.000000	0.000000	0.000000
434.999006	ecoli_genome	140.000000	0.000000	0.000000
434.999006	ecoli_transcript	20374.000000	0.000000	0.000000
434.999006	ecolipol	0.000000	0.000000	0.000000
434.999006	ecolipol-2	0.000000	0.000000	0.000000
434.999006	ecolipol-2-p	0.000000	0.000000	0.000000
434.999006	ecolipol-p	135.000000	0.000000	0.000000
434.999006	gene 0.3	253.000000	9.000000	0.000000
434.999006	gene 1.1	66.000000	11.000000	0.000000
434.999006	gene 1.2	93.000000	9.000000	0.222222
434.999006	gene 1.3	12.000000	8.000000	7.125000
434.999006	gene 1.4	1.000000	2.000000	0.000000
434.999006	gene 1.7	0.000000	2.000000	0.000000
434.999006	gp-2	0.000000	0.000000	0.000000
434.999006	lysozyme-3.5	0.000000	0.000000	0.000000
434.999006	nonpref_charged	14825.000000	0.000000	0.000000
434.999006	nonpref_uncharged	175.000000	0.000000	0.000000
434.999006	pref_charged	34904.000000	0.000000	0.000000
434.999006	pref_uncharged	96.000000	0.000000	0.000000
434.999006	protein_kinase-0.7	234.000000	9.000000	0.444444
434.999006	rnapol-1	158.000000	8.000000	0.375000
434.999006	rnapol-3.5	0.000000	0.000000	0.000000
439.999000	E. coli B promoter	1.000000	0.000000	0.000000
439.999000	E. coli C promoter	1.000000	0.000000	0.000000
439.999000	E. coli promoter A1	1.000000	0.000000	0.000000
439.999000	E. coli promoter A2	1.000000	0.000000	0.000000
439.999000	E. coli promoter A3	1.000000	0.000000	0.000000
439.999000	T7 promoter phi1.1A	1.000000	0.000000	0.000000
439.999000	T7 promoter phi1.1B	1.000000	0.000000	0.000000
439.999000	T7 promoter phi1.3	1.000000	0.000000	0.000000
439.999000	T7 promoter phi1.5	1.000000	0.000000	0.000000
439.999000	T7 promoter phi1.6	1.000000	0.000000	0.000000
439.999000	T7 promoter phi10	0.000000	0.000000	0.000000
439.999000	T7 promoter phi13	0.000000	0.000000	0.000000
439.999000	T7 promoter phi17	0.000000	0.000000	0.000000
439.999000	T7 promoter phi2.5	1.000000	0.000000	0.000000
439.999000	T7 promoter phi3.8	0.000000	0.000000	0.000000
439.999000	T7 promoter phi4.3	0.000000	0.000000	0.000000
439.999000	T7 promoter phi4.7	0.000000	0.000000	0.000000
439.999000	T7 promoter phi4c	0.000000	0.000000	0.000000
439.999000	T7 promoter phi6.5	0.000000	0.000000	0.000000
439.999000	T7 promoter phi9	0.000000	0.000000	0.000000
439.999000	__gene 0.3_rbs	9.000000	0.000000	0.000000
439.999000	__gene 1.1_rbs	11.000000	0.000000	0.000000
439.999000	__gene 1.2_rbs	10.000000	0.000000	0.000000
439.999000	__gene 1.3_rbs	11.000000	0.000000	0.000000
439.999000	__gene 1.4_rbs	2.000000	0.000000	0.000000
439.999000	__gene 1.7_rbs	3.000000	0.000000	0.000000
439.999000	__gene 1.8_rbs	3.000000	0.000000	0.000000
439.999000	__gene 10A_rbs	0.000000	0.000000	0.000000
439.999000	__gene 11_rbs	0.000000	0.000000	0.000000
439.999000	__gene 12_rbs	0.000000	0.000000	0.000000
439.999000	__gene 13_rbs	0.000000	0.000000	0.000000
439.999000	__gene 14_rbs	0.000000	0.000000	0.000000
439.999000	__gene 15_rbs	0.000000	0.000000	0.000000
439.999000	__gene 16_rbs	0.000000	0.000000	0.000000
439.999000	__gene 17.5_rbs	0.000000	0.000000	0.000000
439.999000	__gene 17_rbs	0.000000	0.000000	0.000000
439.999000	__gene 18.5_rbs	0.000000	0.000000	0.000000
439.999000	__gene 18.7_rbs	0.000000	0.000000	0.000000
439.999000	__gene 18_rbs	0.000000	0.000000	0.000000
439.999000	__gene 19.2_rbs	0.000000	0.000000	0.000000
439.999000	__gene 19.3_rbs	0.000000	0.000000	0.000000
439.999000	__gene 19.5_rbs	0.000000	0.000000	0.000000
439.999000	__gene 19_rbs	0.000000	0.000000	0.000000
439.999000	__gene 2.5_rbs	3.000000	0.000000	0.000000
439.999000	__gene 2.8_rbs	0.000000	0.000000	0.000000
439.999000	__gene 3.8_rbs	0.000000	0.000000	0.000000
439.999000	__gene 3_rbs	0.000000	0.000000	0.000000
439.999000	__gene 4.2_rbs	0.000000	0.000000	0.000000
439.999000	__gene 4.3_rbs	0.000000	0.000000	0.000000
439.999000	__gene 4.5_rbs	0.000000	0.000000	0.000000
439.999000	__gene 4.7_rbs	0.000000	0.000000	0.000000
439.999000	__gene 4A_rbs	0.000000	0.000000	0.000000
439.999000	__gene 5.3_rbs	0.000000	0.000000	0.000000
439.999000	__gene 5.5_rbs	0.000000	0.000000	0.000000
439.999000	__gene 5.7_rbs	0.000000	0.000000	0.000000
439.999000	__gene 5.9_rbs	0.000000	0.000000	0.000000
439.999000	__gene 5_rbs	0.000000	0.000000	0.000000
439.999000	__gene 6.3_rbs	0.000000	0.000000	0.000000
439.999000	__gene 6.5_rbs	0.000000	0.000000	0.000000
439.999000	__gene 6.7_rbs	0.000000	0.000000	0.000000
439.999000	__gene 6_rbs	0.000000	0.000000	0.000000
439.999000	__gene 7.3_rbs	0.000000	0.000000	0.000000
439.999000	__gene 7.7_rbs	0.000000	0.000000	0.000000
439.999000	__gene 7_rbs	0.000000	0.000000	0.000000
439.999000	__gene 8_rbs	0.000000	0.000000	0.000000
439.999000	__gene 9_rbs	0.000000	0.000000	0.000000
439.999000	__gp-2_rbs	3.000000	0.000000	0.000000
439.999000	__lysozyme-3.5_rbs	0.000000	0.000000	0.000000
439.999000	__protein_kinase-0.7_rbs	9.000000	0.000000	0.000000
439.999000	__ribosome	11.000000	0.000000	0.000000
439.999000	__rnapol-1_rbs	8.000000	0.000000	0.000000
439.999000	bound_ecolipol	27.000000	0.000000	0.000000
439.999000	bound_ecolipol_p	1657.000000	0.000000	0.000000
439.999000	bound_ribosome	9916.000000	0.000000	0.000000
439.999000	degraded_transcript	9991.000000	0.000000	0.000000
439.999000	ecoli_genome	116.000000	0.000000	0.000000
439.999000	ecoli_transcript	20468.000000	0.000000	0.000000
439.999000	ecolipol	0.000000	0.000000	0.000000
439.999000	ecolipol-2	0.000000	0.000000	0.000000
439.999000	ecolipol-2-p	0.000000	0.000000	0.000000
439.999000	ecolipol-p	111.000000	0.000000	0.000000
439.999000	gene 0.3	261.000000	9.000000	0.000000
439.999000	gene 1.1	82.000000	11.000000	0.000000
439.999000	gene 1.2	114.000000	10.000000	0.000000
439.999000	gene 1.3	14.000000	10.000000	6.200000
439.999000	gene 1.4	2.000000	2.000000	0.000000
439.999000	gene 1.7	2.000000	3.000000	0.000000
439.999000	gene 1.8	1.000000	3.000000	0.000000
439.999000	gene 2.5	0.000000	3.000000	0.333333
439.999000	gp-2	1.000000	3.000000	0.000000
439.999000	lysozyme-3.5	0.000000	0.000000	0.000000
439.999000	nonpref_charged	14589.000000	0.000000	0.000000
439.999000	nonpref_uncharged	411.000000	0.000000	0.000000
439.999000	pref_charged	34712.000000	0.000000	0.000000
439.999000	pref_uncharged	288.000000	0.000000	0.000000
439.999000	protein_kinase-0.7	238.000000	9.000000	0.444444
439.999000	rnapol-1	164.000000	8.000000	0.750000
439.999000	rnapol-3.5	0.000000	0.000000	0.000000
444.999003	E. coli B promoter	1.000000	0.000000	0.000000
444.999003	E. coli C promoter	1.000000	0.000000	0.000000
444.999003	E. coli promoter A1	1.000000	0.000000	0.000000
444.999003	E. coli promoter A2	1.000000	0.000000	0.000000
444.999003	E. coli promoter A3	1.000000	0.000000	0.000000
444.999003	T7 promoter phi1.1A	1.000000	0.000000	0.000000
444.999003	T7 promoter phi1.1B	1.000000	0.000000	0.000000
444.999003	T7 promoter phi1.3	1.000000	0.000000	0.000000
444.999003	T7 promoter phi1.5	1.000000	0.000000	0.000000
444.999003	T7 promoter phi1.6	1.000000	0.000000	0.000000
444.999003	T7 promoter phi10	0.000000	0.000000	0.000000
444.999003	T7 promoter phi13	0.000000	0.000000	0.000000
444.999003	T7 promoter phi17	0.000000	0.000000	0.000000
444.999003	T7 promoter phi2.5	1.000000	0.000000	0.000000
444.999003	T7 promoter phi3.8	0.000000	0.000000	0.000000
444.999003	T7 promoter phi4.3	0.000000	0.000000	0.000000
444.999003	T7 promoter phi4.7	0.000000	0.000000	0.000000
444.999003	T7 promoter phi4c	0.000000	0.000000	0.000000
444.999003	T7 promoter phi6.5	0.000000	0.000000	0.000000
444.999003	T7 promoter phi9	0.000000	0.000000	0.000000
444.999003	__gene 0.3_rbs	9.000000	0.000000	0.000000
444.999003	__gene 1.1_rbs	11.000000	0.000000	0.000000
444.999003	__gene 1.2_rbs	10.000000	0.000000	0.000000
444.999003	__gene 1.3_rbs	11.000000	0.000000	0.000000
444.999003	__gene 1.4_rbs	2.000000	0.000000	0.000000
444.999003	__gene 1.7_rbs	3.000000	0.000000	0.000000
444.999003	__gene 1.8_rbs	3.000000	0.000000	0.000000
444.999003	__gene 10A_rbs	0.000000	0.000000	0.000000
444.999003	__gene 11_rbs	0.000000	0.000000	0.000000
444.999003	__gene 12_rbs	0.000000	0.000000	0.000000
444.999003	__gene 13_rbs	0.000000	0.000000	0.000000
444.999003	__gene 14_rbs	0.000000	0.000000	0.000000
444.999003	__gene 15_rbs	0.000000	0.000000	0.000000
444.999003	__gene 16_rbs	0.000000	0.000000	0.000000
444.999003	__gene 17.5_rbs	0.000000	0.000000	0.000000
444.999003	__gene 17_rbs	0.000000	0.000000	0.000000
444.999003	__gene 18.5_rbs	0.000000	0.000000	0.000000
444.999003	__gene 18.7_rbs	0.000000	0.000000	0.000000
444.999003	__gene 18_rbs	0.000000	0.000000	0.000000
444.999003	__gene 19.2_rbs	0.000000	0.000000	0.000000
444.999003	__gene 19.3_rbs	0.000000	0.000000	0.000000
444.999003	__gene 19.5_rbs	0.000000	0.000000	0.000000
444.999003	__gene 19_rbs	0.000000	0.000000	0.000000
444.999003	__gene 2.5_rbs	5.000000	0.000000	0.000000
444.999003	__gene 2.8_rbs	3.000000	0.000000	0.000000
444.999003	__gene 3.8_rbs	0.000000	0.000000	0.000000
444.999003	__gene 3_rbs	3.000000	0.000000	0.000000
444.999003	__gene 4.2_rbs	0.000000	0.000000	0.000000
444.999003	__gene 4.3_rbs	0.000000	0.000000	0.000000
444.999003	__gene 4.5_rbs	0.000000	0.000000	0.000000
444.999003	__gene 4.7_rbs	0.000000	0.000000	0.000000
444.999003	__gene 4A_rbs	0.000000	0.000000	0.000000
444.999003	__gene 5.3_rbs	0.000000	0.000000	0.000000
444.999003	__gene 5.5_rbs	0.000000	0.000000	0.000000
444.999003	__gene 5.7_rbs	0.000000	0.000000	0.000000
444.999003	__gene 5.9_rbs	0.000000	0.000000	0.000000
444.999003	__gene 5_rbs	0.000000	0.000000	0.000000
444.999003	__gene 6.3_rbs	0.000000	0.000000	0.000000
444.999003	__gene 6.5_rbs	0.000000	0.000000	0.000000
444.999003	__gene 6.7_rbs	0.000000	0.000000	0.000000
444.999003	__gene 6_rbs	0.000000	0.000000	0.000000
444.999003	__gene 7.3_rbs	0.000000	0.000000	0.000000
444.999003	__gene 7.7_rbs	0.000000	0.000000	0.000000
444.999003	__gene 7_rbs	0.000000	0.000000	0.000000
444.999003	__gene 8_rbs	0.000000	0.000000	0.000000
444.999003	__gene 9_rbs	0.000000	0.000000	0.000000
444.999003	__gp-2_rbs	3.000000	0.000000	0.000000
444.999003	__lysozyme-3.5_rbs	1.000000	0.000000	0.000000
444.999003	__protein_kinase-0.7_rbs	9.000000	0.000000	0.000000
444.999003	__ribosome	8.000000	0.000000	0.000000
444.999003	__rnapol-1_rbs	8.000000	0.000000	0.000000
444.999003	bound_ecolipol	24.000000	0.000000	0.000000
444.999003	bound_ecolipol_p	1667.000000	0.000000	0.000000
444.999003	bound_ribosome	9907.000000	0.000000	0.000000
444.999003	degraded_transcript	10208.000000	0.000000	0.000000
444.999003	ecoli_genome	109.000000	0.000000	0.000000
444.999003	ecoli_transcript	20561.000000	0.000000	0.000000
444.999003	ecolipol	0.000000	0.000000	0.000000
444.999003	ecolipol-2	0.000000	0.000000	0.000000
444.999003	ecolipol-2-p	2.000000	0.000000	0.000000
444.999003	ecolipol-p	102.000000	0.000000	0.000000
444.999003	gene 0.3	267.000000	9.000000	0.000000
444.999003	gene 1.1	92.000000	11.000000	0.090909
444.999003	gene 1.2	126.000000	10.000000	0.000000
444.999003	gene 1.3	15.000000	11.000000	6.272727
444.999003	gene 1.4	5.000000	2.000000	0.000000
444.999003	gene 1.7	4.000000	3.000000	0.000000
444.999003	gene 1.8	2.000000	3.000000	0.000000
444.999003	gene 2.5	3.000000	5.000000	0.600000
444.999003	gene 2.8	1.000000	3.000000	0.000000
444.999003	gene 3	0.000000	3.000000	0.666667
444.999003	gp-2	0.000000	3.000000	0.000000
444.999003	lysozyme-3.5	0.000000	1.000000	0.000000
444.999003	nonpref_charged	14923.000000	0.000000	0.000000
444.999003	nonpref_uncharged	77.000000	0.000000	0.000000
444.999003	pref_charged	34936.000000	0.000000	0.000000
444.999003	pref_uncharged	64.000000	0.000000	0.000000
444.999003	protein_kinase-0.7	248.000000	9.000000	0.555556
444.999003	rnapol-1	166.000000	8.000000	0.625000
444.999003	rnapol-3.5	0.000000	0.000000	0.000000
449.999001	E. coli B promoter	1.000000	0.000000	0.000000
449.999001	E. coli C promoter	1.000000	0.000000	0.000000
449.999001	E. coli promoter A1	1.000000	0.000000	0.000000
449.999001	E. coli promoter A2	1.000000	0.000000	0.000000
449.999001	E. coli promoter A3	1.000000	0.000000	0.000000
449.999001	T7 promoter phi1.1A	1.000000	0.000000	0.000000
449.999001	T7 promoter phi1.1B	1.000000	0.000000	0.000000
449.999001	T7 promoter phi1.3	1.000000	0.000000	0.000000
449.999001	T7 promoter phi1.5	1.000000	0.000000	0.000000
449.999001	T7 promoter phi1.6	1.000000	0.000000	0.000000
449.999001	T7 promoter phi10	0.000000	0.000000	0.000000
449.999001	T7 promoter phi13	0.000000	0.000000	0.000000
449.999001	T7 promoter phi17	0.000000	0.000000	0.000000
449.999001	T7 promoter phi2.5	1.000000	0.000000	0.000000
449.999001	T7 promoter phi3.8	1.000000	0.000000	0.000000
449.999001	T7 promoter phi4.3	0.000000	0.000000	0.000000
449.999001	T7 promoter phi4.7	0.000000	0.000000	0.000000
449.999001	T7 promoter phi4c	0.000000	0.000000	0.000000
449.999001	T7 promoter phi6.5	0.000000	0.000000	0.000000
449.999001	T7 promoter phi9	0.000000	0.000000	0.000000
449.999001	__gene 0.3_rbs	9.000000	0.000000	0.000000
449.999001	__gene 1.1_rbs	11.000000	0.000000	0.000000
449.999001	__gene 1.2_rbs	10.000000	0.000000	0.000000
449.999001	__gene 1.3_rbs	11.000000	0.000000	0.000000
449.999001	__gene 1.4_rbs	2.000000	0.000000	0.000000
449.999001	__gene 1.7_rbs	3.000000	0.000000	0.000000
449.999001	__gene 1.8_rbs	3.000000	0.000000	0.000000
449.999001	__gene 10A_rbs	0.000000	0.000000	0.000000
449.999001	__gene 11_rbs	0.000000	0.000000	0.000000
449.999001	__gene 12_rbs	0.000000	0.000000	0.000000
449.999001	__gene 13_rbs	0.000000	0.000000	0.000000
449.999001	__gene 14_rbs	0.000000	0.000000	0.000000
449.999001	__gene 15_rbs	0.000000	0.000000	0.000000
449.999001	__gene 16_rbs	0.000000	0.000000	0.000000
449.999001	__gene 17.5_rbs	0.000000	0.000000	0.000000
449.999001	__gene 17_rbs	0.000000	0.000000	0.000000
449.999001	__gene 18.5_rbs	0.000000	0.000000	0.000000
449.999001	__gene 18.7_rbs	0.000000	0.000000	0.000000
449.999001	__gene 18_rbs	0.000000	0.000000	0.000000
449.999001	__gene 19.2_rbs	0.000000	0.000000	0.000000
449.999001	__gene 19.3_rbs	0.000000	0.000000	0.000000
449.999001	__gene 19.5_rbs	0.000000	0.000000	0.000000
449.999001	__gene 19_rbs	0.000000	0.000000	0.000000
449.999001	__gene 2.5_rbs	5.000000	0.000000	0.000000
449.999001	__gene 2.8_rbs	5.000000	0.000000	0.000000
449.999001	__gene 3.8_rbs	3.000000	0.000000	0.000000
449.999001	__gene 3_rbs	5.000000	0.000000	0.000000
449.999001	__gene 4.2_rbs	0.000000	0.000000	0.000000
449.999001	__gene 4.3_rbs	0.000000	0.000000	0.000000
449.999001	__gene 4.5_rbs	0.000000	0.000000	0.000000
449.999001	__gene 4.7_rbs	0.000000	0.000000	0.000000
449.999001	__gene 4A_rbs	2.000000	0.000000	0.000000
449.999001	__gene 5.3_rbs	0.000000	0.000000	0.000000
449.999001	__gene 5.5_rbs	0.000000	0.000000	0.000000
449.999001	__gene 5.7_rbs	0.000000	0.000000	0.000000
449.999001	__gene 5.9_rbs	0.000000	0.000000	0.000000
449.999001	__gene 5_rbs	0.000000	0.000000	0.000000
449.999001	__gene 6.3_rbs	0.000000	0.000000	0.000000
449.999001	__gene 6.5_rbs	0.000000	0.000000	0.000000
449.999001	__gene 6.7_rbs	0.000000	0.000000	0.000000
449.999001	__gene 6_rbs	0.000000	0.000000	0.000000
449.999001	__gene 7.3_rbs	0.000000	0.000000	0.000000
449.999001	__gene 7.7_rbs	0.000000	0.000000	0.000000
449.999001	__gene 7_rbs	0.000000	0.000000	0.000000
449.999001	__gene 8_rbs	0.000000	0.000000	0.000000
449.999001	__gene 9_rbs	0.000000	0.000000	0.000000
449.999001	__gp-2_rbs	3.000000	0.000000	0.000000
449.999001	__lysozyme-3.5_rbs	4.000000	0.000000	0.000000
449.999001	__protein_kinase-0.7_rbs	9.000000	0.000000	0.000000
449.999001	__ribosome	14.000000	0.000000	0.000000
449.999001	__rnapol-1_rbs	8.000000	0.000000	0.000000
449.999001	bound_ecolipol	22.000000	0.000000	0.000000
449.999001	bound_ecolipol_p	1658.000000	0.000000	0.000000
449.999001	bound_ribosome	9891.000000	0.000000	0.000000
449.999001	degraded_transcript	10422.000000	0.000000	0.000000
449.999001	ecoli_genome	120.000000	0.000000	0.000000
449.999001	ecoli_transcript	20701.000000	0.000000	0.000000
449.999001	ecolipol	0.000000	0.000000	0.000000
449.999001	ecolipol-2	0.000000	0.000000	0.000000
449.999001	ecolipol-2-p	2.000000	0.000000	0.000000
449.999001	ecolipol-p	114.000000	0.000000	0.000000
449.999001	gene 0.3	275.000000	9.000000	0.000000
449.999001	gene 1.1	108.000000	11.000000	0.000000
449.999001	gene 1.2	134.000000	10.000000	0.000000
449.999001	gene 1.3	16.000000	11.000000	7.272727
449.999001	gene 1.4	7.000000	2.000000	0.000000
449.999001	gene 1.7	6.000000	3.000000	0.000000
449.999001	gene 1.8	7.000000	3.000000	0.000000
449.999001	gene 2.5	10.000000	5.000000	0.000000
449.999001	gene 2.8	2.000000	4.000000	0.000000
449.999001	gene 3	5.000000	5.000000	0.000000
449.999001	gene 3.8	1.000000	3.000000	0.000000
449.999001	gene 4A	0.000000	2.000000	0.000000
449.999001	gp-2	0.000000	3.000000	0.000000
449.999001	lysozyme-3.5	0.000000	4.000000	0.000000
449.999001	nonpref_charged	14502.000000	0.000000	0.000000
449.999001	nonpref_uncharged	498.000000	0.000000	0.000000
449.999001	pref_charged	34728.000000	0.000000	0.000000
449.999001	pref_uncharged	272.000000	0.000000	0.000000
449.999001	protein_kinase-0.7	255.000000	9.000000	0.777778
449.999001	rnapol-1	166.000000	8.000000	1.000000
449.999001	rnapol-3.5	5.000000	0.000000	0.000000
454.999000	E. coli B promoter	1.000000	0.000000	0.000000
454.999000	E. coli C promoter	1.000000	0.000000	0.000000
454.999000	E. coli promoter A1	1.000000	0.000000	0.000000
454.999000	E. coli promoter A2	1.000000	0.000000	0.000000
454.999000	E. coli promoter A3	1.000000	0.000000	0.000000
454.999000	T7 promoter phi1.1A	1.000000	0.000000	0.000000
454.999000	T7 promoter phi1.1B	1.000000	0.000000	0.000000
454.999000	T7 promoter phi1.3	1.000000	0.000000	0.000000
454.999000	T7 promoter phi1.5	1.000000	0.000000	0.000000
454.999000	T7 promoter phi1.6	1.000000	0.000000	0.000000
454.999000	T7 promoter phi10	0.000000	0.000000	0.000000
454.999000	T7 promoter phi13	0.000000	0.000000	0.000000
454.999000	T7 promoter phi17	0.000000	0.000000	0.000000
454.999000	T7 promoter phi2.5	1.000000	0.000000	0.000000
454.999000	T7 promoter phi3.8	1.000000	0.000000	0.000000
454.999000	T7 promoter phi4.3	0.000000	0.000000	0.000000
454.999000	T7 promoter phi4.7	0.000000	0.000000	0.000000
454.999000	T7 promoter phi4c	1.000000	0.000000	0.000000
454.999000	T7 promoter phi6.5	0.000000	0.000000	0.000000
454.999000	T7 promoter phi9	0.000000	0.000000	0.000000
454.999000	__gene 0.3_rbs	9.000000	0.000000	0.000000
454.999000	__gene 1.1_rbs	12.000000	0.000000	0.000000
454.999000	__gene 1.2_rbs	11.000000	0.000000	0.000000
454.999000	__gene 1.3_rbs	12.000000	0.000000	0.000000
454.999000	__gene 1.4_rbs	2.000000	0.000000	0.000000
454.999000	__gene 1.7_rbs	3.000000	0.000000	0.000000
454.999000	__gene 1.8_rbs	3.000000	0.000000	0.000000
454.999000	__gene 10A_rbs	0.000000	0.000000	0.000000
454.999000	__gene 11_rbs	0.000000	0.000000	0.000000
454.999000	__gene 12_rbs	0.000000	0.000000	0.000000
454.999000	__gene 13_rbs	0.000000	0.000000	0.000000
454.999000	__gene 14_rbs	0.000000	0.000000	0.000000
454.999000	__gene 15_rbs	0.000000	0.000000	0.000000
454.999000	__gene 16_rbs	0.000000	0.000000	0.000000
454.999000	__gene 17.5_rbs	0.000000	0.000000	0.000000
454.999000	__gene 17_rbs	0.000000	0.000000	0.000000
454.999000	__gene 18.5_rbs	0.000000	0.000000	0.000000
454.999000	__gene 18.7_rbs	0.000000	0.000000	0.000000
454.999000	__gene 18_rbs	0.000000	0.000000	0.000000
454.999000	__gene 19.2_rbs	0.000000	0.000000	0.000000
454.999000	__gene 19.3_rbs	0.000000	0.000000	0.000000
454.999000	__gene 19.5_rbs	0.000000	0.000000	0.000000
454.999000	__gene 19_rbs	0.000000	0.000000	0.000000
454.999000	__gene 2.5_rbs	5.000000	0.000000	0.000000
454.999000	__gene 2.8_rbs	5.000000	0.000000	0.000000
454.999000	__gene 3.8_rbs	5.000000	0.000000	0.000000
454.999000	__gene 3_rbs	5.000000	0.000000	0.000000
454.999000	__gene 4.2_rbs	0.000000	0.000000	0.000000
454.999000	__gene 4.3_rbs	0.000000	0.000000	0.000000
454.999000	__gene 4.5_rbs	0.000000	0.000000	0.000000
454.999000	__gene 4.7_rbs	0.000000	0.000000	0.000000
454.999000	__gene 4A_rbs	5.000000	0.000000	0.000000
454.999000	__gene 5.3_rbs	0.000000	0.000000	0.000000
454.999000	__gene 5.5_rbs	0.000000	0.000000	0.000000
454.999000	__gene 5.7_rbs	0.000000	0.000000	0.000000
454.999000	__gene 5.9_rbs	0.000000	0.000000	0.000000
454.999000	__gene 5_rbs	0.000000	0.000000	0.000000
454.999000	__gene 6.3_rbs	0.000000	0.000000	0.000000
454.999000	__gene 6.5_rbs	0.000000	0.000000	0.000000
454.999000	__gene 6.7_rbs	0.000000	0.000000	0.000000
454.999000	__gene 6_rbs	0.000000	0.000000	0.000000
454.999000	__gene 7.3_rbs	0.000000	0.000000	0.000000
454.999000	__gene 7.7_rbs	0.000000	0.000000	0.000000
454.999000	__gene 7_rbs	0.000000	0.000000	0.000000
454.999000	__gene 8_rbs	0.000000	0.000000	0.000000
454.999000	__gene 9_rbs	0.000000	0.000000	0.000000
454.999000	__gp-2_rbs	3.000000	0.000000	0.000000
454.999000	__lysozyme-3.5_rbs	5.000000	0.000000	0.000000
454.999000	__protein_kinase-0.7_rbs	9.000000	0.000000	0.000000
454.999000	__ribosome	11.000000	0.000000	0.000000
454.999000	__rnapol-1_rbs	8.000000	0.000000	0.000000
454.999000	bound_ecolipol	18.000000	0.000000	0.000000
454.999000	bound_ecolipol_p	1663.000000	0.000000	0.000000
454.999000	bound_ribosome	9885.000000	0.000000	0.000000
454.999000	degraded_transcript	10604.000000	0.000000	0.000000
454.999000	ecoli_genome	119.000000	0.000000	0.000000
454.999000	ecoli_transcript	20853.000000	0.000000	0.000000
454.999000	ecolipol	0.000000	0.000000	0.000000
454.999000	ecolipol-2	0.000000	0.000000	0.000000
454.999000	ecolipol-2-p	3.000000	0.000000	0.000000
454.999000	ecolipol-p	113.000000	0.000000	0.000000
454.999000	gene 0.3	284.000000	9.000000	0.000000
454.999000	gene 1.1	116.000000	12.000000	0.000000
454.999000	gene 1.2	147.000000	11.000000	0.000000
454.999000	gene 1.3	18.000000	12.000000	6.916667
454.999000	gene 1.4	9.000000	2.000000	0.000000
454.999000	gene 1.7	6.000000	3.000000	0.000000
454.999000	gene 1.8	9.000000	3.000000	0.000000
454.999000	gene 2.5	14.000000	5.000000	0.000000
454.999000	gene 2.8	7.000000	5.000000	0.000000
454.999000	gene 3	9.000000	5.000000	0.400000
454.999000	gene 3.8	4.000000	5.000000	0.000000
454.999000	gene 4A	0.000000	4.000000	1.500000
454.999000	gp-2	1.000000	3.000000	0.000000
454.999000	lysozyme-3.5	0.000000	5.000000	0.200000
454.999000	nonpref_charged	14572.000000	0.000000	0.000000
454.999000	nonpref_uncharged	428.000000	0.000000	0.000000
454.999000	pref_charged	34721.000000	0.000000	0.000000
454.999000	pref_uncharged	279.000000	0.000000	0.000000
454.999000	protein_kinase-0.7	259.000000	9.000000	0.666667
454.999000	rnapol-1	169.000000	8.000000	0.750000
454.999000	rnapol-3.5	7.000000	0.000000	0.000000
459.999014	E. coli B promoter	1.000000	0.000000	0.000000
459.999014	E. coli C promoter	1.000000	0.000000	0.000000
459.999014	E. coli promoter A1	1.000000	0.000000	0.000000
459.999014	E. coli promoter A2	1.000000	0.000000	0.000000
459.999014	E. coli promoter A3	1.000000	0.000000	0.000000
459.999014	T7 promoter phi1.1A	1.000000	0.000000	0.000000
459.999014	T7 promoter phi1.1B	1.000000	0.000000	0.000000
459.999014	T7 promoter phi1.3	1.000000	0.000000	0.000000
459.999014	T7 promoter phi1.5	1.000000	0.000000	0.000000
459.999014	T7 promoter phi1.6	1.000000	0.000000	0.000000
459.999014	T7 promoter phi10	0.000000	0.000000	0.000000
459.999014	T7 promoter phi13	0.000000	0.000000	0.000000
459.999014	T7 promoter phi17	0.000000	0.000000	0.000000
459.999014	T7 promoter phi2.5	1.000000	0.000000	0.000000
459.999014	T7 promoter phi3.8	1.000000	0.000000	0.000000
459.999014	T7 promoter phi4.3	1.000000	0.000000	0.000000
459.999014	T7 promoter phi4.7	0.000000	0.000000	0.000000
459.999014	T7 promoter phi4c	1.000000	0.000000	0.000000
459.999014	T7 promoter phi6.5	0.000000	0.000000	0.000000
459.999014	T7 promoter phi9	0.000000	0.000000	0.000000
459.999014	__gene 0.3_rbs	9.000000	0.000000	0.000000
459.999014	__gene 1.1_rbs	12.000000	0.000000	0.000000
459.999014	__gene 1.2_rbs	11.000000	0.000000	0.000000
459.999014	__gene 1.3_rbs	12.000000	0.000000	0.000000
459.999014	__gene 1.4_rbs	2.000000	0.000000	0.000000
459.999014	__gene 1.7_rbs	3.000000	0.000000	0.000000
459.999014	__gene 1.8_rbs	3.000000	0.000000	0.000000
459.999014	__gene 10A_rbs	0.000000	0.000000	0.000000
459.999014	__gene 11_rbs	0.000000	0.000000	0.000000
459.999014	__gene 12_rbs	0.000000	0.000000	0.000000
459.999014	__gene 13_rbs	0.000000	0.000000	0.000000
459.999014	__gene 14_rbs	0.000000	0.000000	0.000000
459.999014	__gene 15_rbs	0.000000	0.000000	0.000000
459.999014	__gene 16_rbs	0.000000	0.000000	0.000000
459.999014	__gene 17.5_rbs	0.000000	0.000000	0.000000
459.999014	__gene 17_rbs	0.000000	0.000000	0.000000
459.999014	__gene 18.5_rbs	0.000000	0.000000	0.000000
459.999014	__gene 18.7_rbs	0.000000	0.000000	0.000000
459.999014	__gene 18_rbs	0.000000	0.000000	0.000000
459.999014	__gene 19.2_rbs	0.000000	0.000000	0.000000
459.999014	__gene 19.3_rbs	0.000000	0.000000	0.000000
459.999014	__gene 19.5_rbs	0.000000	0.000000	0.000000
459.999014	__gene 19_rbs	0.000000	0.000000	0.000000
459.999014	__gene 2.5_rbs	5.000000	0.000000	0.000000
459.999014	__gene 2.8_rbs	5.000000	0.000000	0.000000
459.999014	__gene 3.8_rbs	5.000000	0.000000	0.000000
459.999014	__gene 3_rbs	5.000000	0.000000	0.000000
459.999014	__gene 4.2_rbs	4.000000	0.000000	0.000000
459.999014	__gene 4.3_rbs	3.000000	0.000000	0.000000
459.999014	__gene 4.5_rbs	3.000000	0.000000	0.000000
459.999014	__gene 4.7_rbs	2.000000	0.000000	0.000000
459.999014	__gene 4A_rbs	5.000000	0.000000	0.000000
459.999014	__gene 5.3_rbs	0.000000	0.000000	0.000000
459.999014	__gene 5.5_rbs	0.000000	0.000000	0.000000
459.999014	__gene 5.7_rbs	0.000000	0.000000	0.000000
459.999014	__gene 5.9_rbs	0.000000	0.000000	0.000000
459.999014	__gene 5_rbs	0.000000	0.000000	0.000000
459.999014	__gene 6.3_rbs	0.000000	0.000000	0.000000
459.999014	__gene 6.5_rbs	0.000000	0.000000	0.000000
459.999014	__gene 6.7_rbs	0.000000	0.000000	0.000000
459.999014	__gene 6_rbs	0.000000	0.000000	0.000000
459.999014	__gene 7.3_rbs	0.000000	0.000000	0.000000
459.999014	__gene 7.7_rbs	0.000000	0.000000	0.000000
459.999014	__gene 7_rbs	0.000000	0.000000	0.000000
459.999014	__gene 8_rbs	0.000000	0.000000	0.000000
459.999014	__gene 9_rbs	0.000000	0.000000	0.000000
459.999014	__gp-2_rbs	3.000000	0.000000	0.000000
459.999014	__lysozyme-3.5_rbs	5.000000	0.000000	0.000000
459.999014	__protein_kinase-0.7_rbs	9.000000	0.000000	0.000000
459.999014	__ribosome	16.000000	0.000000	0.000000
459.999014	__rnapol-1_rbs	9.000000	0.000000	0.000000
459.999014	bound_ecolipol	16.000000	0.000000	0.000000
459.999014	bound_ecolipol_p	1675.000000	0.000000	0.000000
459.999014	bound_ribosome	9883.000000	0.000000	0.000000
459.999014	degraded_transcript	10825.000000	0.000000	0.000000
459.999014	ecoli_genome	109.000000	0.000000	0.000000
459.999014	ecoli_transcript	20950.000000	0.000000	0.000000
459.999014	ecolipol	0.000000	0.000000	0.000000
459.999014	ecolipol-2	0.000000	0.000000	0.000000
459.999014	ecolipol-2-p	4.000000	0.000000	0.000000
459.999014	ecolipol-p	102.000000	0.000000	0.000000
459.999014	gene 0.3	291.000000	9.000000	0.000000
459.999014	gene 1.1	129.000000	12.000000	0.000000
459.999014	gene 1.2	162.000000	11.000000	0.000000
459.999014	gene 1.3	20.000000	12.000000	7.333333
459.999014	gene 1.4	11.000000	2.000000	0.000000
459.999014	gene 1.7	10.000000	3.000000	0.333333
459.999014	gene 1.8	13.000000	3.000000	0.000000
459.999014	gene 2.5	17.000000	5.000000	0.000000
459.999014	gene 2.8	13.000000	5.000000	0.000000
459.999014	gene 3	13.000000	5.000000	0.000000
459.999014	gene 3.8	7.000000	5.000000	0.000000
459.999014	gene 4.2	0.000000	4.000000	0.000000
459.999014	gene 4.3	1.000000	3.000000	0.000000
459.999014	gene 4.5	4.000000	3.000000	0.000000
459.999014	gene 4.7	0.000000	2.000000	0.500000
459.999014	gene 4A	9.000000	5.000000	0.200000
459.999014	gp-2	2.000000	3.000000	0.000000
459.999014	lysozyme-3.5	0.000000	5.000000	0.000000
459.999014	nonpref_charged	14505.000000	0.000000	0.000000
459.999014	nonpref_uncharged	495.000000	0.000000	0.000000
459.999014	pref_charged	34630.000000	0.000000	0.000000
459.999014	pref_uncharged	370.000000	0.000000	0.000000
459.999014	protein_kinase-0.7	270.000000	9.000000	0.333333
459.999014	rnapol-1	171.000000	9.000000	0.777778
459.999014	rnapol-3.5	9.000000	0.000000	0.000000
464.999000	E. coli B promoter	1.000000	0.000000	0.000000
464.999000	E. coli C promoter	1.000000	0.000000	0.000000
464.999000	E. coli promoter A1	1.000000	0.000000	0.000000
464.999000	E. coli promoter A2	1.000000	0.000000	0.000000
464.999000	E. coli promoter A3	1.000000	0.000000	0.000000
464.999000	T7 promoter phi1.1A	1.000000	0.000000	0.000000
464.999000	T7 promoter phi1.1B	1.000000	0.000000	0.000000
464.999000	T7 promoter phi1.3	1.000000	0.000000	0.000000
464.999000	T7 promoter phi1.5	1.000000	0.000000	0.000000
464.999000	T7 promoter phi1.6	1.000000	0.000000	0.000000
464.999000	T7 promoter phi10	0.000000	0.000000	0.000000
464.999000	T7 promoter phi13	0.000000	0.000000	0.000000
464.999000	T7 promoter phi17	0.000000	0.000000	0.000000
464.999000	T7 promoter phi2.5	1.000000	0.000000	0.000000
464.999000	T7 promoter phi3.8	1.000000	0.000000	0.000000
464.999000	T7 promoter phi4.3	1.000000	0.000000	0.000000
464.999000	T7 promoter phi4.7	0.000000	0.000000	0.000000
464.999000	T7 promoter phi4c	1.000000	0.000000	0.000000
464.999000	T7 promoter phi6.5	0.000000	0.000000	0.000000
464.999000	T7 promoter phi9	0.000000	0.000000	0.000000
464.999000	__gene 0.3_rbs	9.000000	0.000000	0.000000
464.999000	__gene 1.1_rbs	13.000000	0.000000	0.000000
464.999000	__gene 1.2_rbs	12.000000	0.000000	0.000000
464.999000	__gene 1.3_rbs	13.000000	0.000000	0.000000
464.999000	__gene 1.4_rbs	5.000000	0.000000	0.000000
464.999000	__gene 1.7_rbs	5.000000	0.000000	0.000000
464.999000	__gene 1.8_rbs	3.000000	0.000000	0.000000
464.999000	__gene 10A_rbs	0.000000	0.000000	0.000000
464.999000	__gene 11_rbs	0.000000	0.000000	0.000000
464.999000	__gene 12_rbs	0.000000	0.000000	0.000000
464.999000	__gene 13_rbs	0.000000	0.000000	0.000000
464.999000	__gene 14_rbs	0.000000	0.000000	0.000000
464.999000	__gene 15_rbs	0.000000	0.000000	0.000000
464.999000	__gene 16_rbs	0.000000	0.000000	0.000000
464.999000	__gene 17.5_rbs	0.000000	0.000000	0.000000
464.999000	__gene 17_rbs	0.000000	0.000000	0.000000
464.999000	__gene 18.5_rbs	0.000000	0.000000	0.000000
464.999000	__gene 18.7_rbs	0.000000	0.000000	0.000000
464.999000	__gene 18_rbs	0.000000	0.000000	0.000000
464.999000	__gene 19.2_rbs	0.000000	0.000000	0.000000
464.999000	__gene 19.3_rbs	0.000000	0.000000	0.000000
464.999000	__gene 19.5_rbs	0.000000	0.000000	0.000000
464.999000	__gene 19_rbs	0.000000	0.000000	0.000000
464.999000	__gene 2.5_rbs	5.000000	0.000000	0.000000
464.999000	__gene 2.8_rbs	5.000000	0.000000	0.000000
464.999000	__gene 3.8_rbs	6.000000	0.000000	0.000000
464.999000	__gene 3_rbs	5.000000	0.000000	0.000000
464.999000	__gene 4.2_rbs	5.000000	0.000000	0.000000
464.999000	__gene 4.3_rbs	5.000000	0.000000	0.000000
464.999000	__gene 4.5_rbs	5.000000	0.000000	0.000000
464.999000	__gene 4.7_rbs	4.000000	0.000000	0.000000
464.999000	__gene 4A_rbs	5.000000	0.000000	0.000000
464.999000	__gene 5.3_rbs	0.000000	0.000000	0.000000
464.999000	__gene 5.5_rbs	0.000000	0.000000	0.000000
464.999000	__gene 5.7_rbs	0.000000	0.000000	0.000000
464.999000	__gene 5.9_rbs	0.000000	0.000000	0.000000
464.999000	__gene 5_rbs	3.000000	0.000000	0.000000
464.999000	__gene 6.3_rbs	0.000000	0.000000	0.000000
464.999000	__gene 6.5_rbs	0.000000	0.000000	0.000000
464.999000	__gene 6.7_rbs	0.000000	0.000000	0.000000
464.999000	__gene 6_rbs	0.000000	0.000000	0.000000
464.999000	__gene 7.3_rbs	0.000000	0.000000	0.000000
464.999000	__gene 7.7_rbs	0.000000	0.000000	0.000000
464.999000	__gene 7_rbs	0.000000	0.000000	0.000000
464.999000	__gene 8_rbs	0.000000	0.000000	0.000000
464.999000	__gene 9_rbs	0.000000	0.000000	0.000000
464.999000	__gp-2_rbs	3.000000	0.000000	0.000000
464.999000	__lysozyme-3.5_rbs	5.000000	0.000000	0.000000
464.999000	__protein_kinase-0.7_rbs	9.000000	0.000000	0.000000
464.999000	__ribosome	9.000000	0.000000	0.000000
464.999000	__rnapol-1_rbs	9.000000	0.000000	0.000000
464.999000	bound_ecolipol	13.000000	0.000000	0.000000
464.999000	bound_ecolipol_p	1654.000000	0.000000	0.000000
464.999000	bound_ribosome	9890.000000	0.000000	0.000000
464.999000	degraded_transcript	11016.000000	0.000000	0.000000
464.999000	ecoli_genome	133.000000	0.000000	0.000000
464.999000	ecoli_transcript	21094.000000	0.000000	0.000000
464.999000	ecolipol	0.000000	0.000000	0.000000
464.999000	ecolipol-2	0.000000	0.000000	0.000000
464.999000	ecolipol-2-p	7.000000	0.000000	0.000000
464.999000	ecolipol-p	124.000000	0.000000	0.000000
464.999000	gene 0.3	297.000000	9.000000	0.000000
464.999000	gene 1.1	145.000000	13.000000	0.000000
464.999000	gene 1.2	168.000000	12.000000	0.000000
464.999000	gene 1.3	27.000000	13.000000	7.076923
464.999000	gene 1.4	14.000000	5.000000	0.000000
464.999000	gene 1.7	17.000000	5.000000	0.000000
464.999000	gene 1.8	19.000000	3.000000	0.000000
464.999000	gene 2.5	27.000000	5.000000	0.000000
464.999000	gene 2.8	17.000000	5.000000	0.000000
464.999000	gene 3	20.000000	5.000000	0.000000
464.999000	gene 3.8	10.000000	6.000000	0.000000
464.999000	gene 4.2	2.000000	5.000000	0.000000
464.999000	gene 4.3	2.000000	5.000000	0.000000
464.999000	gene 4.5	10.000000	5.000000	0.000000
464.999000	gene 4.7	4.000000	4.000000	0.000000
464.999000	gene 4A	10.000000	5.000000	0.000000
464.999000	gene 5	0.000000	3.000000	0.333333
464.999000	gp-2	2.000000	3.000000	0.000000
464.999000	lysozyme-3.5	0.000000	5.000000	0.000000
464.999000	nonpref_charged	14774.000000	0.000000	0.000000
464.999000	nonpref_uncharged	226.000000	0.000000	0.000000
464.999000	pref_charged	34852.000000	0.000000	0.000000
464.999000	pref_uncharged	148.000000	0.000000	0.000000
464.999000	protein_kinase-0.7	282.000000	9.000000	0.111111
464.999000	rnapol-1	177.000000	9.000000	0.777778
464.999000	rnapol-3.5	12.000000	0.000000	0.000000
469.999003	E. coli B promoter	1.000000	0.000000	0.000000
469.999003	E. coli C promoter	1.000000	0.000000	0.000000
469.999003	E. coli promoter A1	1.000000	0.000000	0.000000
469.999003	E. coli promoter A2	1.000000	0.000000	0.000000
469.999003	E. coli promoter A3	1.000000	0.000000	0.000000
469.999003	T7 promoter phi1.1A	1.000000	0.000000	0.000000
469.999003	T7 promoter phi1.1B	0.000000	0.000000	0.000000
469.999003	T7 promoter phi1.3	1.000000	0.000000	0.000000
469.999003	T7 promoter phi1.5	1.000000	0.000000	0.000000
469.999003	T7 promoter phi1.6	1.000000	0.000000	0.000000
469.999003	T7 promoter phi10	0.000000	0.000000	0.000000
469.999003	T7 promoter phi13	0.000000	0.000000	0.000000
469.999003	T7 promoter phi17	0.000000	0.000000	0.000000
469.999003	T7 promoter phi2.5	1.000000	0.000000	0.000000
469.999003	T7 promoter phi3.8	1.000000	0.000000	0.000000
469.999003	T7 promoter phi4.3	1.000000	0.000000	0.000000
469.999003	T7 promoter phi4.7	1.000000	0.000000	0.000000
469.999003	T7 promoter phi4c	1.000000	0.000000	0.000000
469.999003	T7 promoter phi6.5	0.000000	0.000000	0.000000
469.999003	T7 promoter phi9	0.000000	0.000000	0.000000
469.999003	__gene 0.3_rbs	9.000000	0.000000	0.000000
469.999003	__gene 1.1_rbs	13.000000	0.000000	0.000000
469.999003	__gene 1.2_rbs	13.000000	0.000000	0.000000
469.999003	__gene 1.3_rbs	13.000000	0.000000	0.000000
469.999003	__gene 1.4_rbs	6.000000	0.000000	0.000000
469.999003	__gene 1.7_rbs	7.000000	0.000000	0.000000
469.999003	__gene 1.8_rbs	7.000000	0.000000	0.000000
469.999003	__gene 10A_rbs	0.000000	0.000000	0.000000
469.999003	__gene 11_rbs	0.000000	0.000000	0.000000
469.999003	__gene 12_rbs	0.000000	0.000000	0.000000
469.999003	__gene 13_rbs	0.000000	0.000000	0.000000
469.999003	__gene 14_rbs	0.000000	0.000000	0.000000
469.999003	__gene 15_rbs	0.000000	0.000000	0.000000
469.999003	__gene 16_rbs	0.000000	0.000000	0.000000
469.999003	__gene 17.5_rbs	0.000000	0.000000	0.000000
469.999003	__gene 17_rbs	0.000000	0.000000	0.000000
469.999003	__gene 18.5_rbs	0.000000	0.000000	0.000000
469.999003	__gene 18.7_rbs	0.000000	0.000000	0.000000
469.999003	__gene 18_rbs	0.000000	0.000000	0.000000
469.999003	__gene 19.2_rbs	0.000000	0.000000	0.000000
469.999003	__gene 19.3_rbs	0.000000	0.000000	0.000000
469.999003	__gene 19.5_rbs	0.000000	0.000000	0.000000
469.999003	__gene 19_rbs	0.000000	0.000000	0.000000
469.999003	__gene 2.5_rbs	8.000000	0.000000	0.000000
469.999003	__gene 2.8_rbs	5.000000	0.000000	0.000000
469.999003	__gene 3.8_rbs	6.000000	0.000000	0.000000
469.999003	__gene 3_rbs	5.000000	0.000000	0.000000
469.999003	__gene 4.2_rbs	5.000000	0.000000	0.000000
469.999003	__gene 4.3_rbs	5.000000	0.000000	0.000000
469.999003	__gene 4.5_rbs	5.000000	0.000000	0.000000
469.999003	__gene 4.7_rbs	5.000000	0.000000	0.000000
469.999003	__gene 4A_rbs	6.000000	0.000000	0.000000
469.999003	__gene 5.3_rbs	1.000000	0.000000	0.000000
469.999003	__gene 5.5_rbs	0.000000	0.000000	0.000000
469.999003	__gene 5.7_rbs	0.000000	0.000000	0.000000
469.999003	__gene 5.9_rbs	0.000000	0.000000	0.000000
469.999003	__gene 5_rbs	5.000000	0.000000	0.000000
469.999003	__gene 6.3_rbs	0.000000	0.000000	0.000000
469.999003	__gene 6.5_rbs	0.000000	0.000000	0.000000
469.999003	__gene 6.7_rbs	0.000000	0.000000	0.000000
469.999003	__gene 6_rbs	0.000000	0.000000	0.000000
469.999003	__gene 7.3_rbs	0.000000	0.000000	0.000000
469.999003	__gene 7.7_rbs	0.000000	0.000000	0.000000
469.999003	__gene 7_rbs	0.000000	0.000000	0.000000
469.999003	__gene 8_rbs	0.000000	0.000000	0.000000
469.999003	__gene 9_rbs	0.000000	0.000000	0.000000
469.999003	__gp-2_rbs	6.000000	0.000000	0.000000
469.999003	__lysozyme-3.5_rbs	5.000000	0.000000	0.000000
469.999003	__protein_kinase-0.7_rbs	9.000000	0.000000	0.000000
469.999003	__ribosome	8.000000	0.000000	0.000000
469.999003	__rnapol-1_rbs	9.000000	0.000000	0.000000
469.999003	bound_ecolipol	10.000000	0.000000	0.000000
469.999003	bound_ecolipol_p	1666.000000	0.000000	0.000000
469.999003	bound_ribosome	9889.000000	0.000000	0.000000
469.999003	degraded_transcript	11228.000000	0.000000	0.000000
469.999003	ecoli_genome	124.000000	0.000000	0.000000
469.999003	ecoli_transcript	21239.000000	0.000000	0.000000
469.999003	ecolipol	0.000000	0.000000	0.000000
469.999003	ecolipol-2	0.000000	0.000000	0.000000
469.999003	ecolipol-2-p	11.000000	0.000000	0.000000
469.999003	ecolipol-p	111.000000	0.000000	0.000000
469.999003	gene 0.3	300.000000	9.000000	0.000000
469.999003	gene 1.1	159.000000	13.000000	0.000000
469.999003	gene 1.2	178.000000	13.000000	0.000000
469.999003	gene 1.3	29.000000	13.000000	7.076923
469.999003	gene 1.4	21.000000	6.000000	0.000000
469.999003	gene 1.7	25.000000	7.000000	0.000000
469.999003	gene 1.8	21.000000	6.000000	0.000000
469.999003	gene 2.5	32.000000	8.000000	0.000000
469.999003	gene 2.8	19.000000	5.000000	0.000000
469.999003	gene 3	25.000000	5.000000	0.000000
469.999003	gene 3.8	17.000000	6.000000	0.000000
469.999003	gene 4.2	8.000000	5.000000	0.000000
469.999003	gene 4.3	3.000000	5.000000	0.000000
469.999003	gene 4.5	15.000000	5.000000	0.000000
469.999003	gene 4.7	8.000000	5.000000	0.000000
469.999003	gene 4A	13.000000	6.000000	0.000000
469.999003	gene 5	2.000000	5.000000	1.200000
469.999003	gene 5.3	0.000000	1.000000	0.000000
469.999003	gp-2	2.000000	6.000000	0.000000
469.999003	lysozyme-3.5	0.000000	5.000000	0.000000
469.999003	nonpref_charged	14663.000000	0.000000	0.000000
469.999003	nonpref_uncharged	337.000000	0.000000	0.000000
469.999003	pref_charged	34717.000000	0.000000	0.000000
469.999003	pref_uncharged	283.000000	0.000000	0.000000
469.999003	protein_kinase-0.7	293.000000	9.000000	0.111111
469.999003	rnapol-1	187.000000	9.000000	0.444444
469.999003	rnapol-3.5	15.000000	0.000000	0.000000
474.999002	E. coli B promoter	1.000000	0.000000	0.000000
474.999002	E. coli C promoter	1.000000	0.000000	0.000000
474.999002	E. coli promoter A1	1.000000	0.000000	0.000000
474.999002	E. coli promoter A2	1.000000	0.000000	0.000000
474.999002	E. coli promoter A3	1.000000	0.000000	0.000000
474.999002	T7 promoter phi1.1A	1.000000	0.000000	0.000000
474.999002	T7 promoter phi1.1B	1.000000	0.000000	0.000000
474.999002	T7 promoter phi1.3	1.000000	0.000000	0.000000
474.999002	T7 promoter phi1.5	1.000000	0.000000	0.000000
474.999002	T7 promoter phi1.6	1.000000	0.000000	0.000000
474.999002	T7 promoter phi10	0.000000	0.000000	0.000000
474.999002	T7 promoter phi13	0.000000	0.000000	0.000000
474.999002	T7 promoter phi17	0.000000	0.000000	0.000000
474.999002	T7 promoter phi2.5	1.000000	0.000000	0.000000
474.999002	T7 promoter phi3.8	1.000000	0.000000	0.000000
474.999002	T7 promoter phi4.3	1.000000	0.000000	0.000000
474.999002	T7 promoter phi4.7	1.000000	0.000000	0.000000
474.999002	T7 promoter phi4c	1.000000	0.000000	0.000000
474.999002	T7 promoter phi6.5	0.000000	0.000000	0.000000
474.999002	T7 promoter phi9	0.000000	0.000000	0.000000
474.999002	__gene 0.3_rbs	9.000000	0.000000	0.000000
474.999002	__gene 1.1_rbs	14.000000	0.000000	0.000000
474.999002	__gene 1.2_rbs	13.000000	0.000000	0.000000
474.999002	__gene 1.3_rbs	13.000000	0.000000	0.000000
474.999002	__gene 1.4_rbs	6.000000	0.000000	0.000000
474.999002	__gene 1.7_rbs	8.000000	0.000000	0.000000
474.999002	__gene 1.8_rbs	8.000000	0.000000	0.000000
474.999002	__gene 10A_rbs	0.000000	0.000000	0.000000
474.999002	__gene 11_rbs	0.000000	0.000000	0.000000
474.999002	__gene 12_rbs	0.000000	0.000000	0.000000
474.999002	__gene 13_rbs	0.000000	0.000000	0.000000
474.999002	__gene 14_rbs	0.000000	0.000000	0.000000
474.999002	__gene 15_rbs	0.000000	0.000000	0.000000
474.999002	__gene 16_rbs	0.000000	0.000000	0.000000
474.999002	__gene 17.5_rbs	0.000000	0.000000	0.000000
474.999002	__gene 17_rbs	0.000000	0.000000	0.000000
474.999002	__gene 18.5_rbs	0.000000	0.000000	0.000000
474.999002	__gene 18.7_rbs	0.000000	0.000000	0.000000
474.999002	__gene 18_rbs	0.000000	0.000000	0.000000
474.999002	__gene 19.2_rbs	0.000000	0.000000	0.000000
474.999002	__gene 19.3_rbs	0.000000	0.000000	0.000000
474.999002	__gene 19.5_rbs	0.000000	0.000000	0.000000
474.999002	__gene 19_rbs	0.000000	0.000000	0.000000
474.999002	__gene 2.5_rbs	12.000000	0.000000	0.000000
474.999002	__gene 2.8_rbs	9.000000	0.000000	0.000000
474.999002	__gene 3.8_rbs	6.000000	0.000000	0.000000
474.999002	__gene 3_rbs	8.000000	0.000000	0.000000
474.999002	__gene 4.2_rbs	7.000000	0.000000	0.000000
474.999002	__gene 4.3_rbs	7.000000	0.000000	0.000000
474.999002	__gene 4.5_rbs	7.000000	0.000000	0.000000
474.999002	__gene 4.7_rbs	6.000000	0.000000	0.000000
474.999002	__gene 4A_rbs	6.000000	0.000000	0.000000
474.999002	__gene 5.3_rbs	4.000000	0.000000	0.000000
474.999002	__gene 5.5_rbs	3.000000	0.000000	0.000000
474.999002	__gene 5.7_rbs	3.000000	0.000000	0.000000
474.999002	__gene 5.9_rbs	2.000000	0.000000	0.000000
474.999002	__gene 5_rbs	5.000000	0.000000	0.000000
474.999002	__gene 6.3_rbs	0.000000	0.000000	0.000000
474.999002	__gene 6.5_rbs	0.000000	0.000000	0.000000
474.999002	__gene 6.7_rbs	0.000000	0.000000	0.000000
474.999002	__gene 6_rbs	2.000000	0.000000	0.000000
474.999002	__gene 7.3_rbs	0.000000	0.000000	0.000000
474.999002	__gene 7.7_rbs	0.000000	0.000000	0.000000
474.999002	__gene 7_rbs	0.000000	0.000000	0.000000
474.999002	__gene 8_rbs	0.000000	0.000000	0.000000
474.999002	__gene 9_rbs	0.000000	0.000000	0.000000
474.999002	__gp-2_rbs	8.000000	0.000000	0.000000
474.999002	__lysozyme-3.5_rbs	5.000000	0.000000	0.000000
474.999002	__protein_kinase-0.7_rbs	9.000000	0.000000	0.000000
474.999002	__ribosome	15.000000	0.000000	0.000000
474.999002	__rnapol-1_rbs	9.000000	0.000000	0.000000
474.999002	bound_ecolipol	9.000000	0.000000	0.000000
474.999002	bound_ecolipol_p	1672.000000	0.000000	0.000000
474.999002	bound_ribosome	9876.000000	0.000000	0.000000
474.999002	degraded_transcript	11453.000000	0.000000	0.000000
474.999002	ecoli_genome	119.000000	0.000000	0.000000
474.999002	ecoli_transcript	21352.000000	0.000000	0.000000
474.999002	ecolipol	0.000000	0.000000	0.000000
474.999002	ecolipol-2	0.000000	0.000000	0.000000
474.999002	ecolipol-2-p	17.000000	0.000000	0.000000
474.999002	ecolipol-p	100.000000	0.000000	0.000000
474.999002	gene 0.3	308.000000	9.000000	0.111111
474.999002	gene 1.1	175.000000	14.000000	0.000000
474.999002	gene 1.2	184.000000	13.000000	0.000000
474.999002	gene 1.3	33.000000	13.000000	7.538462
474.999002	gene 1.4	25.000000	6.000000	0.000000
474.999002	gene 1.7	29.000000	8.000000	0.000000
474.999002	gene 1.8	31.000000	8.000000	0.000000
474.999002	gene 2.5	41.000000	12.000000	0.000000
474.999002	gene 2.8	25.000000	8.000000	0.000000
474.999002	gene 3	28.000000	7.000000	0.000000
474.999002	gene 3.8	25.000000	6.000000	0.000000
474.999002	gene 4.2	13.000000	7.000000	0.000000
474.999002	gene 4.3	8.000000	7.000000	0.000000
474.999002	gene 4.5	19.000000	7.000000	0.000000
474.999002	gene 4.7	14.000000	6.000000	0.000000
474.999002	gene 4A	18.000000	6.000000	0.000000
474.999002	gene 5	8.000000	5.000000	0.800000
474.999002	gene 5.3	1.000000	4.000000	0.250000
474.999002	gene 5.5	1.000000	3.000000	0.000000
474.999002	gene 5.7	2.000000	3.000000	0.000000
474.999002	gene 5.9	0.000000	2.000000	0.000000
474.999002	gene 6	0.000000	2.000000	0.000000
474.999002	gp-2	2.000000	8.000000	0.000000
474.999002	lysozyme-3.5	0.000000	5.000000	0.000000
474.999002	nonpref_charged	14487.000000	0.000000	0.000000
474.999002	nonpref_uncharged	513.000000	0.000000	0.000000
474.999002	pref_charged	34620.000000	0.000000	0.000000
474.999002	pref_uncharged	380.000000	0.000000	0.000000
474.999002	protein_kinase-0.7	301.000000	9.000000	0.111111
474.999002	rnapol-1	182.000000	9.000000	0.444444
474.999002	rnapol-3.5	23.000000	0.000000	0.000000
479.999006	E. coli B promoter	1.000000	0.000000	0.000000
479.999006	E. coli C promoter	1.000000	0.000000	0.000000
479.999006	E. coli promoter A1	1.000000	0.000000	0.000000
479.999006	E. coli promoter A2	1.000000	0.000000	0.000000
479.999006	E. coli promoter A3	1.000000	0.000000	0.000000
479.999006	T7 promoter phi1.1A	1.000000	0.000000	0.000000
479.999006	T7 promoter phi1.1B	1.000000	0.000000	0.000000
479.999006	T7 promoter phi1.3	0.000000	0.000000	0.000000
479.999006	T7 promoter phi1.5	1.000000	0.000000	0.000000
479.999006	T7 promoter phi1.6	1.000000	0.000000	0.000000
479.999006	T7 promoter phi10	0.000000	0.000000	0.000000
479.999006	T7 promoter phi13	0.000000	0.000000	0.000000
479.999006	T7 promoter phi17	0.000000	0.000000	0.000000
479.999006	T7 promoter phi2.5	1.000000	0.000000	0.000000
479.999006	T7 promoter phi3.8	1.000000	0.000000	0.000000
479.999006	T7 promoter phi4.3	1.000000	0.000000	0.000000
479.999006	T7 promoter phi4.7	1.000000	0.000000	0.000000
479.999006	T7 promoter phi4c	1.000000	0.000000	0.000000
479.999006	T7 promoter phi6.5	1.000000	0.000000	0.000000
479.999006	T7 promoter phi9	0.000000	0.000000	0.000000
479.999006	__gene 0.3_rbs	9.000000	0.000000	0.000000
479.999006	__gene 1.1_rbs	17.000000	0.000000	0.000000
479.999006	__gene 1.2_rbs	15.000000	0.000000	0.000000
479.999006	__gene 1.3_rbs	13.000000	0.000000	0.000000
479.999006	__gene 1.4_rbs	6.000000	0.000000	0.000000
479.999006	__gene 1.7_rbs	10.000000	0.000000	0.000000
479.999006	__gene 1.8_rbs	10.000000	0.000000	0.000000
479.999006	__gene 10A_rbs	0.000000	0.000000	0.000000
479.999006	__gene 11_rbs	0.000000	0.000000	0.000000
479.999006	__gene 12_rbs	0.000000	0.000000	0.000000
479.999006	__gene 13_rbs	0.000000	0.000000	0.000000
479.999006	__gene 14_rbs	0.000000	0.000000	0.000000
479.999006	__gene 15_rbs	0.000000	0.000000	0.000000
479.999006	__gene 16_rbs	0.000000	0.000000	0.000000
479.999006	__gene 17.5_rbs	0.000000	0.000000	0.000000
479.999006	__gene 17_rbs	0.000000	0.000000	0.000000
479.999006	__gene 18.5_rbs	0.000000	0.000000	0.000000
479.999006	__gene 18.7_rbs	0.000000	0.000000	0.000000
479.999006	__gene 18_rbs	0.000000	0.000000	0.000000
479.999006	__gene 19.2_rbs	0.000000	0.000000	0.000000
479.999006	__gene 19.3_rbs	0.000000	0.000000	0.000000
479.999006	__gene 19.5_rbs	0.000000	0.000000	0.000000
479.999006	__gene 19_rbs	0.000000	0.000000	0.000000
479.999006	__gene 2.5_rbs	12.000000	0.000000	0.000000
479.999006	__gene 2.8_rbs	12.000000	0.000000	0.000000
479.999006	__gene 3.8_rbs	9.000000	0.000000	0.000000
479.999006	__gene 3_rbs	12.000000	0.000000	0.000000
479.999006	__gene 4.2_rbs	9.000000	0.000000	0.000000
479.999006	__gene 4.3_rbs	8.000000	0.000000	0.000000
479.999006	__gene 4.5_rbs	7.000000	0.000000	0.000000
479.999006	__gene 4.7_rbs	7.000000	0.000000	0.000000
479.999006	__gene 4A_rbs	9.000000	0.000000	0.000000
479.999006	__gene 5.3_rbs	5.000000	0.000000	0.000000
479.999006	__gene 5.5_rbs	5.000000	0.000000	0.000000
479.999006	__gene 5.7_rbs	5.000000	0.000000	0.000000
479.999006	__gene 5.9_rbs	5.000000	0.000000	0.000000
479.999006	__gene 5_rbs	7.000000	0.000000	0.000000
479.999006	__gene 6.3_rbs	3.000000	0.000000	0.000000
479.999006	__gene 6.5_rbs	3.000000	0.000000	0.000000
479.999006	__gene 6.7_rbs	1.000000	0.000000	0.000000
479.999006	__gene 6_rbs	4.000000	0.000000	0.000000
479.999006	__gene 7.3_rbs	0.000000	0.000000	0.000000
479.999006	__gene 7.7_rbs	0.000000	0.000000	0.000000
479.999006	__gene 7_rbs	0.000000	0.000000	0.000000
479.999006	__gene 8_rbs	0.000000	0.000000	0.000000
479.999006	__gene 9_rbs	0.000000	0.000000	0.000000
479.999006	__gp-2_rbs	10.000000	0.000000	0.000000
479.999006	__lysozyme-3.5_rbs	9.000000	0.000000	0.000000
479.999006	__protein_kinase-0.7_rbs	9.000000	0.000000	0.000000
479.999006	__ribosome	15.000000	0.000000	0.000000
479.999006	__rnapol-1_rbs	9.000000	0.000000	0.000000
479.999006	bound_ecolipol	6.000000	0.000000	0.000000
479.999006	bound_ecolipol_p	1660.000000	0.000000	0.000000
479.999006	bound_ribosome	9867.000000	0.000000	0.000000
479.999006	degraded_transcript	11629.000000	0.000000	0.000000
479.999006	ecoli_genome	134.000000	0.000000	0.000000
479.999006	ecoli_transcript	21534.000000	0.000000	0.000000
479.999006	ecolipol	0.000000	0.000000	0.000000
479.999006	ecolipol-2	0.000000	0.000000	0.000000
479.999006	ecolipol-2-p	19.000000	0.000000	0.000000
479.999006	ecolipol-p	113.000000	0.000000	0.000000
479.999006	gene 0.3	315.000000	9.000000	0.000000
479.999006	gene 1.1	189.000000	17.000000	0.000000
479.999006	gene 1.2	195.000000	15.000000	0.066667
479.999006	gene 1.3	35.000000	13.000000	8.153846
479.999006	gene 1.4	33.000000	6.000000	0.000000
479.999006	gene 1.7	39.000000	10.000000	0.000000
479.999006	gene 1.8	38.000000	9.000000	0.000000
479.999006	gene 2.5	55.000000	12.000000	0.000000
479.999006	gene 2.8	39.000000	12.000000	0.000000
479.999006	gene 3	35.000000	11.000000	0.090909
479.999006	gene 3.8	30.000000	9.000000	0.000000
479.999006	gene 4.2	28.000000	9.000000	0.111111
479.999006	gene 4.3	12.000000	8.000000	0.000000
479.999006	gene 4.5	26.000000	7.000000	0.000000
479.999006	gene 4.7	20.000000	7.000000	0.000000
479.999006	gene 4A	21.000000	9.000000	0.000000
479.999006	gene 5	24.000000	7.000000	0.428571
479.999006	gene 5.3	10.000000	5.000000	0.000000
479.999006	gene 5.5	4.000000	5.000000	0.000000
479.999006	gene 5.7	5.000000	5.000000	0.200000
479.999006	gene 5.9	4.000000	5.000000	0.000000
479.999006	gene 6	2.000000	3.000000	0.000000
479.999006	gene 6.3	0.000000	1.000000	0.000000
479.999006	gene 6.5	0.000000	3.000000	0.333333
479.999006	gene 6.7	0.000000	1.000000	0.000000
479.999006	gp-2	5.000000	10.000000	0.000000
479.999006	lysozyme-3.5	0.000000	10.000000	0.000000
479.999006	nonpref_charged	14455.000000	0.000000	0.000000
479.999006	nonpref_uncharged	545.000000	0.000000	0.000000
479.999006	pref_charged	34664.000000	0.000000	0.000000
479.999006	pref_uncharged	336.000000	0.000000	0.000000
479.999006	protein_kinase-0.7	307.000000	9.000000	0.000000
479.999006	rnapol-1	176.000000	9.000000	0.444444
479.999006	rnapol-3.5	32.000000	0.000000	0.000000
484.999002	E. coli B promoter	1.000000	0.000000	0.000000
484.999002	E. coli C promoter	1.000000	0.000000	0.000000
484.999002	E. coli promoter A1	1.000000	0.000000	0.000000
484.999002	E. coli promoter A2	1.000000	0.000000	0.000000
484.999002	E. coli promoter A3	1.000000	0.000000	0.000000
484.999002	T7 promoter phi1.1A	1.000000	0.000000	0.000000
484.999002	T7 promoter phi1.1B	1.000000	0.000000	0.000000
484.999002	T7 promoter phi1.3	1.000000	0.000000	0.000000
484.999002	T7 promoter phi1.5	1.000000	0.000000	0.000000
484.999002	T7 promoter phi1.6	1.000000	0.000000	0.000000
484.999002	T7 promoter phi10	0.000000	0.000000	0.000000
484.999002	T7 promoter phi13	0.000000	0.000000	0.000000
484.999002	T7 promoter phi17	0.000000	0.000000	0.000000
484.999002	T7 promoter phi2.5	1.000000	0.000000	0.000000
484.999002	T7 promoter phi3.8	1.000000	0.000000	0.000000
484.999002	T7 promoter phi4.3	1.000000	0.000000	0.000000
484.999002	T7 promoter phi4.7	1.000000	0.000000	0.000000
484.999002	T7 promoter phi4c	0.000000	0.000000	0.000000
484.999002	T7 promoter phi6.5	0.000000	0.000000	0.000000
484.999002	T7 promoter phi9	0.000000	0.000000	0.000000
484.999002	__gene 0.3_rbs	9.000000	0.000000	0.000000
484.999002	__gene 1.1_rbs	17.000000	0.000000	0.000000
484.999002	__gene 1.2_rbs	15.000000	0.000000	0.000000
484.999002	__gene 1.3_rbs	17.000000	0.000000	0.000000
484.999002	__gene 1.4_rbs	6.000000	0.000000	0.000000
484.999002	__gene 1.7_rbs	10.000000	0.000000	0.000000
484.999002	__gene 1.8_rbs	10.000000	0.000000	0.000000
484.999002	__gene 10A_rbs	0.000000	0.000000	0.000000
484.999002	__gene 11_rbs	0.000000	0.000000	0.000000
484.999002	__gene 12_rbs	0.000000	0.000000	0.000000
484.999002	__gene 13_rbs	0.000000	0.000000	0.000000
484.999002	__gene 14_rbs	0.000000	0.000000	0.000000
484.999002	__gene 15_rbs	0.000000	0.000000	0.000000
484.999002	__gene 16_rbs	0.000000	0.000000	0.000000
484.999002	__gene 17.5_rbs	0.000000	0.000000	0.000000
484.999002	__gene 17_rbs	0.000000	0.000000	0.000000
484.999002	__gene 18.5_rbs	0.000000	0.000000	0.000000
484.999002	__gene 18.7_rbs	0.000000	0.000000	0.000000
484.999002	__gene 18_rbs	0.000000	0.000000	0.000000
484.999002	__gene 19.2_rbs	0.000000	0.000000	0.000000
484.999002	__gene 19.3_rbs	0.000000	0.000000	0.000000
484.999002	__gene 19.5_rbs	0.000000	0.000000	0.000000
484.999002	__gene 19_rbs	0.000000	0.000000	0.000000
484.999002	__gene 2.5_rbs	14.000000	0.000000	0.000000
484.999002	__gene 2.8_rbs	14.000000	0.000000	0.000000
484.999002	__gene 3.8_rbs	13.000000	0.000000	0.000000
484.999002	__gene 3_rbs	12.000000	0.000000	0.000000
484.999002	__gene 4.2_rbs	9.000000	0.000000	0.000000
484.999002	__gene 4.3_rbs	9.000000	0.000000	0.000000
484.999002	__gene 4.5_rbs	9.000000	0.000000	0.000000
484.999002	__gene 4.7_rbs	9.000000	0.000000	0.000000
484.999002	__gene 4A_rbs	11.000000	0.000000	0.000000
484.999002	__gene 5.3_rbs	5.000000	0.000000	0.000000
484.999002	__gene 5.5_rbs	5.000000	0.000000	0.000000
484.999002	__gene 5.7_rbs	5.000000	0.000000	0.000000
484.999002	__gene 5.9_rbs	5.000000	0.000000	0.000000
484.999002	__gene 5_rbs	9.000000	0.000000	0.000000
484.999002	__gene 6.3_rbs	5.000000	0.000000	0.000000
484.999002	__gene 6.5_rbs	5.000000	0.000000	0.000000
484.999002	__gene 6.7_rbs	5.000000	0.000000	0.000000
484.999002	__gene 6_rbs	5.000000	0.000000	0.000000
484.999002	__gene 7.3_rbs	4.000000	0.000000	0.000000
484.999002	__gene 7.7_rbs	2.000000	0.000000	0.000000
484.999002	__gene 7_rbs	4.000000	0.000000	0.000000
484.999002	__gene 8_rbs	0.000000	0.000000	0.000000
484.999002	__gene 9_rbs	0.000000	0.000000	0.000000
484.999002	__gp-2_rbs	10.000000	0.000000	0.000000
484.999002	__lysozyme-3.5_rbs	12.000000	0.000000	0.000000
484.999002	__protein_kinase-0.7_rbs	9.000000	0.000000	0.000000
484.999002	__ribosome	11.000000	0.000000	0.000000
484.999002	__rnapol-1_rbs	9.000000	0.000000	0.000000
484.999002	bound_ecolipol	4.000000	0.000000	0.000000
484.999002	bound_ecolipol_p	1667.000000	0.000000	0.000000
484.999002	bound_ribosome	9851.000000	0.000000	0.000000
484.999002	degraded_transcript	11818.000000	0.000000	0.000000
484.999002	ecoli_genome	129.000000	0.000000	0.000000
484.999002	ecoli_transcript	21678.000000	0.000000	0.000000
484.999002	ecolipol	0.000000	0.000000	0.000000
484.999002	ecolipol-2	0.000000	0.000000	0.000000
484.999002	ecolipol-2-p	24.000000	0.000000	0.000000
484.999002	ecolipol-p	103.000000	0.000000	0.000000
484.999002	gene 0.3	323.000000	9.000000	0.000000
484.999002	gene 1.1	206.000000	17.000000	0.000000
484.999002	gene 1.2	209.000000	15.000000	0.066667
484.999002	gene 1.3	41.000000	17.000000	6.764706
484.999002	gene 1.4	41.000000	6.000000	0.000000
484.999002	gene 1.7	45.000000	10.000000	0.000000
484.999002	gene 1.8	51.000000	10.000000	0.000000
484.999002	gene 2.5	72.000000	14.000000	0.000000
484.999002	gene 2.8	50.000000	14.000000	0.071429
484.999002	gene 3	46.000000	12.000000	0.000000
484.999002	gene 3.8	43.000000	13.000000	0.076923
484.999002	gene 4.2	36.000000	9.000000	0.000000
484.999002	gene 4.3	23.000000	9.000000	0.000000
484.999002	gene 4.5	31.000000	9.000000	0.000000
484.999002	gene 4.7	25.000000	9.000000	0.111111
484.999002	gene 4A	25.000000	10.000000	0.400000
484.999002	gene 5	27.000000	9.000000	0.888889
484.999002	gene 5.3	11.000000	5.000000	0.000000
484.999002	gene 5.5	12.000000	5.000000	0.000000
484.999002	gene 5.7	8.000000	5.000000	0.000000
484.999002	gene 5.9	7.000000	5.000000	0.000000
484.999002	gene 6	6.000000	4.000000	0.000000
484.999002	gene 6.3	4.000000	4.000000	0.000000
484.999002	gene 6.5	5.000000	5.000000	0.000000
484.999002	gene 6.7	2.000000	5.000000	0.000000
484.999002	gene 7	0.000000	4.000000	0.000000
484.999002	gene 7.3	0.000000	4.000000	0.500000
484.999002	gene 7.7	0.000000	2.000000	0.000000
484.999002	gp-2	6.000000	10.000000	0.000000
484.999002	lysozyme-3.5	0.000000	12.000000	0.083333
484.999002	nonpref_charged	14427.000000	0.000000	0.000000
484.999002	nonpref_uncharged	573.000000	0.000000	0.000000
484.999002	pref_charged	34543.000000	0.000000	0.000000
484.999002	pref_uncharged	457.000000	0.000000	0.000000
484.999002	protein_kinase-0.7	312.000000	9.000000	0.000000
484.999002	rnapol-1	173.000000	9.000000	0.444444
484.999002	rnapol-3.5	44.000000	0.000000	0.000000
489.999000	E. coli B promoter	1.000000	0.000000	0.000000
489.999000	E. coli C promoter	1.000000	0.000000	0.000000
489.999000	E. coli promoter A1	1.000000	0.000000	0.000000
489.999000	E. coli promoter A2	1.000000	0.000000	0.000000
489.999000	E. coli promoter A3	1.000000	0.000000	0.000000
489.999000	T7 promoter phi1.1A	1.000000	0.000000	0.000000
489.999000	T7 promoter phi1.1B	1.000000	0.000000	0.000000
489.999000	T7 promoter phi1.3	1.000000	0.000000	0.000000
489.999000	T7 promoter phi1.5	1.000000	0.000000	0.000000
489.999000	T7 promoter phi1.6	1.000000	0.000000	0.000000
489.999000	T7 promoter phi10	0.000000	0.000000	0.000000
489.999000	T7 promoter phi13	0.000000	0.000000	0.000000
489.999000	T7 promoter phi17	0.000000	0.000000	0.000000
489.999000	T7 promoter phi2.5	1.000000	0.000000	0.000000
489.999000	T7 promoter phi3.8	0.000000	0.000000	0.000000
489.999000	T7 promoter phi4.3	1.000000	0.000000	0.000000
489.999000	T7 promoter phi4.7	1.000000	0.000000	0.000000
489.999000	T7 promoter phi4c	0.000000	0.000000	0.000000
489.999000	T7 promoter phi6.5	1.000000	0.000000	0.000000
489.999000	T7 promoter phi9	0.000000	0.000000	0.000000
489.999000	__gene 0.3_rbs	9.000000	0.000000	0.000000
489.999000	__gene 1.1_rbs	17.000000	0.000000	0.000000
489.999000	__gene 1.2_rbs	15.000000	0.000000	0.000000
489.999000	__gene 1.3_rbs	17.000000	0.000000	0.000000
489.999000	__gene 1.4_rbs	6.000000	0.000000	0.000000
489.999000	__gene 1.7_rbs	11.000000	0.000000	0.000000
489.999000	__gene 1.8_rbs	10.000000	0.000000	0.000000
489.999000	__gene 10A_rbs	0.000000	0.000000	0.000000
489.999000	__gene 11_rbs	0.000000	0.000000	0.000000
489.999000	__gene 12_rbs	0.000000	0.000000	0.000000
489.999000	__gene 13_rbs	0.000000	0.000000	0.000000
489.999000	__gene 14_rbs	0.000000	0.000000	0.000000
489.999000	__gene 15_rbs	0.000000	0.000000	0.000000
489.999000	__gene 16_rbs	0.000000	0.000000	0.000000
489.999000	__gene 17.5_rbs	0.000000	0.000000	0.000000
489.999000	__gene 17_rbs	0.000000	0.000000	0.000000
489.999000	__gene 18.5_rbs	0.000000	0.000000	0.000000
489.999000	__gene 18.7_rbs	0.000000	0.000000	0.000000
489.999000	__gene 18_rbs	0.000000	0.000000	0.000000
489.999000	__gene 19.2_rbs	0.000000	0.000000	0.000000
489.999000	__gene 19.3_rbs	0.000000	0.000000	0.000000
489.999000	__gene 19.5_rbs	0.000000	0.000000	0.000000
489.999000	__gene 19_rbs	0.000000	0.000000	0.000000
489.999000	__gene 2.5_rbs	14.000000	0.000000	0.000000
489.999000	__gene 2.8_rbs	14.000000	0.000000	0.000000
489.999000	__gene 3.8_rbs	14.000000	0.000000	0.000000
489.999000	__gene 3_rbs	14.000000	0.000000	0.000000
489.999000	__gene 4.2_rbs	14.000000	0.000000	0.000000
489.999000	__gene 4.3_rbs	13.000000	0.000000	0.000000
489.999000	__gene 4.5_rbs	12.000000	0.000000	0.000000
489.999000	__gene 4.7_rbs	11.000000	0.000000	0.000000
489.999000	__gene 4A_rbs	13.000000	0.000000	0.000000
489.999000	__gene 5.3_rbs	7.000000	0.000000	0.000000
489.999000	__gene 5.5_rbs	7.000000	0.000000	0.000000
489.999000	__gene 5.7_rbs	6.000000	0.000000	0.000000
489.999000	__gene 5.9_rbs	6.000000	0.000000	0.000000
489.999000	__gene 5_rbs	9.000000	0.000000	0.000000
489.999000	__gene 6.3_rbs	5.000000	0.000000	0.000000
489.999000	__gene 6.5_rbs	8.000000	0.000000	0.000000
489.999000	__gene 6.7_rbs	8.000000	0.000000	0.000000
489.999000	__gene 6_rbs	5.000000	0.000000	0.000000
489.999000	__gene 7.3_rbs	6.000000	0.000000	0.000000
489.999000	__gene 7.7_rbs	5.000000	0.000000	0.000000
489.999000	__gene 7_rbs	7.000000	0.000000	0.000000
489.999000	__gene 8_rbs	4.000000	0.000000	0.000000
489.999000	__gene 9_rbs	0.000000	0.000000	0.000000
489.999000	__gp-2_rbs	10.000000	0.000000	0.000000
489.999000	__lysozyme-3.5_rbs	14.000000	0.000000	0.000000
489.999000	__protein_kinase-0.7_rbs	9.000000	0.000000	0.000000
489.999000	__ribosome	25.000000	0.000000	0.000000
489.999000	__rnapol-1_rbs	9.000000	0.000000	0.000000
489.999000	bound_ecolipol	3.000000	0.000000	0.000000
489.999000	bound_ecolipol_p	1664.000000	0.000000	0.000000
489.999000	bound_ribosome	9827.000000	0.000000	0.000000
489.999000	degraded_transcript	12023.000000	0.000000	0.000000
489.999000	ecoli_genome	133.000000	0.000000	0.000000
489.999000	ecoli_transcript	21818.000000	0.000000	0.000000
489.999000	ecolipol	0.000000	0.000000	0.000000
489.999000	ecolipol-2	0.000000	0.000000	0.000000
489.999000	ecolipol-2-p	34.000000	0.000000	0.000000
489.999000	ecolipol-p	97.000000	0.000000	0.000000
489.999000	gene 0.3	332.000000	9.000000	0.111111
489.999000	gene 1.1	224.000000	17.000000	0.000000
489.999000	gene 1.2	220.000000	15.000000	0.066667
489.999000	gene 1.3	45.000000	17.000000	7.470588
489.999000	gene 1.4	48.000000	6.000000	0.000000
489.999000	gene 1.7	57.000000	11.000000	0.000000
489.999000	gene 1.8	58.000000	10.000000	0.000000
489.999000	gene 2.5	91.000000	14.000000	0.000000
489.999000	gene 2.8	66.000000	14.000000	0.071429
489.999000	gene 3	59.000000	13.000000	0.000000
489.999000	gene 3.8	50.000000	14.000000	0.000000
489.999000	gene 4.2	47.000000	14.000000	0.000000
489.999000	gene 4.3	29.000000	13.000000	0.000000
489.999000	gene 4.5	40.000000	12.000000	0.000000
489.999000	gene 4.7	33.000000	11.000000	0.000000
489.999000	gene 4A	36.000000	13.000000	0.538462
489.999000	gene 5	40.000000	9.000000	0.222222
489.999000	gene 5.3	22.000000	7.000000	0.000000
489.999000	gene 5.5	19.000000	7.000000	0.000000
489.999000	gene 5.7	13.000000	6.000000	0.000000
489.999000	gene 5.9	10.000000	6.000000	0.000000
489.999000	gene 6	10.000000	4.000000	0.000000
489.999000	gene 6.3	8.000000	5.000000	0.000000
489.999000	gene 6.5	11.000000	8.000000	0.000000
489.999000	gene 6.7	5.000000	8.000000	0.000000
489.999000	gene 7	9.000000	7.000000	0.142857
489.999000	gene 7.3	9.000000	6.000000	0.166667
489.999000	gene 7.7	2.000000	5.000000	0.000000
489.999000	gene 8	0.000000	4.000000	0.250000
489.999000	gp-2	8.000000	10.000000	0.000000
489.999000	lysozyme-3.5	1.000000	14.000000	0.071429
489.999000	nonpref_charged	14095.000000	0.000000	0.000000
489.999000	nonpref_uncharged	905.000000	0.000000	0.000000
489.999000	pref_charged	34327.000000	0.000000	0.000000
489.999000	pref_uncharged	673.000000	0.000000	0.000000
489.999000	protein_kinase-0.7	318.000000	9.000000	0.111111
489.999000	rnapol-1	169.000000	9.000000	0.444444
489.999000	rnapol-3.5	56.000000	0.000000	0.000000
494.999002	E. coli B promoter	1.000000	0.000000	0.000000
494.999002	E. coli C promoter	1.000000	0.000000	0.000000
494.999002	E. coli promoter A1	1.000000	0.000000	0.000000
494.999002	E. coli promoter A2	1.000000	0.000000	0.000000
494.999002	E. coli promoter A3	1.000000	0.000000	0.000000
494.999002	T7 promoter phi1.1A	1.000000	0.000000	0.000000
494.999002	T7 promoter phi1.1B	1.000000	0.000000	0.000000
494.999002	T7 promoter phi1.3	0.000000	0.000000	0.000000
494.999002	T7 promoter phi1.5	1.000000	0.000000	0.000000
494.999002	T7 promoter phi1.6	1.000000	0.000000	0.000000
494.999002	T7 promoter phi10	0.000000	0.000000	0.000000
494.999002	T7 promoter phi13	0.000000	0.000000	0.000000
494.999002	T7 promoter phi17	0.000000	0.000000	0.000000
494.999002	T7 promoter phi2.5	1.000000	0.000000	0.000000
494.999002	T7 promoter phi3.8	1.000000	0.000000	0.000000
494.999002	T7 promoter phi4.3	1.000000	0.000000	0.000000
494.999002	T7 promoter phi4.7	1.000000	0.000000	0.000000
494.999002	T7 promoter phi4c	1.000000	0.000000	0.000000
494.999002	T7 promoter phi6.5	1.000000	0.000000	0.000000
494.999002	T7 promoter phi9	0.000000	0.000000	0.000000
494.999002	__gene 0.3_rbs	8.000000	0.000000	0.000000
494.999002	__gene 1.1_rbs	19.000000	0.000000	0.000000
494.999002	__gene 1.2_rbs	15.000000	0.000000	0.000000
494.999002	__gene 1.3_rbs	18.000000	0.000000	0.000000
494.999002	__gene 1.4_rbs	6.000000	0.000000	0.000000
494.999002	__gene 1.7_rbs	13.000000	0.000000	0.000000
494.999002	__gene 1.8_rbs	11.000000	0.000000	0.000000
494.999002	__gene 10A_rbs	0.000000	0.000000	0.000000
494.999002	__gene 11_rbs	0.000000	0.000000	0.000000
494.999002	__gene 12_rbs	0.000000	0.000000	0.000000
494.999002	__gene 13_rbs	0.000000	0.000000	0.000000
494.999002	__gene 14_rbs	0.000000	0.000000	0.000000
494.999002	__gene 15_rbs	0.000000	0.000000	0.000000
494.999002	__gene 16_rbs	0.000000	0.000000	0.000000
494.999002	__gene 17.5_rbs	0.000000	0.000000	0.000000
494.999002	__gene 17_rbs	0.000000	0.000000	0.000000
494.999002	__gene 18.5_rbs	0.000000	0.000000	0.000000
494.999002	__gene 18.7_rbs	0.000000	0.000000	0.000000
494.999002	__gene 18_rbs	0.000000	0.000000	0.000000
494.999002	__gene 19.2_rbs	0.000000	0.000000	0.000000
494.999002	__gene 19.3_rbs	0.000000	0.000000	0.000000
494.999002	__gene 19.5_rbs	0.000000	0.000000	0.000000
494.999002	__gene 19_rbs	0.000000	0.000000	0.000000
494.999002	__gene 2.5_rbs	16.000000	0.000000	0.000000
494.999002	__gene 2.8_rbs	14.000000	0.000000	0.000000
494.999002	__gene 3.8_rbs	16.000000	0.000000	0.000000
494.999002	__gene 3_rbs	14.000000	0.000000	0.000000
494.999002	__gene 4.2_rbs	16.000000	0.000000	0.000000
494.999002	__gene 4.3_rbs	16.000000	0.000000	0.000000
494.999002	__gene 4.5_rbs	16.000000	0.000000	0.000000
494.999002	__gene 4.7_rbs	14.000000	0.000000	0.000000
494.999002	__gene 4A_rbs	16.000000	0.000000	0.000000
494.999002	__gene 5.3_rbs	9.000000	0.000000	0.000000
494.999002	__gene 5.5_rbs	8.000000	0.000000	0.000000
494.999002	__gene 5.7_rbs	7.000000	0.000000	0.000000
494.999002	__gene 5.9_rbs	7.000000	0.000000	0.000000
494.999002	__gene 5_rbs	13.000000	0.000000	0.000000
494.999002	__gene 6.3_rbs	6.000000	0.000000	0.000000
494.999002	__gene 6.5_rbs	10.000000	0.000000	0.000000
494.999002	__gene 6.7_rbs	9.000000	0.000000	0.000000
494.999002	__gene 6_rbs	6.000000	0.000000	0.000000
494.999002	__gene 7.3_rbs	8.000000	0.000000	0.000000
494.999002	__gene 7.7_rbs	8.000000	0.000000	0.000000
494.999002	__gene 7_rbs	8.000000	0.000000	0.000000
494.999002	__gene 8_rbs	7.000000	0.000000	0.000000
494.999002	__gene 9_rbs	4.000000	0.000000	0.000000
494.999002	__gp-2_rbs	11.000000	0.000000	0.000000
494.999002	__lysozyme-3.5_rbs	14.000000	0.000000	0.000000
494.999002	__protein_kinase-0.7_rbs	9.000000	0.000000	0.000000
494.999002	__ribosome	17.000000	0.000000	0.000000
494.999002	__rnapol-1_rbs	9.000000	0.000000	0.000000
494.999002	bound_ecolipol	2.000000	0.000000	0.000000
494.999002	bound_ecolipol_p	1646.000000	0.000000	0.000000
494.999002	bound_ribosome	9822.000000	0.000000	0.000000
494.999002	degraded_transcript	12230.000000	0.000000	0.000000
494.999002	ecoli_genome	152.000000	0.000000	0.000000
494.999002	ecoli_transcript	21947.000000	0.000000	0.000000
494.999002	ecolipol	0.000000	0.000000	0.000000
494.999002	ecolipol-2	0.000000	0.000000	0.000000
494.999002	ecolipol-2-p	37.000000	0.000000	0.000000
494.999002	ecolipol-p	113.000000	0.000000	0.000000
494.999002	gene 0.3	340.000000	9.000000	0.222222
494.999002	gene 1.1	244.000000	19.000000	0.000000
494.999002	gene 1.2	235.000000	15.000000	0.066667
494.999002	gene 1.3	51.000000	18.000000	7.777778
494.999002	gene 1.4	53.000000	6.000000	0.000000
494.999002	gene 1.7	64.000000	13.000000	0.076923
494.999002	gene 1.8	67.000000	11.000000	0.000000
494.999002	gene 2.5	101.000000	16.000000	0.062500
494.999002	gene 2.8	76.000000	14.000000	0.000000
494.999002	gene 3	73.000000	14.000000	0.000000
494.999002	gene 3.8	68.000000	16.000000	0.000000
494.999002	gene 4.2	55.000000	16.000000	0.000000
494.999002	gene 4.3	38.000000	16.000000	0.000000
494.999002	gene 4.5	50.000000	16.000000	0.000000
494.999002	gene 4.7	40.000000	14.000000	0.071429
494.999002	gene 4A	54.000000	16.000000	0.187500
494.999002	gene 5	52.000000	13.000000	0.076923
494.999002	gene 5.3	28.000000	9.000000	0.000000
494.999002	gene 5.5	28.000000	8.000000	0.125000
494.999002	gene 5.7	19.000000	7.000000	0.000000
494.999002	gene 5.9	22.000000	7.000000	0.142857
494.999002	gene 6	14.000000	7.000000	0.000000
494.999002	gene 6.3	16.000000	5.000000	0.000000
494.999002	gene 6.5	20.000000	10.000000	0.000000
494.999002	gene 6.7	10.000000	9.000000	0.000000
494.999002	gene 7	12.000000	8.000000	0.000000
494.999002	gene 7.3	17.000000	8.000000	0.000000
494.999002	gene 7.7	14.000000	8.000000	0.000000
494.999002	gene 8	6.000000	6.000000	0.500000
494.999002	gene 9	0.000000	4.000000	0.000000
494.999002	gp-2	11.000000	11.000000	0.000000
494.999002	lysozyme-3.5	0.000000	14.000000	0.000000
494.999002	nonpref_charged	13934.000000	0.000000	0.000000
494.999002	nonpref_uncharged	1066.000000	0.000000	0.000000
494.999002	pref_charged	34135.000000	0.000000	0.000000
494.999002	pref_uncharged	865.000000	0.000000	0.000000
494.999002	protein_kinase-0.7	326.000000	9.000000	0.000000
494.999002	rnapol-1	162.000000	9.000000	0.666667
494.999002	rnapol-3.5	65.000000	0.000000	0.000000
499.999002	E. coli B promoter	1.000000	0.000000	0.000000
499.999002	E. coli C promoter	1.000000	0.000000	0.000000
499.999002	E. coli promoter A1	1.000000	0.000000	0.000000
499.999002	E. coli promoter A2	1.000000	0.000000	0.000000
499.999002	E. coli promoter A3	1.000000	0.000000	0.000000
499.999002	T7 promoter phi1.1A	1.000000	0.000000	0.000000
499.999002	T7 promoter phi1.1B	1.000000	0.000000	0.000000
499.999002	T7 promoter phi1.3	1.000000	0.000000	0.000000
499.999002	T7 promoter phi1.5	1.000000	0.000000	0.000000
499.999002	T7 promoter phi1.6	1.000000	0.000000	0.000000
499.999002	T7 promoter phi10	0.000000	0.000000	0.000000
499.999002	T7 promoter phi13	0.000000	0.000000	0.000000
499.999002	T7 promoter phi17	0.000000	0.000000	0.000000
499.999002	T7 promoter phi2.5	1.000000	0.000000	0.000000
499.999002	T7 promoter phi3.8	1.000000	0.000000	0.000000
499.999002	T7 promoter phi4.3	1.000000	0.000000	0.000000
499.999002	T7 promoter phi4.7	1.000000	0.000000	0.000000
499.999002	T7 promoter phi4c	1.000000	0.000000	0.000000
499.999002	T7 promoter phi6.5	1.000000	0.000000	0.000000
499.999002	T7 promoter phi9	1.000000	0.000000	0.000000
499.999002	__gene 0.3_rbs	9.000000	0.000000	0.000000
499.999002	__gene 1.1_rbs	21.000000	0.000000	0.000000
499.999002	__gene 1.2_rbs	17.000000	0.000000	0.000000
499.999002	__gene 1.3_rbs	20.000000	0.000000	0.000000
499.999002	__gene 1.4_rbs	6.000000	0.000000	0.000000
499.999002	__gene 1.7_rbs	13.000000	0.000000	0.000000
499.999002	__gene 1.8_rbs	12.000000	0.000000	0.000000
499.999002	__gene 10A_rbs	12.000000	0.000000	0.000000
499.999002	__gene 11_rbs	0.000000	0.000000	0.000000
499.999002	__gene 12_rbs	0.000000	0.000000	0.000000
499.999002	__gene 13_rbs	0.000000	0.000000	0.000000
499.999002	__gene 14_rbs	0.000000	0.000000	0.000000
499.999002	__gene 15_rbs	0.000000	0.000000	0.000000
499.999002	__gene 16_rbs	0.000000	0.000000	0.000000
499.999002	__gene 17.5_rbs	0.000000	0.000000	0.000000
499.999002	__gene 17_rbs	0.000000	0.000000	0.000000
499.999002	__gene 18.5_rbs	0.000000	0.000000	0.000000
499.999002	__gene 18.7_rbs	0.000000	0.000000	0.000000
499.999002	__gene 18_rbs	0.000000	0.000000	0.000000
499.999002	__gene 19.2_rbs	0.000000	0.000000	0.000000
499.999002	__gene 19.3_rbs	0.000000	0.000000	0.000000
499.999002	__gene 19.5_rbs	0.000000	0.000000	0.000000
499.999002	__gene 19_rbs	0.000000	0.000000	0.000000
499.999002	__gene 2.5_rbs	18.000000	0.000000	0.000000
499.999002	__gene 2.8_rbs	16.000000	0.000000	0.000000
499.999002	__gene 3.8_rbs	16.000000	0.000000	0.000000
499.999002	__gene 3_rbs	16.000000	0.000000	0.000000
499.999002	__gene 4.2_rbs	18.000000	0.000000	0.000000
499.999002	__gene 4.3_rbs	18.000000	0.000000	0.000000
499.999002	__gene 4.5_rbs	17.000000	0.000000	0.000000
499.999002	__gene 4.7_rbs	16.000000	0.000000	0.000000
499.999002	__gene 4A_rbs	16.000000	0.000000	0.000000
499.999002	__gene 5.3_rbs	10.000000	0.000000	0.000000
499.999002	__gene 5.5_rbs	9.000000	0.000000	0.000000
499.999002	__gene 5.7_rbs	9.000000	0.000000	0.000000
499.999002	__gene 5.9_rbs	9.000000	0.000000	0.000000
499.999002	__gene 5_rbs	16.000000	0.000000	0.000000
499.999002	__gene 6.3_rbs	7.000000	0.000000	0.000000
499.999002	__gene 6.5_rbs	15.000000	0.000000	0.000000
499.999002	__gene 6.7_rbs	14.000000	0.000000	0.000000
499.999002	__gene 6_rbs	9.000000	0.000000	0.000000
499.999002	__gene 7.3_rbs	10.000000	0.000000	0.000000
499.999002	__gene 7.7_rbs	9.000000	0.000000	0.000000
499.999002	__gene 7_rbs	13.000000	0.000000	0.000000
499.999002	__gene 8_rbs	8.000000	0.000000	0.000000
499.999002	__gene 9_rbs	11.000000	0.000000	0.000000
499.999002	__gp-2_rbs	13.000000	0.000000	0.000000
499.999002	__lysozyme-3.5_rbs	13.000000	0.000000	0.000000
499.999002	__protein_kinase-0.7_rbs	9.000000	0.000000	0.000000
499.999002	__ribosome	9.000000	0.000000	0.000000
499.999002	__rnapol-1_rbs	9.000000	0.000000	0.000000
499.999002	bound_ecolipol	2.000000	0.000000	0.000000
499.999002	bound_ecolipol_p	1656.000000	0.000000	0.000000
499.999002	bound_ribosome	9815.000000	0.000000	0.000000
499.999002	degraded_transcript	12454.000000	0.000000	0.000000
499.999002	ecoli_genome	142.000000	0.000000	0.000000
499.999002	ecoli_transcript	22054.000000	0.000000	0.000000
499.999002	ecolipol	0.000000	0.000000	0.000000
499.999002	ecolipol-2	0.000000	0.000000	0.000000
499.999002	ecolipol-2-p	50.000000	0.000000	0.000000
499.999002	ecolipol-p	90.000000	0.000000	0.000000
499.999002	gene 0.3	351.000000	9.000000	0.000000
499.999002	gene 1.1	264.000000	21.000000	0.000000
499.999002	gene 1.2	256.000000	17.000000	0.000000
499.999002	gene 1.3	53.000000	20.000000	7.550000
499.999002	gene 1.4	64.000000	6.000000	0.000000
499.999002	gene 1.7	70.000000	13.000000	0.076923
499.999002	gene 1.8	81.000000	12.000000	0.000000
499.999002	gene 10A	0.000000	12.000000	0.083333
499.999002	gene 2.5	116.000000	18.000000	0.055556
499.999002	gene 2.8	94.000000	16.000000	0.000000
499.999002	gene 3	83.000000	16.000000	0.125000
499.999002	gene 3.8	81.000000	16.000000	0.000000
499.999002	gene 4.2	70.000000	18.000000	0.000000
499.999002	gene 4.3	51.000000	18.000000	0.000000
499.999002	gene 4.5	58.000000	17.000000	0.058824
499.999002	gene 4.7	53.000000	16.000000	0.000000
499.999002	gene 4A	69.000000	16.000000	0.125000
499.999002	gene 5	61.000000	16.000000	0.312500
499.999002	gene 5.3	35.000000	10.000000	0.000000
499.999002	gene 5.5	33.000000	9.000000	0.000000
499.999002	gene 5.7	27.000000	9.000000	0.000000
499.999002	gene 5.9	33.000000	9.000000	0.000000
499.999002	gene 6	21.000000	9.000000	0.111111
499.999002	gene 6.3	18.000000	6.000000	0.000000
499.999002	gene 6.5	31.000000	15.000000	0.000000
499.999002	gene 6.7	18.000000	14.000000	0.142857
499.999002	gene 7	22.000000	13.000000	0.000000
499.999002	gene 7.3	24.000000	10.000000	0.000000
499.999002	gene 7.7	17.000000	9.000000	0.000000
499.999002	gene 8	15.000000	7.000000	0.000000
499.999002	gene 9	4.000000	11.000000	0.000000
499.999002	gp-2	4.000000	13.000000	0.000000
499.999002	lysozyme-3.5	0.000000	14.000000	0.071429
499.999002	nonpref_charged	14163.000000	0.000000	0.000000
499.999002	nonpref_uncharged	837.000000	0.000000	0.000000
499.999002	pref_charged	34318.000000	0.000000	0.000000
499.999002	pref_uncharged	682.000000	0.000000	0.000000
499.999002	protein_kinase-0.7	337.000000	9.000000	0.000000
499.999002	rnapol-1	145.000000	9.000000	0.888889
499.999002	rnapol-3.5	68.000000	0.000000	0.000000
504.999001	E. coli B promoter	1.000000	0.000000	0.000000
504.999001	E. coli C promoter	1.000000	0.000000	0.000000
504.999001	E. coli promoter A1	1.000000	0.000000	0.000000
504.999001	E. coli promoter A2	1.000000	0.000000	0.000000
504.999001	E. coli promoter A3	1.000000	0.000000	0.000000
504.999001	T7 promoter phi1.1A	1.000000	0.000000	0.000000
504.999001	T7 promoter phi1.1B	1.000000	0.000000	0.000000
504.999001	T7 promoter phi1.3	1.000000	0.000000	0.000000
504.999001	T7 promoter phi1.5	1.000000	0.000000	0.000000
504.999001	T7 promoter phi1.6	1.000000	0.000000	0.000000
504.999001	T7 promoter phi10	0.000000	0.000000	0.000000
504.999001	T7 promoter phi13	0.000000	0.000000	0.000000
504.999001	T7 promoter phi17	0.000000	0.000000	0.000000
504.999001	T7 promoter phi2.5	1.000000	0.000000	0.000000
504.999001	T7 promoter phi3.8	1.000000	0.000000	0.000000
504.999001	T7 promoter phi4.3	1.000000	0.000000	0.000000
504.999001	T7 promoter phi4.7	0.000000	0.000000	0.000000
504.999001	T7 promoter phi4c	1.000000	0.000000	0.000000
504.999001	T7 promoter phi6.5	1.000000	0.000000	0.000000
504.999001	T7 promoter phi9	1.000000	0.000000	0.000000
504.999001	__gene 0.3_rbs	9.000000	0.000000	0.000000
504.999001	__gene 1.1_rbs	22.000000	0.000000	0.000000
504.999001	__gene 1.2_rbs	17.000000	0.000000	0.000000
504.999001	__gene 1.3_rbs	22.000000	0.000000	0.000000
504.999001	__gene 1.4_rbs	8.000000	0.000000	0.000000
504.999001	__gene 1.7_rbs	14.000000	0.000000	0.000000
504.999001	__gene 1.8_rbs	14.000000	0.000000	0.000000
504.999001	__gene 10A_rbs	29.000000	0.000000	0.000000
504.999001	__gene 11_rbs	0.000000	0.000000	0.000000
504.999001	__gene 12_rbs	0.000000	0.000000	0.000000
504.999001	__gene 13_rbs	0.000000	0.000000	0.000000
504.999001	__gene 14_rbs	0.000000	0.000000	0.000000
504.999001	__gene 15_rbs	0.000000	0.000000	0.000000
504.999001	__gene 16_rbs	0.000000	0.000000	0.000000
504.999001	__gene 17.5_rbs	0.000000	0.000000	0.000000
504.999001	__gene 17_rbs	0.000000	0.000000	0.000000
504.999001	__gene 18.5_rbs	0.000000	0.000000	0.000000
504.999001	__gene 18.7_rbs	0.000000	0.000000	0.000000
504.999001	__gene 18_rbs	0.000000	0.000000	0.000000
504.999001	__gene 19.2_rbs	0.000000	0.000000	0.000000
504.999001	__gene 19.3_rbs	0.000000	0.000000	0.000000
504.999001	__gene 19.5_rbs	0.000000	0.000000	0.000000
504.999001	__gene 19_rbs	0.000000	0.000000	0.000000
504.999001	__gene 2.5_rbs	18.000000	0.000000	0.000000
504.999001	__gene 2.8_rbs	18.000000	0.000000	0.000000
504.999001	__gene 3.8_rbs	18.000000	0.000000	0.000000
504.999001	__gene 3_rbs	18.000000	0.000000	0.000000
504.999001	__gene 4.2_rbs	19.000000	0.000000	0.000000
504.999001	__gene 4.3_rbs	19.000000	0.000000	0.000000
504.999001	__gene 4.5_rbs	20.000000	0.000000	0.000000
504.999001	__gene 4.7_rbs	19.000000	0.000000	0.000000
504.999001	__gene 4A_rbs	17.000000	0.000000	0.000000
504.999001	__gene 5.3_rbs	13.000000	0.000000	0.000000
504.999001	__gene 5.5_rbs	13.000000	0.000000	0.000000
504.999001	__gene 5.7_rbs	12.000000	0.000000	0.000000
504.999001	__gene 5.9_rbs	11.000000	0.000000	0.000000
504.999001	__gene 5_rbs	18.000000	0.000000	0.000000
504.999001	__gene 6.3_rbs	9.000000	0.000000	0.000000
504.999001	__gene 6.5_rbs	18.000000	0.000000	0.000000
504.999001	__gene 6.7_rbs	18.000000	0.000000	0.000000
504.999001	__gene 6_rbs	11.000000	0.000000	0.000000
504.999001	__gene 7.3_rbs	15.000000	0.000000	0.000000
504.999001	__gene 7.7_rbs	13.000000	0.000000	0.000000
504.999001	__gene 7_rbs	16.000000	0.000000	0.000000
504.999001	__gene 8_rbs	13.000000	0.000000	0.000000
504.999001	__gene 9_rbs	17.000000	0.000000	0.000000
504.999001	__gp-2_rbs	14.000000	0.000000	0.000000
504.999001	__lysozyme-3.5_rbs	17.000000	0.000000	0.000000
504.999001	__protein_kinase-0.7_rbs	9.000000	0.000000	0.000000
504.999001	__ribosome	15.000000	0.000000	0.000000
504.999001	__rnapol-1_rbs	9.000000	0.000000	0.000000
504.999001	bound_ecolipol	2.000000	0.000000	0.000000
504.999001	bound_ecolipol_p	1657.000000	0.000000	0.000000
504.999001	bound_ribosome	9795.000000	0.000000	0.000000
504.999001	degraded_transcript	12654.000000	0.000000	0.000000
504.999001	ecoli_genome	141.000000	0.000000	0.000000
504.999001	ecoli_transcript	22205.000000	0.000000	0.000000
504.999001	ecolipol	0.000000	0.000000	0.000000
504.999001	ecolipol-2	0.000000	0.000000	0.000000
504.999001	ecolipol-2-p	48.000000	0.000000	0.000000
504.999001	ecolipol-p	92.000000	0.000000	0.000000
504.999001	gene 0.3	356.000000	9.000000	0.000000
504.999001	gene 1.1	274.000000	22.000000	0.000000
504.999001	gene 1.2	277.000000	17.000000	0.000000
504.999001	gene 1.3	70.000000	22.000000	7.181818
504.999001	gene 1.4	68.000000	8.000000	0.000000
504.999001	gene 1.7	92.000000	14.000000	0.000000
504.999001	gene 1.8	92.000000	13.000000	0.000000
504.999001	gene 10A	14.000000	29.000000	0.137931
504.999001	gene 2.5	132.000000	18.000000	0.111111
504.999001	gene 2.8	106.000000	18.000000	0.000000
504.999001	gene 3	98.000000	17.000000	0.058824
504.999001	gene 3.8	97.000000	18.000000	0.000000
504.999001	gene 4.2	91.000000	19.000000	0.000000
504.999001	gene 4.3	70.000000	19.000000	0.000000
504.999001	gene 4.5	74.000000	20.000000	0.000000
504.999001	gene 4.7	60.000000	19.000000	0.000000
504.999001	gene 4A	90.000000	16.000000	0.062500
504.999001	gene 5	71.000000	18.000000	0.444444
504.999001	gene 5.3	41.000000	13.000000	0.000000
504.999001	gene 5.5	45.000000	13.000000	0.000000
504.999001	gene 5.7	39.000000	12.000000	0.000000
504.999001	gene 5.9	42.000000	11.000000	0.000000
504.999001	gene 6	29.000000	11.000000	0.090909
504.999001	gene 6.3	28.000000	9.000000	0.000000
504.999001	gene 6.5	51.000000	18.000000	0.000000
504.999001	gene 6.7	32.000000	18.000000	0.000000
504.999001	gene 7	34.000000	16.000000	0.062500
504.999001	gene 7.3	34.000000	15.000000	0.000000
504.999001	gene 7.7	31.000000	14.000000	0.071429
504.999001	gene 8	19.000000	10.000000	0.100000
504.999001	gene 9	18.000000	17.000000	0.176471
504.999001	gp-2	17.000000	14.000000	0.000000
504.999001	lysozyme-3.5	0.000000	17.000000	0.000000
504.999001	nonpref_charged	14037.000000	0.000000	0.000000
504.999001	nonpref_uncharged	963.000000	0.000000	0.000000
504.999001	pref_charged	34049.000000	0.000000	0.000000
504.999001	pref_uncharged	951.000000	0.000000	0.000000
504.999001	protein_kinase-0.7	342.000000	9.000000	0.111111
504.999001	rnapol-1	131.000000	9.000000	0.888889
504.999001	rnapol-3.5	79.000000	0.000000	0.000000
509.999000	E. coli B promoter	1.000000	0.000000	0.000000
509.999000	E. coli C promoter	1.000000	0.000000	0.000000
509.999000	E. coli promoter A1	1.000000	0.000000	0.000000
509.999000	E. coli promoter A2	1.000000	0.000000	0.000000
509.999000	E. coli promoter A3	1.000000	0.000000	0.000000
509.999000	T7 promoter phi1.1A	1.000000	0.000000	0.000000
509.999000	T7 promoter phi1.1B	1.000000	0.000000	0.000000
509.999000	T7 promoter phi1.3	1.000000	0.000000	0.000000
509.999000	T7 promoter phi1.5	1.000000	0.000000	0.000000
509.999000	T7 promoter phi1.6	0.000000	0.000000	0.000000
509.999000	T7 promoter phi10	0.000000	0.000000	0.000000
509.999000	T7 promoter phi13	0.000000	0.000000	0.000000
509.999000	T7 promoter phi17	0.000000	0.000000	0.000000
509.999000	T7 promoter phi2.5	1.000000	0.000000	0.000000
509.999000	T7 promoter phi3.8	1.000000	0.000000	0.000000
509.999000	T7 promoter phi4.3	1.000000	0.000000	0.000000
509.999000	T7 promoter phi4.7	1.000000	0.000000	0.000000
509.999000	T7 promoter phi4c	0.000000	0.000000	0.000000
509.999000	T7 promoter phi6.5	1.000000	0.000000	0.000000
509.999000	T7 promoter phi9	1.000000	0.000000	0.000000
509.999000	__gene 0.3_rbs	9.000000	0.000000	0.000000
509.999000	__gene 1.1_rbs	22.000000	0.000000	0.000000
509.999000	__gene 1.2_rbs	17.000000	0.000000	0.000000
509.999000	__gene 1.3_rbs	22.000000	0.000000	0.000000
509.999000	__gene 1.4_rbs	14.000000	0.000000	0.000000
509.999000	__gene 1.7_rbs	21.000000	0.000000	0.000000
509.999000	__gene 1.8_rbs	14.000000	0.000000	0.000000
509.999000	__gene 10A_rbs	43.000000	0.000000	0.000000
509.999000	__gene 11_rbs	5.000000	0.000000	0.000000
509.999000	__gene 12_rbs	0.000000	0.000000	0.000000
509.999000	__gene 13_rbs	0.000000	0.000000	0.000000
509.999000	__gene 14_rbs	0.000000	0.000000	0.000000
509.999000	__gene 15_rbs	0.000000	0.000000	0.000000
509.999000	__gene 16_rbs	0.000000	0.000000	0.000000
509.999000	__gene 17.5_rbs	0.000000	0.000000	0.000000
509.999000	__gene 17_rbs	0.000000	0.000000	0.000000
509.999000	__gene 18.5_rbs	0.000000	0.000000	0.000000
509.999000	__gene 18.7_rbs	0.000000	0.000000	0.000000
509.999000	__gene 18_rbs	0.000000	0.000000	0.000000
509.999000	__gene 19.2_rbs	0.000000	0.000000	0.000000
509.999000	__gene 19.3_rbs	0.000000	0.000000	0.000000
509.999000	__gene 19.5_rbs	0.000000	0.000000	0.000000
509.999000	__gene 19_rbs	0.000000	0.000000	0.000000
509.999000	__gene 2.5_rbs	19.000000	0.000000	0.000000
509.999000	__gene 2.8_rbs	19.000000	0.000000	0.000000
509.999000	__gene 3.8_rbs	20.000000	0.000000	0.000000
509.999000	__gene 3_rbs	18.000000	0.000000	0.000000
509.999000	__gene 4.2_rbs	20.000000	0.000000	0.000000
509.999000	__gene 4.3_rbs	19.000000	0.000000	0.000000
509.999000	__gene 4.5_rbs	21.000000	0.000000	0.000000
509.999000	__gene 4.7_rbs	21.000000	0.000000	0.000000
509.999000	__gene 4A_rbs	20.000000	0.000000	0.000000
509.999000	__gene 5.3_rbs	16.000000	0.000000	0.000000
509.999000	__gene 5.5_rbs	16.000000	0.000000	0.000000
509.999000	__gene 5.7_rbs	16.000000	0.000000	0.000000
509.999000	__gene 5.9_rbs	14.000000	0.000000	0.000000
509.999000	__gene 5_rbs	20.000000	0.000000	0.000000
509.999000	__gene 6.3_rbs	12.000000	0.000000	0.000000
509.999000	__gene 6.5_rbs	21.000000	0.000000	0.000000
509.999000	__gene 6.7_rbs	19.000000	0.000000	0.000000
509.999000	__gene 6_rbs	14.000000	0.000000	0.000000
509.999000	__gene 7.3_rbs	19.000000	0.000000	0.000000
509.999000	__gene 7.7_rbs	18.000000	0.000000	0.000000
509.999000	__gene 7_rbs	19.000000	0.000000	0.000000
509.999000	__gene 8_rbs	17.000000	0.000000	0.000000
509.999000	__gene 9_rbs	26.000000	0.000000	0.000000
509.999000	__gp-2_rbs	14.000000	0.000000	0.000000
509.999000	__lysozyme-3.5_rbs	18.000000	0.000000	0.000000
509.999000	__protein_kinase-0.7_rbs	9.000000	0.000000	0.000000
509.999000	__ribosome	8.000000	0.000000	0.000000
509.999000	__rnapol-1_rbs	9.000000	0.000000	0.000000
509.999000	bound_ecolipol	2.000000	0.000000	0.000000
509.999000	bound_ecolipol_p	1641.000000	0.000000	0.000000
509.999000	bound_ribosome	9796.000000	0.000000	0.000000
509.999000	degraded_transcript	12869.000000	0.000000	0.000000
509.999000	ecoli_genome	157.000000	0.000000	0.000000
509.999000	ecoli_transcript	22303.000000	0.000000	0.000000
509.999000	ecolipol	0.000000	0.000000	0.000000
509.999000	ecolipol-2	0.000000	0.000000	0.000000
509.999000	ecolipol-2-p	61.000000	0.000000	0.000000
509.999000	ecolipol-p	95.000000	0.000000	0.000000
509.999000	gene 0.3	362.000000	9.000000	0.000000
509.999000	gene 1.1	287.000000	22.000000	0.000000
509.999000	gene 1.2	292.000000	17.000000	0.000000
509.999000	gene 1.3	87.000000	22.000000	7.090909
509.999000	gene 1.4	77.000000	14.000000	0.000000
509.999000	gene 1.7	102.000000	21.000000	0.095238
509.999000	gene 1.8	107.000000	14.000000	0.000000
509.999000	gene 10A	37.000000	43.000000	0.209302
509.999000	gene 11	0.000000	5.000000	0.200000
509.999000	gene 2.5	147.000000	19.000000	0.000000
509.999000	gene 2.8	122.000000	18.000000	0.000000
509.999000	gene 3	117.000000	18.000000	0.055556
509.999000	gene 3.8	106.000000	20.000000	0.000000
509.999000	gene 4.2	100.000000	20.000000	0.000000
509.999000	gene 4.3	95.000000	20.000000	0.100000
509.999000	gene 4.5	96.000000	21.000000	0.000000
509.999000	gene 4.7	67.000000	21.000000	0.000000
509.999000	gene 4A	103.000000	20.000000	0.100000
509.999000	gene 5	86.000000	20.000000	0.200000
509.999000	gene 5.3	53.000000	16.000000	0.000000
509.999000	gene 5.5	55.000000	16.000000	0.000000
509.999000	gene 5.7	49.000000	15.000000	0.000000
509.999000	gene 5.9	54.000000	14.000000	0.000000
509.999000	gene 6	38.000000	13.000000	0.000000
509.999000	gene 6.3	34.000000	11.000000	0.090909
509.999000	gene 6.5	72.000000	21.000000	0.047619
509.999000	gene 6.7	42.000000	19.000000	0.000000
509.999000	gene 7	51.000000	19.000000	0.000000
509.999000	gene 7.3	46.000000	19.000000	0.000000
509.999000	gene 7.7	42.000000	18.000000	0.000000
509.999000	gene 8	26.000000	13.000000	0.384615
509.999000	gene 9	41.000000	26.000000	0.038462
509.999000	gp-2	12.000000	14.000000	0.000000
509.999000	lysozyme-3.5	2.000000	18.000000	0.055556
509.999000	nonpref_charged	14161.000000	0.000000	0.000000
509.999000	nonpref_uncharged	839.000000	0.000000	0.000000
509.999000	pref_charged	34246.000000	0.000000	0.000000
509.999000	pref_uncharged	754.000000	0.000000	0.000000
509.999000	protein_kinase-0.7	349.000000	9.000000	0.000000
509.999000	rnapol-1	125.000000	9.000000	1.111111
509.999000	rnapol-3.5	90.000000	0.000000	0.000000
514.999001	E. coli B promoter	1.000000	0.000000	0.000000
514.999001	E. coli C promoter	1.000000	0.000000	0.000000
514.999001	E. coli promoter A1	1.000000	0.000000	0.000000
514.999001	E. coli promoter A2	1.000000	0.000000	0.000000
514.999001	E. coli promoter A3	1.000000	0.000000	0.000000
514.999001	T7 promoter phi1.1A	1.000000	0.000000	0.000000
514.999001	T7 promoter phi1.1B	1.000000	0.000000	0.000000
514.999001	T7 promoter phi1.3	1.000000	0.000000	0.000000
514.999001	T7 promoter phi1.5	1.000000	0.000000	0.000000
514.999001	T7 promoter phi1.6	0.000000	0.000000	0.000000
514.999001	T7 promoter phi10	0.000000	0.000000	0.000000
514.999001	T7 promoter phi13	0.000000	0.000000	0.000000
514.999001	T7 promoter phi17	0.000000	0.000000	0.000000
514.999001	T7 promoter phi2.5	1.000000	0.000000	0.000000
514.999001	T7 promoter phi3.8	1.000000	0.000000	0.000000
514.999001	T7 promoter phi4.3	1.000000	0.000000	0.000000
514.999001	T7 promoter phi4.7	0.000000	0.000000	0.000000
514.999001	T7 promoter phi4c	1.000000	0.000000	0.000000
514.999001	T7 promoter phi6.5	1.000000	0.000000	0.000000
514.999001	T7 promoter phi9	0.000000	0.000000	0.000000
514.999001	__gene 0.3_rbs	9.000000	0.000000	0.000000
514.999001	__gene 1.1_rbs	22.000000	0.000000	0.000000
514.999001	__gene 1.2_rbs	17.000000	0.000000	0.000000
514.999001	__gene 1.3_rbs	22.000000	0.000000	0.000000
514.999001	__gene 1.4_rbs	14.000000	0.000000	0.000000
514.999001	__gene 1.7_rbs	22.000000	0.000000	0.000000
514.999001	__gene 1.8_rbs	22.000000	0.000000	0.000000
514.999001	__gene 10A_rbs	60.000000	0.000000	0.000000
514.999001	__gene 11_rbs	8.000000	0.000000	0.000000
514.999001	__gene 12_rbs	6.000000	0.000000	0.000000
514.999001	__gene 13_rbs	0.000000	0.000000	0.000000
514.999001	__gene 14_rbs	0.000000	0.000000	0.000000
514.999001	__gene 15_rbs	0.000000	0.000000	0.000000
514.999001	__gene 16_rbs	0.000000	0.000000	0.000000
514.999001	__gene 17.5_rbs	0.000000	0.000000	0.000000
514.999001	__gene 17_rbs	0.000000	0.000000	0.000000
514.999001	__gene 18.5_rbs	0.000000	0.000000	0.000000
514.999001	__gene 18.7_rbs	0.000000	0.000000	0.000000
514.999001	__gene 18_rbs	0.000000	0.000000	0.000000
514.999001	__gene 19.2_rbs	0.000000	0.000000	0.000000
514.999001	__gene 19.3_rbs	0.000000	0.000000	0.000000
514.999001	__gene 19.5_rbs	0.000000	0.000000	0.000000
514.999001	__gene 19_rbs	0.000000	0.000000	0.000000
514.999001	__gene 2.5_rbs	26.000000	0.000000	0.000000
514.999001	__gene 2.8_rbs	20.000000	0.000000	0.000000
514.999001	__gene 3.8_rbs	21.000000	0.000000	0.000000
514.999001	__gene 3_rbs	19.000000	0.000000	0.000000
514.999001	__gene 4.2_rbs	22.000000	0.000000	0.000000
514.999001	__gene 4.3_rbs	22.000000	0.000000	0.000000
514.999001	__gene 4.5_rbs	24.000000	0.000000	0.000000
514.999001	__gene 4.7_rbs	23.000000	0.000000	0.000000
514.999001	__gene 4A_rbs	20.000000	0.000000	0.000000
514.999001	__gene 5.3_rbs	18.000000	0.000000	0.000000
514.999001	__gene 5.5_rbs	18.000000	0.000000	0.000000
514.999001	__gene 5.7_rbs	17.000000	0.000000	0.000000
514.999001	__gene 5.9_rbs	16.000000	0.000000	0.000000
514.999001	__gene 5_rbs	22.000000	0.000000	0.000000
514.999001	__gene 6.3_rbs	14.000000	0.000000	0.000000
514.999001	__gene 6.5_rbs	26.000000	0.000000	0.000000
514.999001	__gene 6.7_rbs	25.000000	0.000000	0.000000
514.999001	__gene 6_rbs	16.000000	0.000000	0.000000
514.999001	__gene 7.3_rbs	22.000000	0.000000	0.000000
514.999001	__gene 7.7_rbs	20.000000	0.000000	0.000000
514.999001	__gene 7_rbs	25.000000	0.000000	0.000000
514.999001	__gene 8_rbs	19.000000	0.000000	0.000000
514.999001	__gene 9_rbs	38.000000	0.000000	0.000000
514.999001	__gp-2_rbs	22.000000	0.000000	0.000000
514.999001	__lysozyme-3.5_rbs	19.000000	0.000000	0.000000
514.999001	__protein_kinase-0.7_rbs	9.000000	0.000000	0.000000
514.999001	__ribosome	16.000000	0.000000	0.000000
514.999001	__rnapol-1_rbs	9.000000	0.000000	0.000000
514.999001	bound_ecolipol	2.000000	0.000000	0.000000
514.999001	bound_ecolipol_p	1630.000000	0.000000	0.000000
514.999001	bound_ribosome	9762.000000	0.000000	0.000000
514.999001	degraded_transcript	13067.000000	0.000000	0.000000
514.999001	ecoli_genome	168.000000	0.000000	0.000000
514.999001	ecoli_transcript	22499.000000	0.000000	0.000000
514.999001	ecolipol	0.000000	0.000000	0.000000
514.999001	ecolipol-2	0.000000	0.000000	0.000000
514.999001	ecolipol-2-p	65.000000	0.000000	0.000000
514.999001	ecolipol-p	102.000000	0.000000	0.000000
514.999001	gene 0.3	365.000000	9.000000	0.000000
514.999001	gene 1.1	304.000000	22.000000	0.000000
514.999001	gene 1.2	306.000000	17.000000	0.058824
514.999001	gene 1.3	100.000000	22.000000	7.545455
514.999001	gene 1.4	91.000000	14.000000	0.000000
514.999001	gene 1.7	121.000000	22.000000	0.000000
514.999001	gene 1.8	127.000000	20.000000	0.000000
514.999001	gene 10A	81.000000	60.000000	0.150000
514.999001	gene 11	8.000000	8.000000	0.000000
514.999001	gene 12	0.000000	6.000000	1.166667
514.999001	gene 2.5	169.000000	26.000000	0.076923
514.999001	gene 2.8	136.000000	20.000000	0.100000
514.999001	gene 3	134.000000	19.000000	0.052632
514.999001	gene 3.8	130.000000	21.000000	0.000000
514.999001	gene 4.2	122.000000	22.000000	0.000000
514.999001	gene 4.3	119.000000	22.000000	0.000000
514.999001	gene 4.5	114.000000	24.000000	0.041667
514.999001	gene 4.7	87.000000	23.000000	0.000000
514.999001	gene 4A	125.000000	20.000000	0.200000
514.999001	gene 5	105.000000	22.000000	0.136364
514.999001	gene 5.3	63.000000	18.000000	0.000000
514.999001	gene 5.5	67.000000	18.000000	0.111111
514.999001	gene 5.7	62.000000	17.000000	0.000000
514.999001	gene 5.9	69.000000	16.000000	0.000000
514.999001	gene 6	54.000000	14.000000	0.000000
514.999001	gene 6.3	48.000000	14.000000	0.000000
514.999001	gene 6.5	95.000000	26.000000	0.000000
514.999001	gene 6.7	59.000000	25.000000	0.040000
514.999001	gene 7	66.000000	25.000000	0.000000
514.999001	gene 7.3	64.000000	22.000000	0.000000
514.999001	gene 7.7	60.000000	20.000000	0.000000
514.999001	gene 8	45.000000	18.000000	0.222222
514.999001	gene 9	65.000000	38.000000	0.131579
514.999001	gp-2	21.000000	22.000000	0.000000
514.999001	lysozyme-3.5	1.000000	19.000000	0.105263
514.999001	nonpref_charged	13555.000000	0.000000	0.000000
514.999001	nonpref_uncharged	1445.000000	0.000000	0.000000
514.999001	pref_charged	33749.000000	0.000000	0.000000
514.999001	pref_uncharged	1251.000000	0.000000	0.000000
514.999001	protein_kinase-0.7	356.000000	9.000000	0.000000
514.999001	rnapol-1	105.000000	9.000000	1.333333
514.999001	rnapol-3.5	104.000000	0.000000	0.000000
519.999001	E. coli B promoter	1.000000	0.000000	0.000000
519.999001	E. coli C promoter	1.000000	0.000000	0.000000
519.999001	E. coli promoter A1	1.000000	0.000000	0.000000
519.999001	E. coli promoter A2	1.000000	0.000000	0.000000
519.999001	E. coli promoter A3	1.000000	0.000000	0.000000
519.999001	T7 promoter phi1.1A	1.000000	0.000000	0.000000
519.999001	T7 promoter phi1.1B	1.000000	0.000000	0.000000
519.999001	T7 promoter phi1.3	1.000000	0.000000	0.000000
519.999001	T7 promoter phi1.5	1.000000	0.000000	0.000000
519.999001	T7 promoter phi1.6	1.000000	0.000000	0.000000
519.999001	T7 promoter phi10	0.000000	0.000000	0.000000
519.999001	T7 promoter phi13	0.000000	0.000000	0.000000
519.999001	T7 promoter phi17	0.000000	0.000000	0.000000
519.999001	T7 promoter phi2.5	1.000000	0.000000	0.000000
519.999001	T7 promoter phi3.8	1.000000	0.000000	0.000000
519.999001	T7 promoter phi4.3	1.000000	0.000000	0.000000
519.999001	T7 promoter phi4.7	0.000000	0.000000	0.000000
519.999001	T7 promoter phi4c	1.000000	0.000000	0.000000
519.999001	T7 promoter phi6.5	1.000000	0.000000	0.000000
519.999001	T7 promoter phi9	0.000000	0.000000	0.000000
519.999001	__gene 0.3_rbs	9.000000	0.000000	0.000000
519.999001	__gene 1.1_rbs	22.000000	0.000000	0.000000
519.999001	__gene 1.2_rbs	17.000000	0.000000	0.000000
519.999001	__gene 1.3_rbs	21.000000	0.000000	0.000000
519.999001	__gene 1.4_rbs	14.000000	0.000000	0.000000
519.999001	__gene 1.7_rbs	24.000000	0.000000	0.000000
519.999001	__gene 1.8_rbs	24.000000	0.000000	0.000000
519.999001	__gene 10A_rbs	76.000000	0.000000	0.000000
519.999001	__gene 11_rbs	10.000000	0.000000	0.000000
519.999001	__gene 12_rbs	8.000000	0.000000	0.000000
519.999001	__gene 13_rbs	0.000000	0.000000	0.000000
519.999001	__gene 14_rbs	0.000000	0.000000	0.000000
519.999001	__gene 15_rbs	0.000000	0.000000	0.000000
519.999001	__gene 16_rbs	0.000000	0.000000	0.000000
519.999001	__gene 17.5_rbs	0.000000	0.000000	0.000000
519.999001	__gene 17_rbs	0.000000	0.000000	0.000000
519.999001	__gene 18.5_rbs	0.000000	0.000000	0.000000
519.999001	__gene 18.7_rbs	0.000000	0.000000	0.000000
519.999001	__gene 18_rbs	0.000000	0.000000	0.000000
519.999001	__gene 19.2_rbs	0.000000	0.000000	0.000000
519.999001	__gene 19.3_rbs	0.000000	0.000000	0.000000
519.999001	__gene 19.5_rbs	0.000000	0.000000	0.000000
519.999001	__gene 19_rbs	0.000000	0.000000	0.000000
519.999001	__gene 2.5_rbs	27.000000	0.000000	0.000000
519.999001	__gene 2.8_rbs	27.000000	0.000000	0.000000
519.999001	__gene 3.8_rbs	21.000000	0.000000	0.000000
519.999001	__gene 3_rbs	26.000000	0.000000	0.000000
519.999001	__gene 4.2_rbs	24.000000	0.000000	0.000000
519.999001	__gene 4.3_rbs	25.000000	0.000000	0.000000
519.999001	__gene 4.5_rbs	27.000000	0.000000	0.000000
519.999001	__gene 4.7_rbs	26.000000	0.000000	0.000000
519.999001	__gene 4A_rbs	21.000000	0.000000	0.000000
519.999001	__gene 5.3_rbs	21.000000	0.000000	0.000000
519.999001	__gene 5.5_rbs	20.000000	0.000000	0.000000
519.999001	__gene 5.7_rbs	20.000000	0.000000	0.000000
519.999001	__gene 5.9_rbs	19.000000	0.000000	0.000000
519.999001	__gene 5_rbs	24.000000	0.000000	0.000000
519.999001	__gene 6.3_rbs	16.000000	0.000000	0.000000
519.999001	__gene 6.5_rbs	29.000000	0.000000	0.000000
519.999001	__gene 6.7_rbs	29.000000	0.000000	0.000000
519.999001	__gene 6_rbs	18.000000	0.000000	0.000000
519.999001	__gene 7.3_rbs	27.000000	0.000000	0.000000
519.999001	__gene 7.7_rbs	26.000000	0.000000	0.000000
519.999001	__gene 7_rbs	29.000000	0.000000	0.000000
519.999001	__gene 8_rbs	25.000000	0.000000	0.000000
519.999001	__gene 9_rbs	46.000000	0.000000	0.000000
519.999001	__gp-2_rbs	24.000000	0.000000	0.000000
519.999001	__lysozyme-3.5_rbs	24.000000	0.000000	0.000000
519.999001	__protein_kinase-0.7_rbs	9.000000	0.000000	0.000000
519.999001	__ribosome	12.000000	0.000000	0.000000
519.999001	__rnapol-1_rbs	9.000000	0.000000	0.000000
519.999001	bound_ecolipol	2.000000	0.000000	0.000000
519.999001	bound_ecolipol_p	1624.000000	0.000000	0.000000
519.999001	bound_ribosome	9766.000000	0.000000	0.000000
519.999001	degraded_transcript	13267.000000	0.000000	0.000000
519.999001	ecoli_genome	174.000000	0.000000	0.000000
519.999001	ecoli_transcript	22574.000000	0.000000	0.000000
519.999001	ecolipol	0.000000	0.000000	0.000000
519.999001	ecolipol-2	0.000000	0.000000	0.000000
519.999001	ecolipol-2-p	92.000000	0.000000	0.000000
519.999001	ecolipol-p	81.000000	0.000000	0.000000
519.999001	gene 0.3	374.000000	9.000000	0.000000
519.999001	gene 1.1	325.000000	22.000000	0.000000
519.999001	gene 1.2	315.000000	17.000000	0.000000
519.999001	gene 1.3	113.000000	22.000000	7.863636
519.999001	gene 1.4	102.000000	14.000000	0.000000
519.999001	gene 1.7	142.000000	24.000000	0.083333
519.999001	gene 1.8	147.000000	22.000000	0.000000
519.999001	gene 10A	146.000000	76.000000	0.052632
519.999001	gene 11	14.000000	10.000000	0.000000
519.999001	gene 12	0.000000	8.000000	1.500000
519.999001	gene 2.5	195.000000	27.000000	0.000000
519.999001	gene 2.8	156.000000	27.000000	0.000000
519.999001	gene 3	149.000000	25.000000	0.000000
519.999001	gene 3.8	152.000000	21.000000	0.000000
519.999001	gene 4.2	141.000000	25.000000	0.120000
519.999001	gene 4.3	137.000000	25.000000	0.000000
519.999001	gene 4.5	136.000000	27.000000	0.000000
519.999001	gene 4.7	99.000000	26.000000	0.076923
519.999001	gene 4A	147.000000	21.000000	0.000000
519.999001	gene 5	123.000000	24.000000	0.083333
519.999001	gene 5.3	89.000000	21.000000	0.000000
519.999001	gene 5.5	88.000000	20.000000	0.000000
519.999001	gene 5.7	83.000000	20.000000	0.050000
519.999001	gene 5.9	86.000000	19.000000	0.000000
519.999001	gene 6	68.000000	16.000000	0.062500
519.999001	gene 6.3	58.000000	16.000000	0.000000
519.999001	gene 6.5	114.000000	29.000000	0.000000
519.999001	gene 6.7	79.000000	29.000000	0.034483
519.999001	gene 7	83.000000	29.000000	0.034483
519.999001	gene 7.3	86.000000	27.000000	0.000000
519.999001	gene 7.7	85.000000	26.000000	0.076923
519.999001	gene 8	69.000000	21.000000	0.095238
519.999001	gene 9	116.000000	46.000000	0.065217
519.999001	gp-2	15.000000	24.000000	0.000000
519.999001	lysozyme-3.5	2.000000	22.000000	0.045455
519.999001	nonpref_charged	13347.000000	0.000000	0.000000
519.999001	nonpref_uncharged	1653.000000	0.000000	0.000000
519.999001	pref_charged	33413.000000	0.000000	0.000000
519.999001	pref_uncharged	1587.000000	0.000000	0.000000
519.999001	protein_kinase-0.7	359.000000	9.000000	0.111111
519.999001	rnapol-1	101.000000	9.000000	1.222222
519.999001	rnapol-3.5	121.000000	0.000000	0.000000
524.999000	E. coli B promoter	1.000000	0.000000	0.000000
524.999000	E. coli C promoter	1.000000	0.000000	0.000000
524.999000	E. coli promoter A1	1.000000	0.000000	0.000000
524.999000	E. coli promoter A2	1.000000	0.000000	0.000000
524.999000	E. coli promoter A3	1.000000	0.000000	0.000000
524.999000	T7 promoter phi1.1A	1.000000	0.000000	0.000000
524.999000	T7 promoter phi1.1B	1.000000	0.000000	0.000000
524.999000	T7 promoter phi1.3	1.000000	0.000000	0.000000
524.999000	T7 promoter phi1.5	1.000000	0.000000	0.000000
524.999000	T7 promoter phi1.6	1.000000	0.000000	0.000000
524.999000	T7 promoter phi10	0.000000	0.000000	0.000000
524.999000	T7 promoter phi13	1.000000	0.000000	0.000000
524.999000	T7 promoter phi17	0.000000	0.000000	0.000000
524.999000	T7 promoter phi2.5	1.000000	0.000000	0.000000
524.999000	T7 promoter phi3.8	1.000000	0.000000	0.000000
524.999000	T7 promoter phi4.3	1.000000	0.000000	0.000000
524.999000	T7 promoter phi4.7	1.000000	0.000000	0.000000
524.999000	T7 promoter phi4c	1.000000	0.000000	0.000000
524.999000	T7 promoter phi6.5	0.000000	0.000000	0.000000
524.999000	T7 promoter phi9	0.000000	0.000000	0.000000
524.999000	__gene 0.3_rbs	9.000000	0.000000	0.000000
524.999000	__gene 1.1_rbs	23.000000	0.000000	0.000000
524.999000	__gene 1.2_rbs	18.000000	0.000000	0.000000
524.999000	__gene 1.3_rbs	22.000000	0.000000	0.000000
524.999000	__gene 1.4_rbs	14.000000	0.000000	0.000000
524.999000	__gene 1.7_rbs	24.000000	0.000000	0.000000
524.999000	__gene 1.8_rbs	23.000000	0.000000	0.000000
524.999000	__gene 10A_rbs	92.000000	0.000000	0.000000
524.999000	__gene 11_rbs	12.000000	0.000000	0.000000
524.999000	__gene 12_rbs	10.000000	0.000000	0.000000
524.999000	__gene 13_rbs	6.000000	0.000000	0.000000
524.999000	__gene 14_rbs	5.000000	0.000000	0.000000
524.999000	__gene 15_rbs	0.000000	0.000000	0.000000
524.999000	__gene 16_rbs	0.000000	0.000000	0.000000
524.999000	__gene 17.5_rbs	0.000000	0.000000	0.000000
524.999000	__gene 17_rbs	0.000000	0.000000	0.000000
524.999000	__gene 18.5_rbs	0.000000	0.000000	0.000000
524.999000	__gene 18.7_rbs	0.000000	0.000000	0.000000
524.999000	__gene 18_rbs	0.000000	0.000000	0.000000
524.999000	__gene 19.2_rbs	0.000000	0.000000	0.000000
524.999000	__gene 19.3_rbs	0.000000	0.000000	0.000000
524.999000	__gene 19.5_rbs	0.000000	0.000000	0.000000
524.999000	__gene 19_rbs	0.000000	0.000000	0.000000
524.999000	__gene 2.5_rbs	29.000000	0.000000	0.000000
524.999000	__gene 2.8_rbs	29.000000	0.000000	0.000000
524.999000	__gene 3.8_rbs	29.000000	0.000000	0.000000
524.999000	__gene 3_rbs	27.000000	0.000000	0.000000
524.999000	__gene 4.2_rbs	26.000000	0.000000	0.000000
524.999000	__gene 4.3_rbs	26.000000	0.000000	0.000000
524.999000	__gene 4.5_rbs	28.000000	0.000000	0.000000
524.999000	__gene 4.7_rbs	26.000000	0.000000	0.000000
524.999000	__gene 4A_rbs	28.000000	0.000000	0.000000
524.999000	__gene 5.3_rbs	22.000000	0.000000	0.000000
524.999000	__gene 5.5_rbs	22.000000	0.000000	0.000000
524.999000	__gene 5.7_rbs	21.000000	0.000000	0.000000
524.999000	__gene 5.9_rbs	21.000000	0.000000	0.000000
524.999000	__gene 5_rbs	27.000000	0.000000	0.000000
524.999000	__gene 6.3_rbs	20.000000	0.000000	0.000000
524.999000	__gene 6.5_rbs	32.000000	0.000000	0.000000
524.999000	__gene 6.7_rbs	32.000000	0.000000	0.000000
524.999000	__gene 6_rbs	21.000000	0.000000	0.000000
524.999000	__gene 7.3_rbs	29.000000	0.000000	0.000000
524.999000	__gene 7.7_rbs	29.000000	0.000000	0.000000
524.999000	__gene 7_rbs	31.000000	0.000000	0.000000
524.999000	__gene 8_rbs	29.000000	0.000000	0.000000
524.999000	__gene 9_rbs	53.000000	0.000000	0.000000
524.999000	__gp-2_rbs	24.000000	0.000000	0.000000
524.999000	__lysozyme-3.5_rbs	27.000000	0.000000	0.000000
524.999000	__protein_kinase-0.7_rbs	9.000000	0.000000	0.000000
524.999000	__ribosome	9.000000	0.000000	0.000000
524.999000	__rnapol-1_rbs	9.000000	0.000000	0.000000
524.999000	bound_ecolipol	0.000000	0.000000	0.000000
524.999000	bound_ecolipol_p	1629.000000	0.000000	0.000000
524.999000	bound_ribosome	9759.000000	0.000000	0.000000
524.999000	degraded_transcript	13477.000000	0.000000	0.000000
524.999000	ecoli_genome	171.000000	0.000000	0.000000
524.999000	ecoli_transcript	22676.000000	0.000000	0.000000
524.999000	ecolipol	0.000000	0.000000	0.000000
524.999000	ecolipol-2	0.000000	0.000000	0.000000
524.999000	ecolipol-2-p	97.000000	0.000000	0.000000
524.999000	ecolipol-p	73.000000	0.000000	0.000000
524.999000	gene 0.3	378.000000	9.000000	0.000000
524.999000	gene 1.1	342.000000	23.000000	0.000000
524.999000	gene 1.2	337.000000	17.000000	0.000000
524.999000	gene 1.3	129.000000	22.000000	8.363636
524.999000	gene 1.4	122.000000	14.000000	0.000000
524.999000	gene 1.7	162.000000	24.000000	0.041667
524.999000	gene 1.8	174.000000	24.000000	0.000000
524.999000	gene 10A	216.000000	92.000000	0.097826
524.999000	gene 11	23.000000	12.000000	0.083333
524.999000	gene 12	17.000000	10.000000	0.400000
524.999000	gene 13	3.000000	6.000000	0.000000
524.999000	gene 14	0.000000	5.000000	0.000000
524.999000	gene 2.5	214.000000	29.000000	0.034483
524.999000	gene 2.8	179.000000	29.000000	0.068966
524.999000	gene 3	179.000000	26.000000	0.000000
524.999000	gene 3.8	176.000000	29.000000	0.000000
524.999000	gene 4.2	177.000000	26.000000	0.076923
524.999000	gene 4.3	165.000000	26.000000	0.000000
524.999000	gene 4.5	159.000000	28.000000	0.000000
524.999000	gene 4.7	130.000000	27.000000	0.037037
524.999000	gene 4A	159.000000	28.000000	0.178571
524.999000	gene 5	136.000000	27.000000	0.148148
524.999000	gene 5.3	107.000000	22.000000	0.000000
524.999000	gene 5.5	103.000000	22.000000	0.000000
524.999000	gene 5.7	107.000000	20.000000	0.000000
524.999000	gene 5.9	102.000000	20.000000	0.000000
524.999000	gene 6	81.000000	20.000000	0.050000
524.999000	gene 6.3	78.000000	20.000000	0.000000
524.999000	gene 6.5	145.000000	32.000000	0.000000
524.999000	gene 6.7	103.000000	32.000000	0.000000
524.999000	gene 7	111.000000	31.000000	0.096774
524.999000	gene 7.3	115.000000	29.000000	0.000000
524.999000	gene 7.7	111.000000	29.000000	0.000000
524.999000	gene 8	91.000000	27.000000	0.259259
524.999000	gene 9	160.000000	53.000000	0.056604
524.999000	gp-2	29.000000	24.000000	0.000000
524.999000	lysozyme-3.5	0.000000	27.000000	0.037037
524.999000	nonpref_charged	12833.000000	0.000000	0.000000
524.999000	nonpref_uncharged	2167.000000	0.000000	0.000000
524.999000	pref_charged	32748.000000	0.000000	0.000000
524.999000	pref_uncharged	2252.000000	0.000000	0.000000
524.999000	protein_kinase-0.7	368.000000	9.000000	0.000000
524.999000	rnapol-1	93.000000	9.000000	0.333333
524.999000	rnapol-3.5	143.000000	0.000000	0.000000
529.999001	E. coli B promoter	1.000000	0.000000	0.000000
529.999001	E. coli C promoter	1.000000	0.000000	0.000000
529.999001	E. coli promoter A1	1.000000	0.000000	0.000000
529.999001	E. coli promoter A2	1.000000	0.000000	0.000000
529.999001	E. coli promoter A3	1.000000	0.000000	0.000000
529.999001	T7 promoter phi1.1A	1.000000	0.000000	0.000000
529.999001	T7 promoter phi1.1B	1.000000	0.000000	0.000000
529.999001	T7 promoter phi1.3	1.000000	0.000000	0.000000
529.999001	T7 promoter phi1.5	1.000000	0.000000	0.000000
529.999001	T7 promoter phi1.6	1.000000	0.000000	0.000000
529.999001	T7 promoter phi10	0.000000	0.000000	0.000000
529.999001	T7 promoter phi13	1.000000	0.000000	0.000000
529.999001	T7 promoter phi17	0.000000	0.000000	0.000000
529.999001	T7 promoter phi2.5	1.000000	0.000000	0.000000
529.999001	T7 promoter phi3.8	1.000000	0.000000	0.000000
529.999001	T7 promoter phi4.3	1.000000	0.000000	0.000000
529.999001	T7 promoter phi4.7	0.000000	0.000000	0.000000
529.999001	T7 promoter phi4c	1.000000	0.000000	0.000000
529.999001	T7 promoter phi6.5	1.000000	0.000000	0.000000
529.999001	T7 promoter phi9	1.000000	0.000000	0.000000
529.999001	__gene 0.3_rbs	9.000000	0.000000	0.000000
529.999001	__gene 1.1_rbs	23.000000	0.000000	0.000000
529.999001	__gene 1.2_rbs	18.000000	0.000000	0.000000
529.999001	__gene 1.3_rbs	22.000000	0.000000	0.000000
529.999001	__gene 1.4_rbs	14.000000	0.000000	0.000000
529.999001	__gene 1.7_rbs	24.000000	0.000000	0.000000
529.999001	__gene 1.8_rbs	24.000000	0.000000	0.000000
529.999001	__gene 10A_rbs	109.000000	0.000000	0.000000
529.999001	__gene 11_rbs	15.000000	0.000000	0.000000
529.999001	__gene 12_rbs	14.000000	0.000000	0.000000
529.999001	__gene 13_rbs	10.000000	0.000000	0.000000
529.999001	__gene 14_rbs	9.000000	0.000000	0.000000
529.999001	__gene 15_rbs	7.000000	0.000000	0.000000
529.999001	__gene 16_rbs	0.000000	0.000000	0.000000
529.999001	__gene 17.5_rbs	0.000000	0.000000	0.000000
529.999001	__gene 17_rbs	0.000000	0.000000	0.000000
529.999001	__gene 18.5_rbs	0.000000	0.000000	0.000000
529.999001	__gene 18.7_rbs	0.000000	0.000000	0.000000
529.999001	__gene 18_rbs	0.000000	0.000000	0.000000
529.999001	__gene 19.2_rbs	0.000000	0.000000	0.000000
529.999001	__gene 19.3_rbs	0.000000	0.000000	0.000000
529.999001	__gene 19.5_rbs	0.000000	0.000000	0.000000
529.999001	__gene 19_rbs	0.000000	0.000000	0.000000
529.999001	__gene 2.5_rbs	30.000000	0.000000	0.000000
529.999001	__gene 2.8_rbs	30.000000	0.000000	0.000000
529.999001	__gene 3.8_rbs	31.000000	0.000000	0.000000
529.999001	__gene 3_rbs	28.000000	0.000000	0.000000
529.999001	__gene 4.2_rbs	31.000000	0.000000	0.000000
529.999001	__gene 4.3_rbs	27.000000	0.000000	0.000000
529.999001	__gene 4.5_rbs	29.000000	0.000000	0.000000
529.999001	__gene 4.7_rbs	28.000000	0.000000	0.000000
529.999001	__gene 4A_rbs	29.000000	0.000000	0.000000
529.999001	__gene 5.3_rbs	24.000000	0.000000	0.000000
529.999001	__gene 5.5_rbs	24.000000	0.000000	0.000000
529.999001	__gene 5.7_rbs	24.000000	0.000000	0.000000
529.999001	__gene 5.9_rbs	23.000000	0.000000	0.000000
529.999001	__gene 5_rbs	28.000000	0.000000	0.000000
529.999001	__gene 6.3_rbs	21.000000	0.000000	0.000000
529.999001	__gene 6.5_rbs	38.000000	0.000000	0.000000
529.999001	__gene 6.7_rbs	37.000000	0.000000	0.000000
529.999001	__gene 6_rbs	22.000000	0.000000	0.000000
529.999001	__gene 7.3_rbs	33.000000	0.000000	0.000000
529.999001	__gene 7.7_rbs	32.000000	0.000000	0.000000
529.999001	__gene 7_rbs	37.000000	0.000000	0.000000
529.999001	__gene 8_rbs	31.000000	0.000000	0.000000
529.999001	__gene 9_rbs	64.000000	0.000000	0.000000
529.999001	__gp-2_rbs	24.000000	0.000000	0.000000
529.999001	__lysozyme-3.5_rbs	29.000000	0.000000	0.000000
529.999001	__protein_kinase-0.7_rbs	9.000000	0.000000	0.000000
529.999001	__ribosome	12.000000	0.000000	0.000000
529.999001	__rnapol-1_rbs	9.000000	0.000000	0.000000
529.999001	bound_ecolipol	0.000000	0.000000	0.000000
529.999001	bound_ecolipol_p	1609.000000	0.000000	0.000000
529.999001	bound_ribosome	9733.000000	0.000000	0.000000
529.999001	degraded_transcript	13690.000000	0.000000	0.000000
529.999001	ecoli_genome	191.000000	0.000000	0.000000
529.999001	ecoli_transcript	22827.000000	0.000000	0.000000
529.999001	ecolipol	0.000000	0.000000	0.000000
529.999001	ecolipol-2	0.000000	0.000000	0.000000
529.999001	ecolipol-2-p	113.000000	0.000000	0.000000
529.999001	ecolipol-p	77.000000	0.000000	0.000000
529.999001	gene 0.3	386.000000	9.000000	0.000000
529.999001	gene 1.1	364.000000	23.000000	0.000000
529.999001	gene 1.2	355.000000	18.000000	0.055556
529.999001	gene 1.3	137.000000	22.000000	9.000000
529.999001	gene 1.4	131.000000	14.000000	0.000000
529.999001	gene 1.7	182.000000	24.000000	0.000000
529.999001	gene 1.8	194.000000	24.000000	0.000000
529.999001	gene 10A	317.000000	109.000000	0.119266
529.999001	gene 11	35.000000	15.000000	0.000000
529.999001	gene 12	28.000000	14.000000	0.571429
529.999001	gene 13	11.000000	10.000000	0.000000
529.999001	gene 14	12.000000	9.000000	0.111111
529.999001	gene 15	0.000000	7.000000	0.571429
529.999001	gene 2.5	244.000000	30.000000	0.000000
529.999001	gene 2.8	210.000000	30.000000	0.033333
529.999001	gene 3	203.000000	29.000000	0.034483
529.999001	gene 3.8	198.000000	31.000000	0.032258
529.999001	gene 4.2	195.000000	31.000000	0.000000
529.999001	gene 4.3	183.000000	27.000000	0.000000
529.999001	gene 4.5	175.000000	29.000000	0.000000
529.999001	gene 4.7	164.000000	28.000000	0.000000
529.999001	gene 4A	172.000000	29.000000	0.482759
529.999001	gene 5	152.000000	28.000000	0.071429
529.999001	gene 5.3	135.000000	24.000000	0.000000
529.999001	gene 5.5	115.000000	24.000000	0.000000
529.999001	gene 5.7	131.000000	23.000000	0.043478
529.999001	gene 5.9	121.000000	23.000000	0.000000
529.999001	gene 6	101.000000	22.000000	0.000000
529.999001	gene 6.3	92.000000	21.000000	0.000000
529.999001	gene 6.5	175.000000	38.000000	0.026316
529.999001	gene 6.7	133.000000	37.000000	0.000000
529.999001	gene 7	138.000000	37.000000	0.000000
529.999001	gene 7.3	139.000000	34.000000	0.029412
529.999001	gene 7.7	134.000000	32.000000	0.000000
529.999001	gene 8	119.000000	29.000000	0.103448
529.999001	gene 9	217.000000	64.000000	0.031250
529.999001	gp-2	25.000000	24.000000	0.041667
529.999001	lysozyme-3.5	0.000000	28.000000	0.000000
529.999001	nonpref_charged	12944.000000	0.000000	0.000000
529.999001	nonpref_uncharged	2056.000000	0.000000	0.000000
529.999001	pref_charged	32772.000000	0.000000	0.000000
529.999001	pref_uncharged	2228.000000	0.000000	0.000000
529.999001	protein_kinase-0.7	375.000000	9.000000	0.111111
529.999001	rnapol-1	70.000000	9.000000	0.111111
529.999001	rnapol-3.5	164.000000	0.000000	0.000000
534.999000	E. coli B promoter	1.000000	0.000000	0.000000
534.999000	E. coli C promoter	1.000000	0.000000	0.000000
534.999000	E. coli promoter A1	1.000000	0.000000	0.000000
534.999000	E. coli promoter A2	1.000000	0.000000	0.000000
534.999000	E. coli promoter A3	1.000000	0.000000	0.000000
534.999000	T7 promoter phi1.1A	1.000000	0.000000	0.000000
534.999000	T7 promoter phi1.1B	1.000000	0.000000	0.000000
534.999000	T7 promoter phi1.3	1.000000	0.000000	0.000000
534.999000	T7 promoter phi1.5	1.000000	0.000000	0.000000
534.999000	T7 promoter phi1.6	0.000000	0.000000	0.000000
534.999000	T7 promoter phi10	0.000000	0.000000	0.000000
534.999000	T7 promoter phi13	1.000000	0.000000	0.000000
534.999000	T7 promoter phi17	0.000000	0.000000	0.000000
534.999000	T7 promoter phi2.5	1.000000	0.000000	0.000000
534.999000	T7 promoter phi3.8	1.000000	0.000000	0.000000
534.999000	T7 promoter phi4.3	1.000000	0.000000	0.000000
534.999000	T7 promoter phi4.7	1.000000	0.000000	0.000000
534.999000	T7 promoter phi4c	1.000000	0.000000	0.000000
534.999000	T7 promoter phi6.5	0.000000	0.000000	0.000000
534.999000	T7 promoter phi9	1.000000	0.000000	0.000000
534.999000	__gene 0.3_rbs	9.000000	0.000000	0.000000
534.999000	__gene 1.1_rbs	26.000000	0.000000	0.000000
534.999000	__gene 1.2_rbs	19.000000	0.000000	0.000000
534.999000	__gene 1.3_rbs	23.000000	0.000000	0.000000
534.999000	__gene 1.4_rbs	14.000000	0.000000	0.000000
534.999000	__gene 1.7_rbs	24.000000	0.000000	0.000000
534.999000	__gene 1.8_rbs	24.000000	0.000000	0.000000
534.999000	__gene 10A_rbs	130.000000	0.000000	0.000000
534.999000	__gene 11_rbs	19.000000	0.000000	0.000000
534.999000	__gene 12_rbs	17.000000	0.000000	0.000000
534.999000	__gene 13_rbs	14.000000	0.000000	0.000000
534.999000	__gene 14_rbs	13.000000	0.000000	0.000000
534.999000	__gene 15_rbs	10.000000	0.000000	0.000000
534.999000	__gene 16_rbs	0.000000	0.000000	0.000000
534.999000	__gene 17.5_rbs	0.000000	0.000000	0.000000
534.999000	__gene 17_rbs	0.000000	0.000000	0.000000
534.999000	__gene 18.5_rbs	0.000000	0.000000	0.000000
534.999000	__gene 18.7_rbs	0.000000	0.000000	0.000000
534.999000	__gene 18_rbs	0.000000	0.000000	0.000000
534.999000	__gene 19.2_rbs	0.000000	0.000000	0.000000
534.999000	__gene 19.3_rbs	0.000000	0.000000	0.000000
534.999000	__gene 19.5_rbs	0.000000	0.000000	0.000000
534.999000	__gene 19_rbs	0.000000	0.000000	0.000000
534.999000	__gene 2.5_rbs	30.000000	0.000000	0.000000
534.999000	__gene 2.8_rbs	30.000000	0.000000	0.000000
534.999000	__gene 3.8_rbs	33.000000	0.000000	0.000000
534.999000	__gene 3_rbs	30.000000	0.000000	0.000000
534.999000	__gene 4.2_rbs	35.000000	0.000000	0.000000
534.999000	__gene 4.3_rbs	35.000000	0.000000	0.000000
534.999000	__gene 4.5_rbs	37.000000	0.000000	0.000000
534.999000	__gene 4.7_rbs	36.000000	0.000000	0.000000
534.999000	__gene 4A_rbs	32.000000	0.000000	0.000000
534.999000	__gene 5.3_rbs	27.000000	0.000000	0.000000
534.999000	__gene 5.5_rbs	27.000000	0.000000	0.000000
534.999000	__gene 5.7_rbs	27.000000	0.000000	0.000000
534.999000	__gene 5.9_rbs	25.000000	0.000000	0.000000
534.999000	__gene 5_rbs	30.000000	0.000000	0.000000
534.999000	__gene 6.3_rbs	23.000000	0.000000	0.000000
534.999000	__gene 6.5_rbs	40.000000	0.000000	0.000000
534.999000	__gene 6.7_rbs	40.000000	0.000000	0.000000
534.999000	__gene 6_rbs	25.000000	0.000000	0.000000
534.999000	__gene 7.3_rbs	39.000000	0.000000	0.000000
534.999000	__gene 7.7_rbs	38.000000	0.000000	0.000000
534.999000	__gene 7_rbs	40.000000	0.000000	0.000000
534.999000	__gene 8_rbs	37.000000	0.000000	0.000000
534.999000	__gene 9_rbs	71.000000	0.000000	0.000000
534.999000	__gp-2_rbs	24.000000	0.000000	0.000000
534.999000	__lysozyme-3.5_rbs	30.000000	0.000000	0.000000
534.999000	__protein_kinase-0.7_rbs	9.000000	0.000000	0.000000
534.999000	__ribosome	13.000000	0.000000	0.000000
534.999000	__rnapol-1_rbs	9.000000	0.000000	0.000000
534.999000	bound_ecolipol	0.000000	0.000000	0.000000
534.999000	bound_ecolipol_p	1591.000000	0.000000	0.000000
534.999000	bound_ribosome	9719.000000	0.000000	0.000000
534.999000	degraded_transcript	13911.000000	0.000000	0.000000
534.999000	ecoli_genome	209.000000	0.000000	0.000000
534.999000	ecoli_transcript	22937.000000	0.000000	0.000000
534.999000	ecolipol	0.000000	0.000000	0.000000
534.999000	ecolipol-2	0.000000	0.000000	0.000000
534.999000	ecolipol-2-p	135.000000	0.000000	0.000000
534.999000	ecolipol-p	73.000000	0.000000	0.000000
534.999000	gene 0.3	392.000000	9.000000	0.000000
534.999000	gene 1.1	382.000000	26.000000	0.000000
534.999000	gene 1.2	371.000000	19.000000	0.000000
534.999000	gene 1.3	150.000000	23.000000	9.000000
534.999000	gene 1.4	139.000000	14.000000	0.000000
534.999000	gene 1.7	203.000000	24.000000	0.000000
534.999000	gene 1.8	209.000000	24.000000	0.000000
534.999000	gene 10A	443.000000	130.000000	0.107692
534.999000	gene 11	42.000000	19.000000	0.052632
534.999000	gene 12	34.000000	17.000000	0.823529
534.999000	gene 13	20.000000	14.000000	0.000000
534.999000	gene 14	19.000000	13.000000	0.000000
534.999000	gene 15	0.000000	10.000000	1.100000
534.999000	gene 2.5	261.000000	30.000000	0.000000
534.999000	gene 2.8	231.000000	30.000000	0.033333
534.999000	gene 3	225.000000	30.000000	0.000000
534.999000	gene 3.8	218.000000	33.000000	0.030303
534.999000	gene 4.2	225.000000	35.000000	0.028571
534.999000	gene 4.3	209.000000	35.000000	0.000000
534.999000	gene 4.5	200.000000	37.000000	0.000000
534.999000	gene 4.7	189.000000	36.000000	0.000000
534.999000	gene 4A	212.000000	32.000000	0.093750
534.999000	gene 5	174.000000	30.000000	0.133333
534.999000	gene 5.3	166.000000	27.000000	0.000000
534.999000	gene 5.5	137.000000	27.000000	0.000000
534.999000	gene 5.7	144.000000	25.000000	0.000000
534.999000	gene 5.9	143.000000	25.000000	0.000000
534.999000	gene 6	121.000000	25.000000	0.040000
534.999000	gene 6.3	118.000000	23.000000	0.000000
534.999000	gene 6.5	207.000000	40.000000	0.025000
534.999000	gene 6.7	165.000000	40.000000	0.000000
534.999000	gene 7	172.000000	40.000000	0.025000
534.999000	gene 7.3	164.000000	39.000000	0.000000
534.999000	gene 7.7	162.000000	38.000000	0.026316
534.999000	gene 8	152.000000	36.000000	0.111111
534.999000	gene 9	274.000000	71.000000	0.014085
534.999000	gp-2	25.000000	24.000000	0.000000
534.999000	lysozyme-3.5	3.000000	30.000000	0.033333
534.999000	nonpref_charged	12832.000000	0.000000	0.000000
534.999000	nonpref_uncharged	2168.000000	0.000000	0.000000
534.999000	pref_charged	32586.000000	0.000000	0.000000
534.999000	pref_uncharged	2414.000000	0.000000	0.000000
534.999000	protein_kinase-0.7	383.000000	9.000000	0.000000
534.999000	rnapol-1	64.000000	9.000000	0.111111
534.999000	rnapol-3.5	173.000000	0.000000	0.000000
539.999005	E. coli B promoter	1.000000	0.000000	0.000000
539.999005	E. coli C promoter	1.000000	0.000000	0.000000
539.999005	E. coli promoter A1	1.000000	0.000000	0.000000
539.999005	E. coli promoter A2	1.000000	0.000000	0.000000
539.999005	E. coli promoter A3	1.000000	0.000000	0.000000
539.999005	T7 promoter phi1.1A	1.000000	0.000000	0.000000
539.999005	T7 promoter phi1.1B	1.000000	0.000000	0.000000
539.999005	T7 promoter phi1.3	1.000000	0.000000	0.000000
539.999005	T7 promoter phi1.5	1.000000	0.000000	0.000000
539.999005	T7 promoter phi1.6	1.000000	0.000000	0.000000
539.999005	T7 promoter phi10	1.000000	0.000000	0.000000
539.999005	T7 promoter phi13	1.000000	0.000000	0.000000
539.999005	T7 promoter phi17	0.000000	0.000000	0.000000
539.999005	T7 promoter phi2.5	1.000000	0.000000	0.000000
539.999005	T7 promoter phi3.8	1.000000	0.000000	0.000000
539.999005	T7 promoter phi4.3	1.000000	0.000000	0.000000
539.999005	T7 promoter phi4.7	1.000000	0.000000	0.000000
539.999005	T7 promoter phi4c	1.000000	0.000000	0.000000
539.999005	T7 promoter phi6.5	1.000000	0.000000	0.000000
539.999005	T7 promoter phi9	0.000000	0.000000	0.000000
539.999005	__gene 0.3_rbs	9.000000	0.000000	0.000000
539.999005	__gene 1.1_rbs	26.000000	0.000000	0.000000
539.999005	__gene 1.2_rbs	19.000000	0.000000	0.000000
539.999005	__gene 1.3_rbs	25.000000	0.000000	0.000000
539.999005	__gene 1.4_rbs	14.000000	0.000000	0.000000
539.999005	__gene 1.7_rbs	25.000000	0.000000	0.000000
539.999005	__gene 1.8_rbs	25.000000	0.000000	0.000000
539.999005	__gene 10A_rbs	147.000000	0.000000	0.000000
539.999005	__gene 11_rbs	21.000000	0.000000	0.000000
539.999005	__gene 12_rbs	20.000000	0.000000	0.000000
539.999005	__gene 13_rbs	21.000000	0.000000	0.000000
539.999005	__gene 14_rbs	19.000000	0.000000	0.000000
539.999005	__gene 15_rbs	14.000000	0.000000	0.000000
539.999005	__gene 16_rbs	7.000000	0.000000	0.000000
539.999005	__gene 17.5_rbs	0.000000	0.000000	0.000000
539.999005	__gene 17_rbs	0.000000	0.000000	0.000000
539.999005	__gene 18.5_rbs	0.000000	0.000000	0.000000
539.999005	__gene 18.7_rbs	0.000000	0.000000	0.000000
539.999005	__gene 18_rbs	0.000000	0.000000	0.000000
539.999005	__gene 19.2_rbs	0.000000	0.000000	0.000000
539.999005	__gene 19.3_rbs	0.000000	0.000000	0.000000
539.999005	__gene 19.5_rbs	0.000000	0.000000	0.000000
539.999005	__gene 19_rbs	0.000000	0.000000	0.000000
539.999005	__gene 2.5_rbs	30.000000	0.000000	0.000000
539.999005	__gene 2.8_rbs	30.000000	0.000000	0.000000
539.999005	__gene 3.8_rbs	34.000000	0.000000	0.000000
539.999005	__gene 3_rbs	29.000000	0.000000	0.000000
539.999005	__gene 4.2_rbs	38.000000	0.000000	0.000000
539.999005	__gene 4.3_rbs	38.000000	0.000000	0.000000
539.999005	__gene 4.5_rbs	39.000000	0.000000	0.000000
539.999005	__gene 4.7_rbs	37.000000	0.000000	0.000000
539.999005	__gene 4A_rbs	34.000000	0.000000	0.000000
539.999005	__gene 5.3_rbs	28.000000	0.000000	0.000000
539.999005	__gene 5.5_rbs	27.000000	0.000000	0.000000
539.999005	__gene 5.7_rbs	27.000000	0.000000	0.000000
539.999005	__gene 5.9_rbs	27.000000	0.000000	0.000000
539.999005	__gene 5_rbs	37.000000	0.000000	0.000000
539.999005	__gene 6.3_rbs	27.000000	0.000000	0.000000
539.999005	__gene 6.5_rbs	44.000000	0.000000	0.000000
539.999005	__gene 6.7_rbs	42.000000	0.000000	0.000000
539.999005	__gene 6_rbs	27.000000	0.000000	0.000000
539.999005	__gene 7.3_rbs	41.000000	0.000000	0.000000
539.999005	__gene 7.7_rbs	40.000000	0.000000	0.000000
539.999005	__gene 7_rbs	42.000000	0.000000	0.000000
539.999005	__gene 8_rbs	40.000000	0.000000	0.000000
539.999005	__gene 9_rbs	80.000000	0.000000	0.000000
539.999005	__gp-2_rbs	25.000000	0.000000	0.000000
539.999005	__lysozyme-3.5_rbs	30.000000	0.000000	0.000000
539.999005	__protein_kinase-0.7_rbs	9.000000	0.000000	0.000000
539.999005	__ribosome	8.000000	0.000000	0.000000
539.999005	__rnapol-1_rbs	9.000000	0.000000	0.000000
539.999005	bound_ecolipol	0.000000	0.000000	0.000000
539.999005	bound_ecolipol_p	1603.000000	0.000000	0.000000
539.999005	bound_ribosome	9715.000000	0.000000	0.000000
539.999005	degraded_transcript	14124.000000	0.000000	0.000000
539.999005	ecoli_genome	197.000000	0.000000	0.000000
539.999005	ecoli_transcript	23044.000000	0.000000	0.000000
539.999005	ecolipol	0.000000	0.000000	0.000000
539.999005	ecolipol-2	0.000000	0.000000	0.000000
539.999005	ecolipol-2-p	132.000000	0.000000	0.000000
539.999005	ecolipol-p	64.000000	0.000000	0.000000
539.999005	gene 0.3	399.000000	9.000000	0.111111
539.999005	gene 1.1	412.000000	26.000000	0.000000
539.999005	gene 1.2	392.000000	19.000000	0.000000
539.999005	gene 1.3	159.000000	26.000000	8.153846
539.999005	gene 1.4	150.000000	14.000000	0.000000
539.999005	gene 1.7	221.000000	25.000000	0.000000
539.999005	gene 1.8	228.000000	25.000000	0.000000
539.999005	gene 10A	562.000000	147.000000	0.074830
539.999005	gene 11	66.000000	21.000000	0.047619
539.999005	gene 12	57.000000	20.000000	0.200000
539.999005	gene 13	34.000000	21.000000	0.000000
539.999005	gene 14	26.000000	19.000000	0.000000
539.999005	gene 15	18.000000	14.000000	0.642857
539.999005	gene 16	0.000000	7.000000	0.428571
539.999005	gene 2.5	288.000000	30.000000	0.066667
539.999005	gene 2.8	259.000000	30.000000	0.033333
539.999005	gene 3	252.000000	30.000000	0.000000
539.999005	gene 3.8	246.000000	34.000000	0.029412
539.999005	gene 4.2	250.000000	38.000000	0.000000
539.999005	gene 4.3	235.000000	38.000000	0.026316
539.999005	gene 4.5	222.000000	39.000000	0.000000
539.999005	gene 4.7	220.000000	37.000000	0.000000
539.999005	gene 4A	237.000000	34.000000	0.088235
539.999005	gene 5	201.000000	37.000000	0.135135
539.999005	gene 5.3	192.000000	28.000000	0.000000
539.999005	gene 5.5	159.000000	28.000000	0.035714
539.999005	gene 5.7	166.000000	26.000000	0.000000
539.999005	gene 5.9	169.000000	27.000000	0.000000
539.999005	gene 6	139.000000	27.000000	0.037037
539.999005	gene 6.3	146.000000	26.000000	0.000000
539.999005	gene 6.5	244.000000	44.000000	0.000000
539.999005	gene 6.7	195.000000	42.000000	0.023810
539.999005	gene 7	203.000000	41.000000	0.073171
539.999005	gene 7.3	205.000000	41.000000	0.000000
539.999005	gene 7.7	188.000000	40.000000	0.000000
539.999005	gene 8	181.000000	39.000000	0.128205
539.999005	gene 9	321.000000	80.000000	0.100000
539.999005	gp-2	43.000000	25.000000	0.000000
539.999005	lysozyme-3.5	1.000000	30.000000	0.066667
539.999005	nonpref_charged	11990.000000	0.000000	0.000000
539.999005	nonpref_uncharged	3010.000000	0.000000	0.000000
539.999005	pref_charged	31964.000000	0.000000	0.000000
539.999005	pref_uncharged	3036.000000	0.000000	0.000000
539.999005	protein_kinase-0.7	392.000000	9.000000	0.111111
539.999005	rnapol-1	40.000000	9.000000	0.111111
539.999005	rnapol-3.5	198.000000	0.000000	0.000000
544.999001	E. coli B promoter	1.000000	0.000000	0.000000
544.999001	E. coli C promoter	1.000000	0.000000	0.000000
544.999001	E. coli promoter A1	1.000000	0.000000	0.000000
544.999001	E. coli promoter A2	1.000000	0.000000	0.000000
544.999001	E. coli promoter A3	1.000000	0.000000	0.000000
544.999001	T7 promoter phi1.1A	1.000000	0.000000	0.000000
544.999001	T7 promoter phi1.1B	1.000000	0.000000	0.000000
544.999001	T7 promoter phi1.3	1.000000	0.000000	0.000000
544.999001	T7 promoter phi1.5	1.000000	0.000000	0.000000
544.999001	T7 promoter phi1.6	1.000000	0.000000	0.000000
544.999001	T7 promoter phi10	0.000000	0.000000	0.000000
544.999001	T7 promoter phi13	0.000000	0.000000	0.000000
544.999001	T7 promoter phi17	0.000000	0.000000	0.000000
544.999001	T7 promoter phi2.5	1.000000	0.000000	0.000000
544.999001	T7 promoter phi3.8	1.000000	0.000000	0.000000
544.999001	T7 promoter phi4.3	1.000000	0.000000	0.000000
544.999001	T7 promoter phi4.7	1.000000	0.000000	0.000000
544.999001	T7 promoter phi4c	1.000000	0.000000	0.000000
544.999001	T7 promoter phi6.5	1.000000	0.000000	0.000000
544.999001	T7 promoter phi9	1.000000	0.000000	0.000000
544.999001	__gene 0.3_rbs	9.000000	0.000000	0.000000
544.999001	__gene 1.1_rbs	27.000000	0.000000	0.000000
544.999001	__gene 1.2_rbs	20.000000	0.000000	0.000000
544.999001	__gene 1.3_rbs	27.000000	0.000000	0.000000
544.999001	__gene 1.4_rbs	14.000000	0.000000	0.000000
544.999001	__gene 1.7_rbs	25.000000	0.000000	0.000000
544.999001	__gene 1.8_rbs	25.000000	0.000000	0.000000
544.999001	__gene 10A_rbs	169.000000	0.000000	0.000000
544.999001	__gene 11_rbs	22.000000	0.000000	0.000000
544.999001	__gene 12_rbs	21.000000	0.000000	0.000000
544.999001	__gene 13_rbs	23.000000	0.000000	0.000000
544.999001	__gene 14_rbs	22.000000	0.000000	0.000000
544.999001	__gene 15_rbs	21.000000	0.000000	0.000000
544.999001	__gene 16_rbs	10.000000	0.000000	0.000000
544.999001	__gene 17.5_rbs	0.000000	0.000000	0.000000
544.999001	__gene 17_rbs	0.000000	0.000000	0.000000
544.999001	__gene 18.5_rbs	0.000000	0.000000	0.000000
544.999001	__gene 18.7_rbs	0.000000	0.000000	0.000000
544.999001	__gene 18_rbs	0.000000	0.000000	0.000000
544.999001	__gene 19.2_rbs	0.000000	0.000000	0.000000
544.999001	__gene 19.3_rbs	0.000000	0.000000	0.000000
544.999001	__gene 19.5_rbs	0.000000	0.000000	0.000000
544.999001	__gene 19_rbs	0.000000	0.000000	0.000000
544.999001	__gene 2.5_rbs	31.000000	0.000000	0.000000
544.999001	__gene 2.8_rbs	31.000000	0.000000	0.000000
544.999001	__gene 3.8_rbs	34.000000	0.000000	0.000000
544.999001	__gene 3_rbs	30.000000	0.000000	0.000000
544.999001	__gene 4.2_rbs	40.000000	0.000000	0.000000
544.999001	__gene 4.3_rbs	39.000000	0.000000	0.000000
544.999001	__gene 4.5_rbs	41.000000	0.000000	0.000000
544.999001	__gene 4.7_rbs	40.000000	0.000000	0.000000
544.999001	__gene 4A_rbs	34.000000	0.000000	0.000000
544.999001	__gene 5.3_rbs	32.000000	0.000000	0.000000
544.999001	__gene 5.5_rbs	29.000000	0.000000	0.000000
544.999001	__gene 5.7_rbs	29.000000	0.000000	0.000000
544.999001	__gene 5.9_rbs	29.000000	0.000000	0.000000
544.999001	__gene 5_rbs	40.000000	0.000000	0.000000
544.999001	__gene 6.3_rbs	27.000000	0.000000	0.000000
544.999001	__gene 6.5_rbs	48.000000	0.000000	0.000000
544.999001	__gene 6.7_rbs	48.000000	0.000000	0.000000
544.999001	__gene 6_rbs	28.000000	0.000000	0.000000
544.999001	__gene 7.3_rbs	46.000000	0.000000	0.000000
544.999001	__gene 7.7_rbs	43.000000	0.000000	0.000000
544.999001	__gene 7_rbs	48.000000	0.000000	0.000000
544.999001	__gene 8_rbs	42.000000	0.000000	0.000000
544.999001	__gene 9_rbs	89.000000	0.000000	0.000000
544.999001	__gp-2_rbs	25.000000	0.000000	0.000000
544.999001	__lysozyme-3.5_rbs	30.000000	0.000000	0.000000
544.999001	__protein_kinase-0.7_rbs	9.000000	0.000000	0.000000
544.999001	__ribosome	9.000000	0.000000	0.000000
544.999001	__rnapol-1_rbs	9.000000	0.000000	0.000000
544.999001	bound_ecolipol	0.000000	0.000000	0.000000
544.999001	bound_ecolipol_p	1583.000000	0.000000	0.000000
544.999001	bound_ribosome	9713.000000	0.000000	0.000000
544.999001	degraded_transcript	14374.000000	0.000000	0.000000
544.999001	ecoli_genome	217.000000	0.000000	0.000000
544.999001	ecoli_transcript	23106.000000	0.000000	0.000000
544.999001	ecolipol	0.000000	0.000000	0.000000
544.999001	ecolipol-2	0.000000	0.000000	0.000000
544.999001	ecolipol-2-p	157.000000	0.000000	0.000000
544.999001	ecolipol-p	59.000000	0.000000	0.000000
544.999001	gene 0.3	404.000000	9.000000	0.000000
544.999001	gene 1.1	438.000000	27.000000	0.000000
544.999001	gene 1.2	408.000000	20.000000	0.000000
544.999001	gene 1.3	170.000000	28.000000	7.857143
544.999001	gene 1.4	162.000000	14.000000	0.000000
544.999001	gene 1.7	244.000000	25.000000	0.040000
544.999001	gene 1.8	245.000000	25.000000	0.000000
544.999001	gene 10A	685.000000	169.000000	0.071006
544.999001	gene 11	87.000000	22.000000	0.045455
544.999001	gene 12	68.000000	21.000000	0.238095
544.999001	gene 13	54.000000	23.000000	0.043478
544.999001	gene 14	49.000000	22.000000	0.000000
544.999001	gene 15	27.000000	21.000000	0.238095
544.999001	gene 16	0.000000	10.000000	0.700000
544.999001	gene 2.5	318.000000	31.000000	0.000000
544.999001	gene 2.8	290.000000	31.000000	0.032258
544.999001	gene 3	279.000000	30.000000	0.066667
544.999001	gene 3.8	287.000000	34.000000	0.000000
544.999001	gene 4.2	281.000000	40.000000	0.000000
544.999001	gene 4.3	264.000000	39.000000	0.051282
544.999001	gene 4.5	251.000000	41.000000	0.000000
544.999001	gene 4.7	251.000000	40.000000	0.000000
544.999001	gene 4A	258.000000	34.000000	0.117647
544.999001	gene 5	232.000000	40.000000	0.150000
544.999001	gene 5.3	215.000000	32.000000	0.000000
544.999001	gene 5.5	180.000000	29.000000	0.000000
544.999001	gene 5.7	188.000000	27.000000	0.000000
544.999001	gene 5.9	197.000000	29.000000	0.000000
544.999001	gene 6	157.000000	28.000000	0.000000
544.999001	gene 6.3	173.000000	27.000000	0.000000
544.999001	gene 6.5	285.000000	48.000000	0.020833
544.999001	gene 6.7	236.000000	48.000000	0.000000
544.999001	gene 7	241.000000	48.000000	0.020833
544.999001	gene 7.3	235.000000	46.000000	0.021739
544.999001	gene 7.7	216.000000	44.000000	0.022727
544.999001	gene 8	217.000000	42.000000	0.071429
544.999001	gene 9	390.000000	89.000000	0.033708
544.999001	gp-2	39.000000	25.000000	0.000000
544.999001	lysozyme-3.5	4.000000	30.000000	0.000000
544.999001	nonpref_charged	12230.000000	0.000000	0.000000
544.999001	nonpref_uncharged	2770.000000	0.000000	0.000000
544.999001	pref_charged	32403.000000	0.000000	0.000000
544.999001	pref_uncharged	2597.000000	0.000000	0.000000
544.999001	protein_kinase-0.7	398.000000	9.000000	0.111111
544.999001	rnapol-1	33.000000	9.000000	0.000000
544.999001	rnapol-3.5	208.000000	0.000000	0.000000
549.999002	E. coli B promoter	1.000000	0.000000	0.000000
549.999002	E. coli C promoter	1.000000	0.000000	0.000000
549.999002	E. coli promoter A1	1.000000	0.000000	0.000000
549.999002	E. coli promoter A2	1.000000	0.000000	0.000000
549.999002	E. coli promoter A3	1.000000	0.000000	0.000000
549.999002	T7 promoter phi1.1A	1.000000	0.000000	0.000000
549.999002	T7 promoter phi1.1B	1.000000	0.000000	0.000000
549.999002	T7 promoter phi1.3	1.000000	0.000000	0.000000
549.999002	T7 promoter phi1.5	1.000000	0.000000	0.000000
549.999002	T7 promoter phi1.6	1.000000	0.000000	0.000000
549.999002	T7 promoter phi10	0.000000	0.000000	0.000000
549.999002	T7 promoter phi13	1.000000	0.000000	0.000000
549.999002	T7 promoter phi17	0.000000	0.000000	0.000000
549.999002	T7 promoter phi2.5	1.000000	0.000000	0.000000
549.999002	T7 promoter phi3.8	1.000000	0.000000	0.000000
549.999002	T7 promoter phi4.3	1.000000	0.000000	0.000000
549.999002	T7 promoter phi4.7	1.000000	0.000000	0.000000
549.999002	T7 promoter phi4c	1.000000	0.000000	0.000000
549.999002	T7 promoter phi6.5	0.000000	0.000000	0.000000
549.999002	T7 promoter phi9	1.000000	0.000000	0.000000
549.999002	__gene 0.3_rbs	9.000000	0.000000	0.000000
549.999002	__gene 1.1_rbs	27.000000	0.000000	0.000000
549.999002	__gene 1.2_rbs	20.000000	0.000000	0.000000
549.999002	__gene 1.3_rbs	27.000000	0.000000	0.000000
549.999002	__gene 1.4_rbs	14.000000	0.000000	0.000000
549.999002	__gene 1.7_rbs	25.000000	0.000000	0.000000
549.999002	__gene 1.8_rbs	24.000000	0.000000	0.000000
549.999002	__gene 10A_rbs	187.000000	0.000000	0.000000
549.999002	__gene 11_rbs	27.000000	0.000000	0.000000
549.999002	__gene 12_rbs	24.000000	0.000000	0.000000
549.999002	__gene 13_rbs	29.000000	0.000000	0.000000
549.999002	__gene 14_rbs	27.000000	0.000000	0.000000
549.999002	__gene 15_rbs	24.000000	0.000000	0.000000
549.999002	__gene 16_rbs	15.000000	0.000000	0.000000
549.999002	__gene 17.5_rbs	0.000000	0.000000	0.000000
549.999002	__gene 17_rbs	0.000000	0.000000	0.000000
549.999002	__gene 18.5_rbs	0.000000	0.000000	0.000000
549.999002	__gene 18.7_rbs	0.000000	0.000000	0.000000
549.999002	__gene 18_rbs	0.000000	0.000000	0.000000
549.999002	__gene 19.2_rbs	0.000000	0.000000	0.000000
549.999002	__gene 19.3_rbs	0.000000	0.000000	0.000000
549.999002	__gene 19.5_rbs	0.000000	0.000000	0.000000
549.999002	__gene 19_rbs	0.000000	0.000000	0.000000
549.999002	__gene 2.5_rbs	31.000000	0.000000	0.000000
549.999002	__gene 2.8_rbs	31.000000	0.000000	0.000000
549.999002	__gene 3.8_rbs	35.000000	0.000000	0.000000
549.999002	__gene 3_rbs	31.000000	0.000000	0.000000
549.999002	__gene 4.2_rbs	40.000000	0.000000	0.000000
549.999002	__gene 4.3_rbs	39.000000	0.000000	0.000000
549.999002	__gene 4.5_rbs	43.000000	0.000000	0.000000
549.999002	__gene 4.7_rbs	43.000000	0.000000	0.000000
549.999002	__gene 4A_rbs	34.000000	0.000000	0.000000
549.999002	__gene 5.3_rbs	37.000000	0.000000	0.000000
549.999002	__gene 5.5_rbs	37.000000	0.000000	0.000000
549.999002	__gene 5.7_rbs	37.000000	0.000000	0.000000
549.999002	__gene 5.9_rbs	36.000000	0.000000	0.000000
549.999002	__gene 5_rbs	42.000000	0.000000	0.000000
549.999002	__gene 6.3_rbs	29.000000	0.000000	0.000000
549.999002	__gene 6.5_rbs	52.000000	0.000000	0.000000
549.999002	__gene 6.7_rbs	51.000000	0.000000	0.000000
549.999002	__gene 6_rbs	34.000000	0.000000	0.000000
549.999002	__gene 7.3_rbs	48.000000	0.000000	0.000000
549.999002	__gene 7.7_rbs	48.000000	0.000000	0.000000
549.999002	__gene 7_rbs	51.000000	0.000000	0.000000
549.999002	__gene 8_rbs	47.000000	0.000000	0.000000
549.999002	__gene 9_rbs	97.000000	0.000000	0.000000
549.999002	__gp-2_rbs	25.000000	0.000000	0.000000
549.999002	__lysozyme-3.5_rbs	31.000000	0.000000	0.000000
549.999002	__protein_kinase-0.7_rbs	9.000000	0.000000	0.000000
549.999002	__ribosome	9.000000	0.000000	0.000000
549.999002	__rnapol-1_rbs	9.000000	0.000000	0.000000
549.999002	bound_ecolipol	0.000000	0.000000	0.000000
549.999002	bound_ecolipol_p	1574.000000	0.000000	0.000000
549.999002	bound_ribosome	9674.000000	0.000000	0.000000
549.999002	degraded_transcript	14618.000000	0.000000	0.000000
549.999002	ecoli_genome	226.000000	0.000000	0.000000
549.999002	ecoli_transcript	23205.000000	0.000000	0.000000
549.999002	ecolipol	0.000000	0.000000	0.000000
549.999002	ecolipol-2	0.000000	0.000000	0.000000
549.999002	ecolipol-2-p	161.000000	0.000000	0.000000
549.999002	ecolipol-p	64.000000	0.000000	0.000000
549.999002	gene 0.3	406.000000	9.000000	0.000000
549.999002	gene 1.1	463.000000	27.000000	0.037037
549.999002	gene 1.2	423.000000	20.000000	0.150000
549.999002	gene 1.3	188.000000	29.000000	7.931034
549.999002	gene 1.4	171.000000	14.000000	0.000000
549.999002	gene 1.7	266.000000	25.000000	0.080000
549.999002	gene 1.8	267.000000	25.000000	0.040000
549.999002	gene 10A	835.000000	187.000000	0.080214
549.999002	gene 11	110.000000	27.000000	0.000000
549.999002	gene 12	92.000000	24.000000	0.125000
549.999002	gene 13	71.000000	29.000000	0.000000
549.999002	gene 14	67.000000	27.000000	0.037037
549.999002	gene 15	44.000000	24.000000	0.208333
549.999002	gene 16	0.000000	15.000000	1.333333
549.999002	gene 2.5	344.000000	31.000000	0.000000
549.999002	gene 2.8	333.000000	31.000000	0.032258
549.999002	gene 3	301.000000	31.000000	0.000000
549.999002	gene 3.8	313.000000	35.000000	0.000000
549.999002	gene 4.2	305.000000	40.000000	0.000000
549.999002	gene 4.3	298.000000	40.000000	0.025000
549.999002	gene 4.5	291.000000	43.000000	0.000000
549.999002	gene 4.7	285.000000	43.000000	0.023256
549.999002	gene 4A	292.000000	34.000000	0.029412
549.999002	gene 5	255.000000	42.000000	0.095238
549.999002	gene 5.3	245.000000	37.000000	0.000000
549.999002	gene 5.5	206.000000	37.000000	0.000000
549.999002	gene 5.7	219.000000	35.000000	0.000000
549.999002	gene 5.9	211.000000	36.000000	0.000000
549.999002	gene 6	177.000000	34.000000	0.000000
549.999002	gene 6.3	206.000000	29.000000	0.000000
549.999002	gene 6.5	327.000000	52.000000	0.019231
549.999002	gene 6.7	284.000000	51.000000	0.019608
549.999002	gene 7	272.000000	51.000000	0.058824
549.999002	gene 7.3	268.000000	48.000000	0.020833
549.999002	gene 7.7	254.000000	48.000000	0.041667
549.999002	gene 8	259.000000	48.000000	0.145833
549.999002	gene 9	476.000000	97.000000	0.092784
549.999002	gp-2	52.000000	25.000000	0.000000
549.999002	lysozyme-3.5	4.000000	31.000000	0.096774
549.999002	nonpref_charged	11554.000000	0.000000	0.000000
549.999002	nonpref_uncharged	3446.000000	0.000000	0.000000
549.999002	pref_charged	31248.000000	0.000000	0.000000
549.999002	pref_uncharged	3752.000000	0.000000	0.000000
549.999002	protein_kinase-0.7	407.000000	9.000000	0.000000
549.999002	rnapol-1	11.000000	9.000000	0.111111
549.999002	rnapol-3.5	230.000000	0.000000	0.000000
554.999001	E. coli B promoter	1.000000	0.000000	0.000000
554.999001	E. coli C promoter	1.000000	0.000000	0.000000
554.999001	E. coli promoter A1	1.000000	0.000000	0.000000
554.999001	E. coli promoter A2	1.000000	0.000000	0.000000
554.999001	E. coli promoter A3	1.000000	0.000000	0.000000
554.999001	T7 promoter phi1.1A	1.000000	0.000000	0.000000
554.999001	T7 promoter phi1.1B	1.000000	0.000000	0.000000
554.999001	T7 promoter phi1.3	1.000000	0.000000	0.000000
554.999001	T7 promoter phi1.5	1.000000	0.000000	0.000000
554.999001	T7 promoter phi1.6	1.000000	0.000000	0.000000
554.999001	T7 promoter phi10	0.000000	0.000000	0.000000
554.999001	T7 promoter phi13	1.000000	0.000000	0.000000
554.999001	T7 promoter phi17	0.000000	0.000000	0.000000
554.999001	T7 promoter phi2.5	1.000000	0.000000	0.000000
554.999001	T7 promoter phi3.8	1.000000	0.000000	0.000000
554.999001	T7 promoter phi4.3	1.000000	0.000000	0.000000
554.999001	T7 promoter phi4.7	1.000000	0.000000	0.000000
554.999001	T7 promoter phi4c	1.000000	0.000000	0.000000
554.999001	T7 promoter phi6.5	0.000000	0.000000	0.000000
554.999001	T7 promoter phi9	0.000000	0.000000	0.000000
554.999001	__gene 0.3_rbs	9.000000	0.000000	0.000000
554.999001	__gene 1.1_rbs	26.000000	0.000000	0.000000
554.999001	__gene 1.2_rbs	20.000000	0.000000	0.000000
554.999001	__gene 1.3_rbs	27.000000	0.000000	0.000000
554.999001	__gene 1.4_rbs	14.000000	0.000000	0.000000
554.999001	__gene 1.7_rbs	24.000000	0.000000	0.000000
554.999001	__gene 1.8_rbs	25.000000	0.000000	0.000000
554.999001	__gene 10A_rbs	206.000000	0.000000	0.000000
554.999001	__gene 11_rbs	29.000000	0.000000	0.000000
554.999001	__gene 12_rbs	28.000000	0.000000	0.000000
554.999001	__gene 13_rbs	34.000000	0.000000	0.000000
554.999001	__gene 14_rbs	33.000000	0.000000	0.000000
554.999001	__gene 15_rbs	29.000000	0.000000	0.000000
554.999001	__gene 16_rbs	21.000000	0.000000	0.000000
554.999001	__gene 17.5_rbs	0.000000	0.000000	0.000000
554.999001	__gene 17_rbs	4.000000	0.000000	0.000000
554.999001	__gene 18.5_rbs	0.000000	0.000000	0.000000
554.999001	__gene 18.7_rbs	0.000000	0.000000	0.000000
554.999001	__gene 18_rbs	0.000000	0.000000	0.000000
554.999001	__gene 19.2_rbs	0.000000	0.000000	0.000000
554.999001	__gene 19.3_rbs	0.000000	0.000000	0.000000
554.999001	__gene 19.5_rbs	0.000000	0.000000	0.000000
554.999001	__gene 19_rbs	0.000000	0.000000	0.000000
554.999001	__gene 2.5_rbs	31.000000	0.000000	0.000000
554.999001	__gene 2.8_rbs	31.000000	0.000000	0.000000
554.999001	__gene 3.8_rbs	35.000000	0.000000	0.000000
554.999001	__gene 3_rbs	31.000000	0.000000	0.000000
554.999001	__gene 4.2_rbs	40.000000	0.000000	0.000000
554.999001	__gene 4.3_rbs	40.000000	0.000000	0.000000
554.999001	__gene 4.5_rbs	42.000000	0.000000	0.000000
554.999001	__gene 4.7_rbs	43.000000	0.000000	0.000000
554.999001	__gene 4A_rbs	35.000000	0.000000	0.000000
554.999001	__gene 5.3_rbs	40.000000	0.000000	0.000000
554.999001	__gene 5.5_rbs	38.000000	0.000000	0.000000
554.999001	__gene 5.7_rbs	37.000000	0.000000	0.000000
554.999001	__gene 5.9_rbs	37.000000	0.000000	0.000000
554.999001	__gene 5_rbs	43.000000	0.000000	0.000000
554.999001	__gene 6.3_rbs	36.000000	0.000000	0.000000
554.999001	__gene 6.5_rbs	59.000000	0.000000	0.000000
554.999001	__gene 6.7_rbs	56.000000	0.000000	0.000000
554.999001	__gene 6_rbs	37.000000	0.000000	0.000000
554.999001	__gene 7.3_rbs	54.000000	0.000000	0.000000
554.999001	__gene 7.7_rbs	52.000000	0.000000	0.000000
554.999001	__gene 7_rbs	54.000000	0.000000	0.000000
554.999001	__gene 8_rbs	51.000000	0.000000	0.000000
554.999001	__gene 9_rbs	106.000000	0.000000	0.000000
554.999001	__gp-2_rbs	25.000000	0.000000	0.000000
554.999001	__lysozyme-3.5_rbs	31.000000	0.000000	0.000000
554.999001	__protein_kinase-0.7_rbs	9.000000	0.000000	0.000000
554.999001	__ribosome	9.000000	0.000000	0.000000
554.999001	__rnapol-1_rbs	9.000000	0.000000	0.000000
554.999001	bound_ecolipol	0.000000	0.000000	0.000000
554.999001	bound_ecolipol_p	1546.000000	0.000000	0.000000
554.999001	bound_ribosome	9667.000000	0.000000	0.000000
554.999001	degraded_transcript	14832.000000	0.000000	0.000000
554.999001	ecoli_genome	254.000000	0.000000	0.000000
554.999001	ecoli_transcript	23331.000000	0.000000	0.000000
554.999001	ecolipol	0.000000	0.000000	0.000000
554.999001	ecolipol-2	0.000000	0.000000	0.000000
554.999001	ecolipol-2-p	184.000000	0.000000	0.000000
554.999001	ecolipol-p	69.000000	0.000000	0.000000
554.999001	gene 0.3	417.000000	9.000000	0.111111
554.999001	gene 1.1	481.000000	27.000000	0.037037
554.999001	gene 1.2	441.000000	20.000000	0.300000
554.999001	gene 1.3	199.000000	29.000000	8.206897
554.999001	gene 1.4	181.000000	14.000000	0.000000
554.999001	gene 1.7	295.000000	25.000000	0.120000
554.999001	gene 1.8	289.000000	25.000000	0.000000
554.999001	gene 10A	1004.000000	206.000000	0.038835
554.999001	gene 11	138.000000	29.000000	0.103448
554.999001	gene 12	108.000000	28.000000	0.178571
554.999001	gene 13	106.000000	34.000000	0.029412
554.999001	gene 14	91.000000	33.000000	0.000000
554.999001	gene 15	69.000000	29.000000	0.241379
554.999001	gene 16	11.000000	21.000000	0.809524
554.999001	gene 17	0.000000	4.000000	0.250000
554.999001	gene 2.5	362.000000	31.000000	0.064516
554.999001	gene 2.8	354.000000	31.000000	0.000000
554.999001	gene 3	333.000000	31.000000	0.000000
554.999001	gene 3.8	343.000000	35.000000	0.028571
554.999001	gene 4.2	340.000000	40.000000	0.000000
554.999001	gene 4.3	327.000000	40.000000	0.000000
554.999001	gene 4.5	333.000000	43.000000	0.023256
554.999001	gene 4.7	314.000000	43.000000	0.000000
554.999001	gene 4A	313.000000	35.000000	0.057143
554.999001	gene 5	298.000000	43.000000	0.162791
554.999001	gene 5.3	277.000000	40.000000	0.025000
554.999001	gene 5.5	238.000000	39.000000	0.000000
554.999001	gene 5.7	250.000000	35.000000	0.000000
554.999001	gene 5.9	240.000000	37.000000	0.027027
554.999001	gene 6	209.000000	37.000000	0.000000
554.999001	gene 6.3	246.000000	34.000000	0.000000
554.999001	gene 6.5	375.000000	59.000000	0.000000
554.999001	gene 6.7	331.000000	56.000000	0.000000
554.999001	gene 7	313.000000	54.000000	0.000000
554.999001	gene 7.3	314.000000	54.000000	0.018519
554.999001	gene 7.7	297.000000	52.000000	0.000000
554.999001	gene 8	297.000000	50.000000	0.200000
554.999001	gene 9	565.000000	106.000000	0.047170
554.999001	gp-2	51.000000	25.000000	0.040000
554.999001	lysozyme-3.5	10.000000	31.000000	0.000000
554.999001	nonpref_charged	11561.000000	0.000000	0.000000
554.999001	nonpref_uncharged	3439.000000	0.000000	0.000000
554.999001	pref_charged	31794.000000	0.000000	0.000000
554.999001	pref_uncharged	3206.000000	0.000000	0.000000
554.999001	protein_kinase-0.7	412.000000	9.000000	0.111111
554.999001	rnapol-1	11.000000	9.000000	0.000000
554.999001	rnapol-3.5	241.000000	0.000000	0.000000
559.999000	E. coli B promoter	1.000000	0.000000	0.000000
559.999000	E. coli C promoter	1.000000	0.000000	0.000000
559.999000	E. coli promoter A1	1.000000	0.000000	0.000000
559.999000	E. coli promoter A2	1.000000	0.000000	0.000000
559.999000	E. coli promoter A3	1.000000	0.000000	0.000000
559.999000	T7 promoter phi1.1A	1.000000	0.000000	0.000000
559.999000	T7 promoter phi1.1B	1.000000	0.000000	0.000000
559.999000	T7 promoter phi1.3	1.000000	0.000000	0.000000
559.999000	T7 promoter phi1.5	1.000000	0.000000	0.000000
559.999000	T7 promoter phi1.6	0.000000	0.000000	0.000000
559.999000	T7 promoter phi10	0.000000	0.000000	0.000000
559.999000	T7 promoter phi13	1.000000	0.000000	0.000000
559.999000	T7 promoter phi17	1.000000	0.000000	0.000000
559.999000	T7 promoter phi2.5	1.000000	0.000000	0.000000
559.999000	T7 promoter phi3.8	1.000000	0.000000	0.000000
559.999000	T7 promoter phi4.3	1.000000	0.000000	0.000000
559.999000	T7 promoter phi4.7	1.000000	0.000000	0.000000
559.999000	T7 promoter phi4c	1.000000	0.000000	0.000000
559.999000	T7 promoter phi6.5	1.000000	0.000000	0.000000
559.999000	T7 promoter phi9	1.000000	0.000000	0.000000
559.999000	__gene 0.3_rbs	9.000000	0.000000	0.000000
559.999000	__gene 1.1_rbs	27.000000	0.000000	0.000000
559.999000	__gene 1.2_rbs	20.000000	0.000000	0.000000
559.999000	__gene 1.3_rbs	27.000000	0.000000	0.000000
559.999000	__gene 1.4_rbs	20.000000	0.000000	0.000000
559.999000	__gene 1.7_rbs	25.000000	0.000000	0.000000
559.999000	__gene 1.8_rbs	25.000000	0.000000	0.000000
559.999000	__gene 10A_rbs	223.000000	0.000000	0.000000
559.999000	__gene 11_rbs	34.000000	0.000000	0.000000
559.999000	__gene 12_rbs	31.000000	0.000000	0.000000
559.999000	__gene 13_rbs	40.000000	0.000000	0.000000
559.999000	__gene 14_rbs	37.000000	0.000000	0.000000
559.999000	__gene 15_rbs	34.000000	0.000000	0.000000
559.999000	__gene 16_rbs	24.000000	0.000000	0.000000
559.999000	__gene 17.5_rbs	0.000000	0.000000	0.000000
559.999000	__gene 17_rbs	12.000000	0.000000	0.000000
559.999000	__gene 18.5_rbs	0.000000	0.000000	0.000000
559.999000	__gene 18.7_rbs	0.000000	0.000000	0.000000
559.999000	__gene 18_rbs	0.000000	0.000000	0.000000
559.999000	__gene 19.2_rbs	0.000000	0.000000	0.000000
559.999000	__gene 19.3_rbs	0.000000	0.000000	0.000000
559.999000	__gene 19.5_rbs	0.000000	0.000000	0.000000
559.999000	__gene 19_rbs	0.000000	0.000000	0.000000
559.999000	__gene 2.5_rbs	31.000000	0.000000	0.000000
559.999000	__gene 2.8_rbs	30.000000	0.000000	0.000000
559.999000	__gene 3.8_rbs	36.000000	0.000000	0.000000
559.999000	__gene 3_rbs	31.000000	0.000000	0.000000
559.999000	__gene 4.2_rbs	41.000000	0.000000	0.000000
559.999000	__gene 4.3_rbs	41.000000	0.000000	0.000000
559.999000	__gene 4.5_rbs	45.000000	0.000000	0.000000
559.999000	__gene 4.7_rbs	44.000000	0.000000	0.000000
559.999000	__gene 4A_rbs	36.000000	0.000000	0.000000
559.999000	__gene 5.3_rbs	43.000000	0.000000	0.000000
559.999000	__gene 5.5_rbs	42.000000	0.000000	0.000000
559.999000	__gene 5.7_rbs	40.000000	0.000000	0.000000
559.999000	__gene 5.9_rbs	40.000000	0.000000	0.000000
559.999000	__gene 5_rbs	43.000000	0.000000	0.000000
559.999000	__gene 6.3_rbs	37.000000	0.000000	0.000000
559.999000	__gene 6.5_rbs	62.000000	0.000000	0.000000
559.999000	__gene 6.7_rbs	62.000000	0.000000	0.000000
559.999000	__gene 6_rbs	39.000000	0.000000	0.000000
559.999000	__gene 7.3_rbs	61.000000	0.000000	0.000000
559.999000	__gene 7.7_rbs	57.000000	0.000000	0.000000
559.999000	__gene 7_rbs	62.000000	0.000000	0.000000
559.999000	__gene 8_rbs	54.000000	0.000000	0.000000
559.999000	__gene 9_rbs	115.000000	0.000000	0.000000
559.999000	__gp-2_rbs	25.000000	0.000000	0.000000
559.999000	__lysozyme-3.5_rbs	31.000000	0.000000	0.000000
559.999000	__protein_kinase-0.7_rbs	9.000000	0.000000	0.000000
559.999000	__ribosome	9.000000	0.000000	0.000000
559.999000	__rnapol-1_rbs	9.000000	0.000000	0.000000
559.999000	bound_ecolipol	0.000000	0.000000	0.000000
559.999000	bound_ecolipol_p	1554.000000	0.000000	0.000000
559.999000	bound_ribosome	9669.000000	0.000000	0.000000
559.999000	degraded_transcript	15065.000000	0.000000	0.000000
559.999000	ecoli_genome	246.000000	0.000000	0.000000
559.999000	ecoli_transcript	23411.000000	0.000000	0.000000
559.999000	ecolipol	0.000000	0.000000	0.000000
559.999000	ecolipol-2	0.000000	0.000000	0.000000
559.999000	ecolipol-2-p	180.000000	0.000000	0.000000
559.999000	ecolipol-p	66.000000	0.000000	0.000000
559.999000	gene 0.3	423.000000	9.000000	0.000000
559.999000	gene 1.1	500.000000	27.000000	0.000000
559.999000	gene 1.2	450.000000	20.000000	0.300000
559.999000	gene 1.3	224.000000	29.000000	7.965517
559.999000	gene 1.4	190.000000	20.000000	0.000000
559.999000	gene 1.7	326.000000	25.000000	0.040000
559.999000	gene 1.8	313.000000	25.000000	0.000000
559.999000	gene 10A	1177.000000	225.000000	0.040000
559.999000	gene 11	163.000000	34.000000	0.000000
559.999000	gene 12	135.000000	31.000000	0.290323
559.999000	gene 13	142.000000	40.000000	0.000000
559.999000	gene 14	125.000000	37.000000	0.000000
559.999000	gene 15	89.000000	34.000000	0.382353
559.999000	gene 16	27.000000	24.000000	0.583333
559.999000	gene 17	2.000000	12.000000	0.416667
559.999000	gene 2.5	385.000000	31.000000	0.032258
559.999000	gene 2.8	376.000000	31.000000	0.032258
559.999000	gene 3	350.000000	31.000000	0.032258
559.999000	gene 3.8	364.000000	36.000000	0.027778
559.999000	gene 4.2	368.000000	41.000000	0.000000
559.999000	gene 4.3	360.000000	41.000000	0.000000
559.999000	gene 4.5	369.000000	45.000000	0.000000
559.999000	gene 4.7	349.000000	44.000000	0.000000
559.999000	gene 4A	338.000000	36.000000	0.083333
559.999000	gene 5	336.000000	43.000000	0.139535
559.999000	gene 5.3	309.000000	43.000000	0.023256
559.999000	gene 5.5	268.000000	42.000000	0.023810
559.999000	gene 5.7	283.000000	39.000000	0.000000
559.999000	gene 5.9	266.000000	40.000000	0.025000
559.999000	gene 6	234.000000	40.000000	0.000000
559.999000	gene 6.3	273.000000	37.000000	0.000000
559.999000	gene 6.5	425.000000	62.000000	0.016129
559.999000	gene 6.7	380.000000	62.000000	0.000000
559.999000	gene 7	370.000000	62.000000	0.000000
559.999000	gene 7.3	354.000000	61.000000	0.049180
559.999000	gene 7.7	338.000000	58.000000	0.017241
559.999000	gene 8	356.000000	53.000000	0.150943
559.999000	gene 9	668.000000	115.000000	0.034783
559.999000	gp-2	78.000000	25.000000	0.000000
559.999000	lysozyme-3.5	17.000000	31.000000	0.000000
559.999000	nonpref_charged	11492.000000	0.000000	0.000000
559.999000	nonpref_uncharged	3508.000000	0.000000	0.000000
559.999000	pref_charged	31347.000000	0.000000	0.000000
559.999000	pref_uncharged	3653.000000	0.000000	0.000000
559.999000	protein_kinase-0.7	420.000000	9.000000	0.111111
559.999000	rnapol-1	7.000000	9.000000	0.000000
559.999000	rnapol-3.5	239.000000	0.000000	0.000000
564.999001	E. coli B promoter	1.000000	0.000000	0.000000
564.999001	E. coli C promoter	1.000000	0.000000	0.000000
564.999001	E. coli promoter A1	1.000000	0.000000	0.000000
564.999001	E. coli promoter A2	1.000000	0.000000	0.000000
564.999001	E. coli promoter A3	1.000000	0.000000	0.000000
564.999001	T7 promoter phi1.1A	1.000000	0.000000	0.000000
564.999001	T7 promoter phi1.1B	1.000000	0.000000	0.000000
564.999001	T7 promoter phi1.3	1.000000	0.000000	0.000000
564.999001	T7 promoter phi1.5	1.000000	0.000000	0.000000
564.999001	T7 promoter phi1.6	1.000000	0.000000	0.000000
564.999001	T7 promoter phi10	0.000000	0.000000	0.000000
564.999001	T7 promoter phi13	1.000000	0.000000	0.000000
564.999001	T7 promoter phi17	0.000000	0.000000	0.000000
564.999001	T7 promoter phi2.5	1.000000	0.000000	0.000000
564.999001	T7 promoter phi3.8	1.000000	0.000000	0.000000
564.999001	T7 promoter phi4.3	1.000000	0.000000	0.000000
564.999001	T7 promoter phi4.7	1.000000	0.000000	0.000000
564.999001	T7 promoter phi4c	1.000000	0.000000	0.000000
564.999001	T7 promoter phi6.5	1.000000	0.000000	0.000000
564.999001	T7 promoter phi9	1.000000	0.000000	0.000000
564.999001	__gene 0.3_rbs	9.000000	0.000000	0.000000
564.999001	__gene 1.1_rbs	28.000000	0.000000	0.000000
564.999001	__gene 1.2_rbs	21.000000	0.000000	0.000000
564.999001	__gene 1.3_rbs	28.000000	0.000000	0.000000
564.999001	__gene 1.4_rbs	20.000000	0.000000	0.000000
564.999001	__gene 1.7_rbs	31.000000	0.000000	0.000000
564.999001	__gene 1.8_rbs	31.000000	0.000000	0.000000
564.999001	__gene 10A_rbs	244.000000	0.000000	0.000000
564.999001	__gene 11_rbs	36.000000	0.000000	0.000000
564.999001	__gene 12_rbs	35.000000	0.000000	0.000000
564.999001	__gene 13_rbs	46.000000	0.000000	0.000000
564.999001	__gene 14_rbs	45.000000	0.000000	0.000000
564.999001	__gene 15_rbs	40.000000	0.000000	0.000000
564.999001	__gene 16_rbs	30.000000	0.000000	0.000000
564.999001	__gene 17.5_rbs	9.000000	0.000000	0.000000
564.999001	__gene 17_rbs	16.000000	0.000000	0.000000
564.999001	__gene 18.5_rbs	5.000000	0.000000	0.000000
564.999001	__gene 18.7_rbs	3.000000	0.000000	0.000000
564.999001	__gene 18_rbs	7.000000	0.000000	0.000000
564.999001	__gene 19.2_rbs	0.000000	0.000000	0.000000
564.999001	__gene 19.3_rbs	0.000000	0.000000	0.000000
564.999001	__gene 19.5_rbs	0.000000	0.000000	0.000000
564.999001	__gene 19_rbs	1.000000	0.000000	0.000000
564.999001	__gene 2.5_rbs	33.000000	0.000000	0.000000
564.999001	__gene 2.8_rbs	31.000000	0.000000	0.000000
564.999001	__gene 3.8_rbs	37.000000	0.000000	0.000000
564.999001	__gene 3_rbs	31.000000	0.000000	0.000000
564.999001	__gene 4.2_rbs	41.000000	0.000000	0.000000
564.999001	__gene 4.3_rbs	41.000000	0.000000	0.000000
564.999001	__gene 4.5_rbs	45.000000	0.000000	0.000000
564.999001	__gene 4.7_rbs	45.000000	0.000000	0.000000
564.999001	__gene 4A_rbs	37.000000	0.000000	0.000000
564.999001	__gene 5.3_rbs	43.000000	0.000000	0.000000
564.999001	__gene 5.5_rbs	43.000000	0.000000	0.000000
564.999001	__gene 5.7_rbs	43.000000	0.000000	0.000000
564.999001	__gene 5.9_rbs	43.000000	0.000000	0.000000
564.999001	__gene 5_rbs	45.000000	0.000000	0.000000
564.999001	__gene 6.3_rbs	40.000000	0.000000	0.000000
564.999001	__gene 6.5_rbs	67.000000	0.000000	0.000000
564.999001	__gene 6.7_rbs	66.000000	0.000000	0.000000
564.999001	__gene 6_rbs	43.000000	0.000000	0.000000
564.999001	__gene 7.3_rbs	62.000000	0.000000	0.000000
564.999001	__gene 7.7_rbs	62.000000	0.000000	0.000000
564.999001	__gene 7_rbs	64.000000	0.000000	0.000000
564.999001	__gene 8_rbs	62.000000	0.000000	0.000000
564.999001	__gene 9_rbs	124.000000	0.000000	0.000000
564.999001	__gp-2_rbs	30.000000	0.000000	0.000000
564.999001	__lysozyme-3.5_rbs	31.000000	0.000000	0.000000
564.999001	__protein_kinase-0.7_rbs	9.000000	0.000000	0.000000
564.999001	__ribosome	7.000000	0.000000	0.000000
564.999001	__rnapol-1_rbs	9.000000	0.000000	0.000000
564.999001	bound_ecolipol	0.000000	0.000000	0.000000
564.999001	bound_ecolipol_p	1541.000000	0.000000	0.000000
564.999001	bound_ribosome	9648.000000	0.000000	0.000000
564.999001	degraded_transcript	15298.000000	0.000000	0.000000
564.999001	ecoli_genome	259.000000	0.000000	0.000000
564.999001	ecoli_transcript	23521.000000	0.000000	0.000000
564.999001	ecolipol	0.000000	0.000000	0.000000
564.999001	ecolipol-2	0.000000	0.000000	0.000000
564.999001	ecolipol-2-p	198.000000	0.000000	0.000000
564.999001	ecolipol-p	61.000000	0.000000	0.000000
564.999001	gene 0.3	429.000000	9.000000	0.000000
564.999001	gene 1.1	516.000000	28.000000	0.000000
564.999001	gene 1.2	464.000000	21.000000	0.380952
564.999001	gene 1.3	240.000000	30.000000	7.933333
564.999001	gene 1.4	204.000000	20.000000	0.000000
564.999001	gene 1.7	343.000000	31.000000	0.032258
564.999001	gene 1.8	340.000000	30.000000	0.000000
564.999001	gene 10A	1362.000000	245.000000	0.065306
564.999001	gene 11	195.000000	36.000000	0.000000
564.999001	gene 12	165.000000	35.000000	0.171429
564.999001	gene 13	179.000000	46.000000	0.021739
564.999001	gene 14	149.000000	45.000000	0.000000
564.999001	gene 15	121.000000	41.000000	0.243902
564.999001	gene 16	40.000000	30.000000	0.866667
564.999001	gene 17	16.000000	16.000000	0.437500
564.999001	gene 17.5	5.000000	9.000000	0.222222
564.999001	gene 18	0.000000	7.000000	0.000000
564.999001	gene 18.5	1.000000	5.000000	0.000000
564.999001	gene 18.7	1.000000	3.000000	0.000000
564.999001	gene 19	0.000000	1.000000	0.000000
564.999001	gene 2.5	414.000000	33.000000	0.000000
564.999001	gene 2.8	406.000000	31.000000	0.032258
564.999001	gene 3	371.000000	31.000000	0.032258
564.999001	gene 3.8	406.000000	37.000000	0.027027
564.999001	gene 4.2	402.000000	41.000000	0.000000
564.999001	gene 4.3	385.000000	41.000000	0.000000
564.999001	gene 4.5	408.000000	45.000000	0.022222
564.999001	gene 4.7	390.000000	45.000000	0.000000
564.999001	gene 4A	371.000000	37.000000	0.108108
564.999001	gene 5	369.000000	45.000000	0.066667
564.999001	gene 5.3	343.000000	43.000000	0.000000
564.999001	gene 5.5	295.000000	43.000000	0.000000
564.999001	gene 5.7	321.000000	42.000000	0.000000
564.999001	gene 5.9	292.000000	42.000000	0.000000
564.999001	gene 6	270.000000	43.000000	0.069767
564.999001	gene 6.3	311.000000	39.000000	0.000000
564.999001	gene 6.5	485.000000	67.000000	0.014925
564.999001	gene 6.7	433.000000	67.000000	0.014925
564.999001	gene 7	421.000000	65.000000	0.015385
564.999001	gene 7.3	402.000000	62.000000	0.000000
564.999001	gene 7.7	386.000000	62.000000	0.016129
564.999001	gene 8	403.000000	61.000000	0.114754
564.999001	gene 9	757.000000	124.000000	0.024194
564.999001	gp-2	79.000000	30.000000	0.000000
564.999001	lysozyme-3.5	27.000000	31.000000	0.000000
564.999001	nonpref_charged	11416.000000	0.000000	0.000000
564.999001	nonpref_uncharged	3584.000000	0.000000	0.000000
564.999001	pref_charged	31425.000000	0.000000	0.000000
564.999001	pref_uncharged	3575.000000	0.000000	0.000000
564.999001	protein_kinase-0.7	426.000000	9.000000	0.111111
564.999001	rnapol-1	3.000000	9.000000	0.111111
564.999001	rnapol-3.5	244.000000	0.000000	0.000000
569.999001	E. coli B promoter	1.000000	0.000000	0.000000
569.999001	E. coli C promoter	1.000000	0.000000	0.000000
569.999001	E. coli promoter A1	1.000000	0.000000	0.000000
569.999001	E. coli promoter A2	1.000000	0.000000	0.000000
569.999001	E. coli promoter A3	1.000000	0.000000	0.000000
569.999001	T7 promoter phi1.1A	1.000000	0.000000	0.000000
569.999001	T7 promoter phi1.1B	1.000000	0.000000	0.000000
569.999001	T7 promoter phi1.3	1.000000	0.000000	0.000000
569.999001	T7 promoter phi1.5	1.000000	0.000000	0.000000
569.999001	T7 promoter phi1.6	1.000000	0.000000	0.000000
569.999001	T7 promoter phi10	1.000000	0.000000	0.000000
569.999001	T7 promoter phi13	1.000000	0.000000	0.000000
569.999001	T7 promoter phi17	1.000000	0.000000	0.000000
569.999001	T7 promoter phi2.5	1.000000	0.000000	0.000000
569.999001	T7 promoter phi3.8	1.000000	0.000000	0.000000
569.999001	T7 promoter phi4.3	1.000000	0.000000	0.000000
569.999001	T7 promoter phi4.7	1.000000	0.000000	0.000000
569.999001	T7 promoter phi4c	1.000000	0.000000	0.000000
569.999001	T7 promoter phi6.5	1.000000	0.000000	0.000000
569.999001	T7 promoter phi9	0.000000	0.000000	0.000000
569.999001	__gene 0.3_rbs	9.000000	0.000000	0.000000
569.999001	__gene 1.1_rbs	28.000000	0.000000	0.000000
569.999001	__gene 1.2_rbs	21.000000	0.000000	0.000000
569.999001	__gene 1.3_rbs	28.000000	0.000000	0.000000
569.999001	__gene 1.4_rbs	21.000000	0.000000	0.000000
569.999001	__gene 1.7_rbs	31.000000	0.000000	0.000000
569.999001	__gene 1.8_rbs	31.000000	0.000000	0.000000
569.999001	__gene 10A_rbs	265.000000	0.000000	0.000000
569.999001	__gene 11_rbs	39.000000	0.000000	0.000000
569.999001	__gene 12_rbs	38.000000	0.000000	0.000000
569.999001	__gene 13_rbs	55.000000	0.000000	0.000000
569.999001	__gene 14_rbs	51.000000	0.000000	0.000000
569.999001	__gene 15_rbs	47.000000	0.000000	0.000000
569.999001	__gene 16_rbs	34.000000	0.000000	0.000000
569.999001	__gene 17.5_rbs	13.000000	0.000000	0.000000
569.999001	__gene 17_rbs	24.000000	0.000000	0.000000
569.999001	__gene 18.5_rbs	12.000000	0.000000	0.000000
569.999001	__gene 18.7_rbs	12.000000	0.000000	0.000000
569.999001	__gene 18_rbs	13.000000	0.000000	0.000000
569.999001	__gene 19.2_rbs	5.000000	0.000000	0.000000
569.999001	__gene 19.3_rbs	1.000000	0.000000	0.000000
569.999001	__gene 19.5_rbs	0.000000	0.000000	0.000000
569.999001	__gene 19_rbs	10.000000	0.000000	0.000000
569.999001	__gene 2.5_rbs	37.000000	0.000000	0.000000
569.999001	__gene 2.8_rbs	37.000000	0.000000	0.000000
569.999001	__gene 3.8_rbs	37.000000	0.000000	0.000000
569.999001	__gene 3_rbs	33.000000	0.000000	0.000000
569.999001	__gene 4.2_rbs	43.000000	0.000000	0.000000
569.999001	__gene 4.3_rbs	42.000000	0.000000	0.000000
569.999001	__gene 4.5_rbs	47.000000	0.000000	0.000000
569.999001	__gene 4.7_rbs	47.000000	0.000000	0.000000
569.999001	__gene 4A_rbs	37.000000	0.000000	0.000000
569.999001	__gene 5.3_rbs	43.000000	0.000000	0.000000
569.999001	__gene 5.5_rbs	43.000000	0.000000	0.000000
569.999001	__gene 5.7_rbs	43.000000	0.000000	0.000000
569.999001	__gene 5.9_rbs	43.000000	0.000000	0.000000
569.999001	__gene 5_rbs	47.000000	0.000000	0.000000
569.999001	__gene 6.3_rbs	43.000000	0.000000	0.000000
569.999001	__gene 6.5_rbs	73.000000	0.000000	0.000000
569.999001	__gene 6.7_rbs	71.000000	0.000000	0.000000
569.999001	__gene 6_rbs	43.000000	0.000000	0.000000
569.999001	__gene 7.3_rbs	67.000000	0.000000	0.000000
569.999001	__gene 7.7_rbs	67.000000	0.000000	0.000000
569.999001	__gene 7_rbs	70.000000	0.000000	0.000000
569.999001	__gene 8_rbs	64.000000	0.000000	0.000000
569.999001	__gene 9_rbs	133.000000	0.000000	0.000000
569.999001	__gp-2_rbs	31.000000	0.000000	0.000000
569.999001	__lysozyme-3.5_rbs	31.000000	0.000000	0.000000
569.999001	__protein_kinase-0.7_rbs	9.000000	0.000000	0.000000
569.999001	__ribosome	9.000000	0.000000	0.000000
569.999001	__rnapol-1_rbs	9.000000	0.000000	0.000000
569.999001	bound_ecolipol	0.000000	0.000000	0.000000
569.999001	bound_ecolipol_p	1523.000000	0.000000	0.000000
569.999001	bound_ribosome	9644.000000	0.000000	0.000000
569.999001	degraded_transcript	15510.000000	0.000000	0.000000
569.999001	ecoli_genome	277.000000	0.000000	0.000000
569.999001	ecoli_transcript	23626.000000	0.000000	0.000000
569.999001	ecolipol	0.000000	0.000000	0.000000
569.999001	ecolipol-2	0.000000	0.000000	0.000000
569.999001	ecolipol-2-p	223.000000	0.000000	0.000000
569.999001	ecolipol-p	54.000000	0.000000	0.000000
569.999001	gene 0.3	441.000000	9.000000	0.000000
569.999001	gene 1.1	542.000000	28.000000	0.000000
569.999001	gene 1.2	475.000000	21.000000	0.380952
569.999001	gene 1.3	258.000000	30.000000	8.200000
569.999001	gene 1.4	215.000000	21.000000	0.000000
569.999001	gene 1.7	374.000000	31.000000	0.000000
569.999001	gene 1.8	371.000000	31.000000	0.000000
569.999001	gene 10A	1559.000000	265.000000	0.052830
569.999001	gene 11	225.000000	39.000000	0.025641
569.999001	gene 12	197.000000	38.000000	0.210526
569.999001	gene 13	221.000000	55.000000	0.054545
569.999001	gene 14	174.000000	51.000000	0.019608
569.999001	gene 15	153.000000	47.000000	0.148936
569.999001	gene 16	71.000000	34.000000	0.470588
569.999001	gene 17	28.000000	24.000000	0.333333
569.999001	gene 17.5	14.000000	13.000000	0.000000
569.999001	gene 18	13.000000	13.000000	0.000000
569.999001	gene 18.5	5.000000	12.000000	0.000000
569.999001	gene 18.7	9.000000	12.000000	0.000000
569.999001	gene 19	0.000000	10.000000	0.500000
569.999001	gene 19.2	0.000000	5.000000	0.000000
569.999001	gene 19.3	0.000000	1.000000	0.000000
569.999001	gene 2.5	446.000000	37.000000	0.000000
569.999001	gene 2.8	431.000000	37.000000	0.027027
569.999001	gene 3	401.000000	33.000000	0.000000
569.999001	gene 3.8	437.000000	37.000000	0.027027
569.999001	gene 4.2	440.000000	43.000000	0.000000
569.999001	gene 4.3	421.000000	42.000000	0.000000
569.999001	gene 4.5	449.000000	47.000000	0.021277
569.999001	gene 4.7	431.000000	47.000000	0.000000
569.999001	gene 4A	407.000000	37.000000	0.000000
569.999001	gene 5	414.000000	47.000000	0.085106
569.999001	gene 5.3	384.000000	43.000000	0.000000
569.999001	gene 5.5	341.000000	43.000000	0.000000
569.999001	gene 5.7	351.000000	42.000000	0.047619
569.999001	gene 5.9	325.000000	42.000000	0.023810
569.999001	gene 6	308.000000	43.000000	0.023256
569.999001	gene 6.3	348.000000	41.000000	0.000000
569.999001	gene 6.5	525.000000	73.000000	0.000000
569.999001	gene 6.7	483.000000	71.000000	0.014085
569.999001	gene 7	471.000000	71.000000	0.028169
569.999001	gene 7.3	453.000000	67.000000	0.014925
569.999001	gene 7.7	455.000000	67.000000	0.014925
569.999001	gene 8	449.000000	64.000000	0.109375
569.999001	gene 9	861.000000	134.000000	0.037313
569.999001	gp-2	86.000000	31.000000	0.000000
569.999001	lysozyme-3.5	49.000000	31.000000	0.064516
569.999001	nonpref_charged	11801.000000	0.000000	0.000000
569.999001	nonpref_uncharged	3199.000000	0.000000	0.000000
569.999001	pref_charged	31672.000000	0.000000	0.000000
569.999001	pref_uncharged	3328.000000	0.000000	0.000000
569.999001	protein_kinase-0.7	436.000000	9.000000	0.000000
569.999001	rnapol-1	1.000000	9.000000	0.000000
569.999001	rnapol-3.5	247.000000	0.000000	0.000000
574.999002	E. coli B promoter	1.000000	0.000000	0.000000
574.999002	E. coli C promoter	1.000000	0.000000	0.000000
574.999002	E. coli promoter A1	1.000000	0.000000	0.000000
574.999002	E. coli promoter A2	1.000000	0.000000	0.000000
574.999002	E. coli promoter A3	1.000000	0.000000	0.000000
574.999002	T7 promoter phi1.1A	1.000000	0.000000	0.000000
574.999002	T7 promoter phi1.1B	1.000000	0.000000	0.000000
574.999002	T7 promoter phi1.3	1.000000	0.000000	0.000000
574.999002	T7 promoter phi1.5	1.000000	0.000000	0.000000
574.999002	T7 promoter phi1.6	1.000000	0.000000	0.000000
574.999002	T7 promoter phi10	0.000000	0.000000	0.000000
574.999002	T7 promoter phi13	1.000000	0.000000	0.000000
574.999002	T7 promoter phi17	1.000000	0.000000	0.000000
574.999002	T7 promoter phi2.5	0.000000	0.000000	0.000000
574.999002	T7 promoter phi3.8	0.000000	0.000000	0.000000
574.999002	T7 promoter phi4.3	1.000000	0.000000	0.000000
574.999002	T7 promoter phi4.7	1.000000	0.000000	0.000000
574.999002	T7 promoter phi4c	1.000000	0.000000	0.000000
574.999002	T7 promoter phi6.5	1.000000	0.000000	0.000000
574.999002	T7 promoter phi9	1.000000	0.000000	0.000000
574.999002	__gene 0.3_rbs	9.000000	0.000000	0.000000
574.999002	__gene 1.1_rbs	28.000000	0.000000	0.000000
574.999002	__gene 1.2_rbs	21.000000	0.000000	0.000000
574.999002	__gene 1.3_rbs	28.000000	0.000000	0.000000
574.999002	__gene 1.4_rbs	21.000000	0.000000	0.000000
574.999002	__gene 1.7_rbs	33.000000	0.000000	0.000000
574.999002	__gene 1.8_rbs	32.000000	0.000000	0.000000
574.999002	__gene 10A_rbs	283.000000	0.000000	0.000000
574.999002	__gene 11_rbs	41.000000	0.000000	0.000000
574.999002	__gene 12_rbs	40.000000	0.000000	0.000000
574.999002	__gene 13_rbs	60.000000	0.000000	0.000000
574.999002	__gene 14_rbs	58.000000	0.000000	0.000000
574.999002	__gene 15_rbs	55.000000	0.000000	0.000000
574.999002	__gene 16_rbs	41.000000	0.000000	0.000000
574.999002	__gene 17.5_rbs	20.000000	0.000000	0.000000
574.999002	__gene 17_rbs	30.000000	0.000000	0.000000
574.999002	__gene 18.5_rbs	16.000000	0.000000	0.000000
574.999002	__gene 18.7_rbs	14.000000	0.000000	0.000000
574.999002	__gene 18_rbs	18.000000	0.000000	0.000000
574.999002	__gene 19.2_rbs	12.000000	0.000000	0.000000
574.999002	__gene 19.3_rbs	9.000000	0.000000	0.000000
574.999002	__gene 19.5_rbs	3.000000	0.000000	0.000000
574.999002	__gene 19_rbs	13.000000	0.000000	0.000000
574.999002	__gene 2.5_rbs	37.000000	0.000000	0.000000
574.999002	__gene 2.8_rbs	37.000000	0.000000	0.000000
574.999002	__gene 3.8_rbs	41.000000	0.000000	0.000000
574.999002	__gene 3_rbs	37.000000	0.000000	0.000000
574.999002	__gene 4.2_rbs	43.000000	0.000000	0.000000
574.999002	__gene 4.3_rbs	43.000000	0.000000	0.000000
574.999002	__gene 4.5_rbs	48.000000	0.000000	0.000000
574.999002	__gene 4.7_rbs	48.000000	0.000000	0.000000
574.999002	__gene 4A_rbs	38.000000	0.000000	0.000000
574.999002	__gene 5.3_rbs	45.000000	0.000000	0.000000
574.999002	__gene 5.5_rbs	45.000000	0.000000	0.000000
574.999002	__gene 5.7_rbs	44.000000	0.000000	0.000000
574.999002	__gene 5.9_rbs	44.000000	0.000000	0.000000
574.999002	__gene 5_rbs	49.000000	0.000000	0.000000
574.999002	__gene 6.3_rbs	43.000000	0.000000	0.000000
574.999002	__gene 6.5_rbs	76.000000	0.000000	0.000000
574.999002	__gene 6.7_rbs	76.000000	0.000000	0.000000
574.999002	__gene 6_rbs	44.000000	0.000000	0.000000
574.999002	__gene 7.3_rbs	73.000000	0.000000	0.000000
574.999002	__gene 7.7_rbs	73.000000	0.000000	0.000000
574.999002	__gene 7_rbs	75.000000	0.000000	0.000000
574.999002	__gene 8_rbs	71.000000	0.000000	0.000000
574.999002	__gene 9_rbs	139.000000	0.000000	0.000000
574.999002	__gp-2_rbs	32.000000	0.000000	0.000000
574.999002	__lysozyme-3.5_rbs	37.000000	0.000000	0.000000
574.999002	__protein_kinase-0.7_rbs	9.000000	0.000000	0.000000
574.999002	__ribosome	10.000000	0.000000	0.000000
574.999002	__rnapol-1_rbs	9.000000	0.000000	0.000000
574.999002	bound_ecolipol	0.000000	0.000000	0.000000
574.999002	bound_ecolipol_p	1495.000000	0.000000	0.000000
574.999002	bound_ribosome	9632.000000	0.000000	0.000000
574.999002	degraded_transcript	15749.000000	0.000000	0.000000
574.999002	ecoli_genome	305.000000	0.000000	0.000000
574.999002	ecoli_transcript	23726.000000	0.000000	0.000000
574.999002	ecolipol	0.000000	0.000000	0.000000
574.999002	ecolipol-2	0.000000	0.000000	0.000000
574.999002	ecolipol-2-p	242.000000	0.000000	0.000000
574.999002	ecolipol-p	62.000000	0.000000	0.000000
574.999002	gene 0.3	446.000000	9.000000	0.000000
574.999002	gene 1.1	566.000000	28.000000	0.000000
574.999002	gene 1.2	485.000000	21.000000	0.428571
574.999002	gene 1.3	270.000000	30.000000	8.333333
574.999002	gene 1.4	231.000000	21.000000	0.000000
574.999002	gene 1.7	401.000000	33.000000	0.030303
574.999002	gene 1.8	395.000000	31.000000	0.000000
574.999002	gene 10A	1750.000000	283.000000	0.031802
574.999002	gene 11	252.000000	41.000000	0.000000
574.999002	gene 12	228.000000	40.000000	0.175000
574.999002	gene 13	275.000000	61.000000	0.016393
574.999002	gene 14	217.000000	58.000000	0.034483
574.999002	gene 15	186.000000	55.000000	0.236364
574.999002	gene 16	88.000000	41.000000	0.512195
574.999002	gene 17	47.000000	30.000000	0.200000
574.999002	gene 17.5	31.000000	20.000000	0.000000
574.999002	gene 18	20.000000	18.000000	0.000000
574.999002	gene 18.5	10.000000	16.000000	0.062500
574.999002	gene 18.7	19.000000	14.000000	0.000000
574.999002	gene 19	4.000000	13.000000	0.692308
574.999002	gene 19.2	7.000000	12.000000	0.000000
574.999002	gene 19.3	3.000000	9.000000	0.000000
574.999002	gene 19.5	0.000000	3.000000	0.000000
574.999002	gene 2.5	466.000000	37.000000	0.000000
574.999002	gene 2.8	455.000000	37.000000	0.000000
574.999002	gene 3	423.000000	36.000000	0.027778
574.999002	gene 3.8	470.000000	41.000000	0.000000
574.999002	gene 4.2	467.000000	43.000000	0.000000
574.999002	gene 4.3	451.000000	43.000000	0.000000
574.999002	gene 4.5	478.000000	48.000000	0.000000
574.999002	gene 4.7	466.000000	48.000000	0.000000
574.999002	gene 4A	434.000000	38.000000	0.078947
574.999002	gene 5	452.000000	49.000000	0.102041
574.999002	gene 5.3	421.000000	45.000000	0.022222
574.999002	gene 5.5	375.000000	45.000000	0.000000
574.999002	gene 5.7	383.000000	44.000000	0.000000
574.999002	gene 5.9	358.000000	44.000000	0.000000
574.999002	gene 6	338.000000	44.000000	0.000000
574.999002	gene 6.3	388.000000	42.000000	0.000000
574.999002	gene 6.5	585.000000	76.000000	0.026316
574.999002	gene 6.7	528.000000	76.000000	0.013158
574.999002	gene 7	515.000000	75.000000	0.000000
574.999002	gene 7.3	509.000000	73.000000	0.000000
574.999002	gene 7.7	495.000000	73.000000	0.000000
574.999002	gene 8	496.000000	70.000000	0.142857
574.999002	gene 9	967.000000	139.000000	0.021583
574.999002	gp-2	93.000000	32.000000	0.000000
574.999002	lysozyme-3.5	77.000000	36.000000	0.027778
574.999002	nonpref_charged	11310.000000	0.000000	0.000000
574.999002	nonpref_uncharged	3690.000000	0.000000	0.000000
574.999002	pref_charged	31246.000000	0.000000	0.000000
574.999002	pref_uncharged	3754.000000	0.000000	0.000000
574.999002	protein_kinase-0.7	443.000000	9.000000	0.111111
574.999002	rnapol-1	4.000000	9.000000	0.111111
574.999002	rnapol-3.5	247.000000	0.000000	0.000000
579.999001	E. coli B promoter	1.000000	0.000000	0.000000
579.999001	E. coli C promoter	1.000000	0.000000	0.000000
579.999001	E. coli promoter A1	1.000000	0.000000	0.000000
579.999001	E. coli promoter A2	1.000000	0.000000	0.000000
579.999001	E. coli promoter A3	1.000000	0.000000	0.000000
579.999001	T7 promoter phi1.1A	1.000000	0.000000	0.000000
579.999001	T7 promoter phi1.1B	1.000000	0.000000	0.000000
579.999001	T7 promoter phi1.3	1.000000	0.000000	0.000000
579.999001	T7 promoter phi1.5	1.000000	0.000000	0.000000
579.999001	T7 promoter phi1.6	1.000000	0.000000	0.000000
579.999001	T7 promoter phi10	0.000000	0.000000	0.000000
579.999001	T7 promoter phi13	0.000000	0.000000	0.000000
579.999001	T7 promoter phi17	1.000000	0.000000	0.000000
579.999001	T7 promoter phi2.5	1.000000	0.000000	0.000000
579.999001	T7 promoter phi3.8	1.000000	0.000000	0.000000
579.999001	T7 promoter phi4.3	1.000000	0.000000	0.000000
579.999001	T7 promoter phi4.7	1.000000	0.000000	0.000000
579.999001	T7 promoter phi4c	1.000000	0.000000	0.000000
579.999001	T7 promoter phi6.5	1.000000	0.000000	0.000000
579.999001	T7 promoter phi9	1.000000	0.000000	0.000000
579.999001	__gene 0.3_rbs	10.000000	0.000000	0.000000
579.999001	__gene 1.1_rbs	28.000000	0.000000	0.000000
579.999001	__gene 1.2_rbs	21.000000	0.000000	0.000000
579.999001	__gene 1.3_rbs	28.000000	0.000000	0.000000
579.999001	__gene 1.4_rbs	21.000000	0.000000	0.000000
579.999001	__gene 1.7_rbs	33.000000	0.000000	0.000000
579.999001	__gene 1.8_rbs	33.000000	0.000000	0.000000
579.999001	__gene 10A_rbs	300.000000	0.000000	0.000000
579.999001	__gene 11_rbs	44.000000	0.000000	0.000000
579.999001	__gene 12_rbs	41.000000	0.000000	0.000000
579.999001	__gene 13_rbs	64.000000	0.000000	0.000000
579.999001	__gene 14_rbs	63.000000	0.000000	0.000000
579.999001	__gene 15_rbs	60.000000	0.000000	0.000000
579.999001	__gene 16_rbs	47.000000	0.000000	0.000000
579.999001	__gene 17.5_rbs	27.000000	0.000000	0.000000
579.999001	__gene 17_rbs	39.000000	0.000000	0.000000
579.999001	__gene 18.5_rbs	24.000000	0.000000	0.000000
579.999001	__gene 18.7_rbs	23.000000	0.000000	0.000000
579.999001	__gene 18_rbs	27.000000	0.000000	0.000000
579.999001	__gene 19.2_rbs	15.000000	0.000000	0.000000
579.999001	__gene 19.3_rbs	13.000000	0.000000	0.000000
579.999001	__gene 19.5_rbs	11.000000	0.000000	0.000000
579.999001	__gene 19_rbs	20.000000	0.000000	0.000000
579.999001	__gene 2.5_rbs	39.000000	0.000000	0.000000
579.999001	__gene 2.8_rbs	38.000000	0.000000	0.000000
579.999001	__gene 3.8_rbs	43.000000	0.000000	0.000000
579.999001	__gene 3_rbs	38.000000	0.000000	0.000000
579.999001	__gene 4.2_rbs	43.000000	0.000000	0.000000
579.999001	__gene 4.3_rbs	43.000000	0.000000	0.000000
579.999001	__gene 4.5_rbs	48.000000	0.000000	0.000000
579.999001	__gene 4.7_rbs	48.000000	0.000000	0.000000
579.999001	__gene 4A_rbs	43.000000	0.000000	0.000000
579.999001	__gene 5.3_rbs	47.000000	0.000000	0.000000
579.999001	__gene 5.5_rbs	47.000000	0.000000	0.000000
579.999001	__gene 5.7_rbs	45.000000	0.000000	0.000000
579.999001	__gene 5.9_rbs	45.000000	0.000000	0.000000
579.999001	__gene 5_rbs	48.000000	0.000000	0.000000
579.999001	__gene 6.3_rbs	44.000000	0.000000	0.000000
579.999001	__gene 6.5_rbs	78.000000	0.000000	0.000000
579.999001	__gene 6.7_rbs	77.000000	0.000000	0.000000
579.999001	__gene 6_rbs	45.000000	0.000000	0.000000
579.999001	__gene 7.3_rbs	76.000000	0.000000	0.000000
579.999001	__gene 7.7_rbs	76.000000	0.000000	0.000000
579.999001	__gene 7_rbs	77.000000	0.000000	0.000000
579.999001	__gene 8_rbs	75.000000	0.000000	0.000000
579.999001	__gene 9_rbs	146.000000	0.000000	0.000000
579.999001	__gp-2_rbs	33.000000	0.000000	0.000000
579.999001	__lysozyme-3.5_rbs	37.000000	0.000000	0.000000
579.999001	__protein_kinase-0.7_rbs	9.000000	0.000000	0.000000
579.999001	__ribosome	10.000000	0.000000	0.000000
579.999001	__rnapol-1_rbs	9.000000	0.000000	0.000000
579.999001	bound_ecolipol	0.000000	0.000000	0.000000
579.999001	bound_ecolipol_p	1520.000000	0.000000	0.000000
579.999001	bound_ribosome	9603.000000	0.000000	0.000000
579.999001	degraded_transcript	15978.000000	0.000000	0.000000
579.999001	ecoli_genome	280.000000	0.000000	0.000000
579.999001	ecoli_transcript	23813.000000	0.000000	0.000000
579.999001	ecolipol	0.000000	0.000000	0.000000
579.999001	ecolipol-2	0.000000	0.000000	0.000000
579.999001	ecolipol-2-p	243.000000	0.000000	0.000000
579.999001	ecolipol-p	36.000000	0.000000	0.000000
579.999001	gene 0.3	449.000000	10.000000	0.100000
579.999001	gene 1.1	585.000000	28.000000	0.000000
579.999001	gene 1.2	501.000000	21.000000	0.619048
579.999001	gene 1.3	288.000000	30.000000	8.433333
579.999001	gene 1.4	246.000000	21.000000	0.000000
579.999001	gene 1.7	426.000000	33.000000	0.030303
579.999001	gene 1.8	422.000000	32.000000	0.000000
579.999001	gene 10A	1971.000000	300.000000	0.050000
579.999001	gene 11	280.000000	44.000000	0.000000
579.999001	gene 12	262.000000	42.000000	0.071429
579.999001	gene 13	335.000000	64.000000	0.015625
579.999001	gene 14	258.000000	63.000000	0.015873
579.999001	gene 15	234.000000	61.000000	0.213115
579.999001	gene 16	117.000000	47.000000	0.638298
579.999001	gene 17	65.000000	39.000000	0.153846
579.999001	gene 17.5	43.000000	27.000000	0.000000
579.999001	gene 18	41.000000	27.000000	0.000000
579.999001	gene 18.5	28.000000	24.000000	0.083333
579.999001	gene 18.7	26.000000	23.000000	0.000000
579.999001	gene 19	22.000000	20.000000	0.300000
579.999001	gene 19.2	11.000000	15.000000	0.066667
579.999001	gene 19.3	6.000000	13.000000	0.000000
579.999001	gene 19.5	4.000000	11.000000	0.090909
579.999001	gene 2.5	492.000000	39.000000	0.025641
579.999001	gene 2.8	486.000000	38.000000	0.000000
579.999001	gene 3	451.000000	37.000000	0.000000
579.999001	gene 3.8	506.000000	43.000000	0.000000
579.999001	gene 4.2	503.000000	43.000000	0.023256
579.999001	gene 4.3	482.000000	43.000000	0.000000
579.999001	gene 4.5	508.000000	48.000000	0.020833
579.999001	gene 4.7	505.000000	48.000000	0.000000
579.999001	gene 4A	465.000000	43.000000	0.139535
579.999001	gene 5	495.000000	49.000000	0.061224
579.999001	gene 5.3	447.000000	47.000000	0.021277
579.999001	gene 5.5	403.000000	47.000000	0.021277
579.999001	gene 5.7	408.000000	45.000000	0.000000
579.999001	gene 5.9	382.000000	44.000000	0.000000
579.999001	gene 6	366.000000	45.000000	0.066667
579.999001	gene 6.3	421.000000	43.000000	0.000000
579.999001	gene 6.5	634.000000	78.000000	0.012821
579.999001	gene 6.7	595.000000	77.000000	0.000000
579.999001	gene 7	573.000000	77.000000	0.000000
579.999001	gene 7.3	573.000000	76.000000	0.013158
579.999001	gene 7.7	544.000000	76.000000	0.013158
579.999001	gene 8	553.000000	74.000000	0.135135
579.999001	gene 9	1079.000000	146.000000	0.061644
579.999001	gp-2	116.000000	33.000000	0.000000
579.999001	lysozyme-3.5	73.000000	37.000000	0.000000
579.999001	nonpref_charged	11268.000000	0.000000	0.000000
579.999001	nonpref_uncharged	3732.000000	0.000000	0.000000
579.999001	pref_charged	31035.000000	0.000000	0.000000
579.999001	pref_uncharged	3965.000000	0.000000	0.000000
579.999001	protein_kinase-0.7	451.000000	9.000000	0.111111
579.999001	rnapol-1	2.000000	9.000000	0.000000
579.999001	rnapol-3.5	259.000000	0.000000	0.000000
584.999001	E. coli B promoter	1.000000	0.000000	0.000000
584.999001	E. coli C promoter	1.000000	0.000000	0.000000
584.999001	E. coli promoter A1	1.000000	0.000000	0.000000
584.999001	E. coli promoter A2	1.000000	0.000000	0.000000
584.999001	E. coli promoter A3	1.000000	0.000000	0.000000
584.999001	T7 promoter phi1.1A	1.000000	0.000000	0.000000
584.999001	T7 promoter phi1.1B	1.000000	0.000000	0.000000
584.999001	T7 promoter phi1.3	1.000000	0.000000	0.000000
584.999001	T7 promoter phi1.5	1.000000	0.000000	0.000000
584.999001	T7 promoter phi1.6	1.000000	0.000000	0.000000
584.999001	T7 promoter phi10	0.000000	0.000000	0.000000
584.999001	T7 promoter phi13	1.000000	0.000000	0.000000
584.999001	T7 promoter phi17	1.000000	0.000000	0.000000
584.999001	T7 promoter phi2.5	1.000000	0.000000	0.000000
584.999001	T7 promoter phi3.8	1.000000	0.000000	0.000000
584.999001	T7 promoter phi4.3	1.000000	0.000000	0.000000
584.999001	T7 promoter phi4.7	1.000000	0.000000	0.000000
584.999001	T7 promoter phi4c	1.000000	0.000000	0.000000
584.999001	T7 promoter phi6.5	1.000000	0.000000	0.000000
584.999001	T7 promoter phi9	1.000000	0.000000	0.000000
584.999001	__gene 0.3_rbs	10.000000	0.000000	0.000000
584.999001	__gene 1.1_rbs	28.000000	0.000000	0.000000
584.999001	__gene 1.2_rbs	21.000000	0.000000	0.000000
584.999001	__gene 1.3_rbs	27.000000	0.000000	0.000000
584.999001	__gene 1.4_rbs	21.000000	0.000000	0.000000
584.999001	__gene 1.7_rbs	33.000000	0.000000	0.000000
584.999001	__gene 1.8_rbs	33.000000	0.000000	0.000000
584.999001	__gene 10A_rbs	317.000000	0.000000	0.000000
584.999001	__gene 11_rbs	46.000000	0.000000	0.000000
584.999001	__gene 12_rbs	44.000000	0.000000	0.000000
584.999001	__gene 13_rbs	70.000000	0.000000	0.000000
584.999001	__gene 14_rbs	68.000000	0.000000	0.000000
584.999001	__gene 15_rbs	65.000000	0.000000	0.000000
584.999001	__gene 16_rbs	55.000000	0.000000	0.000000
584.999001	__gene 17.5_rbs	33.000000	0.000000	0.000000
584.999001	__gene 17_rbs	48.000000	0.000000	0.000000
584.999001	__gene 18.5_rbs	30.000000	0.000000	0.000000
584.999001	__gene 18.7_rbs	30.000000	0.000000	0.000000
584.999001	__gene 18_rbs	30.000000	0.000000	0.000000
584.999001	__gene 19.2_rbs	24.000000	0.000000	0.000000
584.999001	__gene 19.3_rbs	20.000000	0.000000	0.000000
584.999001	__gene 19.5_rbs	14.000000	0.000000	0.000000
584.999001	__gene 19_rbs	29.000000	0.000000	0.000000
584.999001	__gene 2.5_rbs	39.000000	0.000000	0.000000
584.999001	__gene 2.8_rbs	39.000000	0.000000	0.000000
584.999001	__gene 3.8_rbs	44.000000	0.000000	0.000000
584.999001	__gene 3_rbs	39.000000	0.000000	0.000000
584.999001	__gene 4.2_rbs	47.000000	0.000000	0.000000
584.999001	__gene 4.3_rbs	49.000000	0.000000	0.000000
584.999001	__gene 4.5_rbs	50.000000	0.000000	0.000000
584.999001	__gene 4.7_rbs	48.000000	0.000000	0.000000
584.999001	__gene 4A_rbs	43.000000	0.000000	0.000000
584.999001	__gene 5.3_rbs	49.000000	0.000000	0.000000
584.999001	__gene 5.5_rbs	48.000000	0.000000	0.000000
584.999001	__gene 5.7_rbs	48.000000	0.000000	0.000000
584.999001	__gene 5.9_rbs	48.000000	0.000000	0.000000
584.999001	__gene 5_rbs	50.000000	0.000000	0.000000
584.999001	__gene 6.3_rbs	45.000000	0.000000	0.000000
584.999001	__gene 6.5_rbs	81.000000	0.000000	0.000000
584.999001	__gene 6.7_rbs	81.000000	0.000000	0.000000
584.999001	__gene 6_rbs	47.000000	0.000000	0.000000
584.999001	__gene 7.3_rbs	77.000000	0.000000	0.000000
584.999001	__gene 7.7_rbs	77.000000	0.000000	0.000000
584.999001	__gene 7_rbs	80.000000	0.000000	0.000000
584.999001	__gene 8_rbs	77.000000	0.000000	0.000000
584.999001	__gene 9_rbs	156.000000	0.000000	0.000000
584.999001	__gp-2_rbs	33.000000	0.000000	0.000000
584.999001	__lysozyme-3.5_rbs	39.000000	0.000000	0.000000
584.999001	__protein_kinase-0.7_rbs	9.000000	0.000000	0.000000
584.999001	__ribosome	10.000000	0.000000	0.000000
584.999001	__rnapol-1_rbs	9.000000	0.000000	0.000000
584.999001	bound_ecolipol	0.000000	0.000000	0.000000
584.999001	bound_ecolipol_p	1506.000000	0.000000	0.000000
584.999001	bound_ribosome	9591.000000	0.000000	0.000000
584.999001	degraded_transcript	16202.000000	0.000000	0.000000
584.999001	ecoli_genome	294.000000	0.000000	0.000000
584.999001	ecoli_transcript	23894.000000	0.000000	0.000000
584.999001	ecolipol	0.000000	0.000000	0.000000
584.999001	ecolipol-2	0.000000	0.000000	0.000000
584.999001	ecolipol-2-p	250.000000	0.000000	0.000000
584.999001	ecolipol-p	43.000000	0.000000	0.000000
584.999001	gene 0.3	461.000000	10.000000	0.200000
584.999001	gene 1.1	600.000000	28.000000	0.000000
584.999001	gene 1.2	517.000000	21.000000	1.000000
584.999001	gene 1.3	307.000000	30.000000	8.600000
584.999001	gene 1.4	258.000000	21.000000	0.000000
584.999001	gene 1.7	450.000000	33.000000	0.030303
584.999001	gene 1.8	444.000000	32.000000	0.000000
584.999001	gene 10A	2212.000000	317.000000	0.028391
584.999001	gene 11	313.000000	46.000000	0.000000
584.999001	gene 12	300.000000	44.000000	0.113636
584.999001	gene 13	389.000000	70.000000	0.042857
584.999001	gene 14	304.000000	68.000000	0.000000
584.999001	gene 15	286.000000	65.000000	0.215385
584.999001	gene 16	153.000000	55.000000	0.436364
584.999001	gene 17	92.000000	48.000000	0.041667
584.999001	gene 17.5	65.000000	33.000000	0.030303
584.999001	gene 18	64.000000	30.000000	0.000000
584.999001	gene 18.5	54.000000	30.000000	0.033333
584.999001	gene 18.7	47.000000	30.000000	0.033333
584.999001	gene 19	37.000000	29.000000	0.344828
584.999001	gene 19.2	27.000000	24.000000	0.000000
584.999001	gene 19.3	12.000000	20.000000	0.000000
584.999001	gene 19.5	10.000000	14.000000	0.000000
584.999001	gene 2.5	523.000000	39.000000	0.025641
584.999001	gene 2.8	512.000000	39.000000	0.051282
584.999001	gene 3	475.000000	38.000000	0.052632
584.999001	gene 3.8	544.000000	44.000000	0.022727
584.999001	gene 4.2	541.000000	49.000000	0.061224
584.999001	gene 4.3	527.000000	49.000000	0.020408
584.999001	gene 4.5	543.000000	51.000000	0.019608
584.999001	gene 4.7	531.000000	48.000000	0.020833
584.999001	gene 4A	496.000000	43.000000	0.139535
584.999001	gene 5	536.000000	50.000000	0.060000
584.999001	gene 5.3	488.000000	49.000000	0.020408
584.999001	gene 5.5	444.000000	48.000000	0.000000
584.999001	gene 5.7	454.000000	47.000000	0.000000
584.999001	gene 5.9	419.000000	47.000000	0.021277
584.999001	gene 6	414.000000	48.000000	0.125000
584.999001	gene 6.3	452.000000	44.000000	0.022727
584.999001	gene 6.5	689.000000	81.000000	0.024691
584.999001	gene 6.7	660.000000	81.000000	0.024691
584.999001	gene 7	631.000000	80.000000	0.037500
584.999001	gene 7.3	639.000000	78.000000	0.000000
584.999001	gene 7.7	605.000000	77.000000	0.012987
584.999001	gene 8	614.000000	75.000000	0.040000
584.999001	gene 9	1180.000000	156.000000	0.032051
584.999001	gp-2	132.000000	33.000000	0.030303
584.999001	lysozyme-3.5	87.000000	39.000000	0.000000
584.999001	nonpref_charged	9954.000000	0.000000	0.000000
584.999001	nonpref_uncharged	5046.000000	0.000000	0.000000
584.999001	pref_charged	30013.000000	0.000000	0.000000
584.999001	pref_uncharged	4987.000000	0.000000	0.000000
584.999001	protein_kinase-0.7	459.000000	9.000000	0.000000
584.999001	rnapol-1	1.000000	9.000000	0.000000
584.999001	rnapol-3.5	260.000000	0.000000	0.000000
589.999000	E. coli B promoter	0.000000	0.000000	0.000000
589.999000	E. coli C promoter	1.000000	0.000000	0.000000
589.999000	E. coli promoter A1	1.000000	0.000000	0.000000
589.999000	E. coli promoter A2	1.000000	0.000000	0.000000
589.999000	E. coli promoter A3	1.000000	0.000000	0.000000
589.999000	T7 promoter phi1.1A	1.000000	0.000000	0.000000
589.999000	T7 promoter phi1.1B	1.000000	0.000000	0.000000
589.999000	T7 promoter phi1.3	1.000000	0.000000	0.000000
589.999000	T7 promoter phi1.5	1.000000	0.000000	0.000000
589.999000	T7 promoter phi1.6	1.000000	0.000000	0.000000
589.999000	T7 promoter phi10	0.000000	0.000000	0.000000
589.999000	T7 promoter phi13	1.000000	0.000000	0.000000
589.999000	T7 promoter phi17	1.000000	0.000000	0.000000
589.999000	T7 promoter phi2.5	1.000000	0.000000	0.000000
589.999000	T7 promoter phi3.8	1.000000	0.000000	0.000000
589.999000	T7 promoter phi4.3	1.000000	0.000000	0.000000
589.999000	T7 promoter phi4.7	1.000000	0.000000	0.000000
589.999000	T7 promoter phi4c	1.000000	0.000000	0.000000
589.999000	T7 promoter phi6.5	1.000000	0.000000	0.000000
589.999000	T7 promoter phi9	1.000000	0.000000	0.000000
589.999000	__gene 0.3_rbs	10.000000	0.000000	0.000000
589.999000	__gene 1.1_rbs	28.000000	0.000000	0.000000
589.999000	__gene 1.2_rbs	21.000000	0.000000	0.000000
589.999000	__gene 1.3_rbs	25.000000	0.000000	0.000000
589.999000	__gene 1.4_rbs	21.000000	0.000000	0.000000
589.999000	__gene 1.7_rbs	33.000000	0.000000	0.000000
589.999000	__gene 1.8_rbs	33.000000	0.000000	0.000000
589.999000	__gene 10A_rbs	334.000000	0.000000	0.000000
589.999000	__gene 11_rbs	47.000000	0.000000	0.000000
589.999000	__gene 12_rbs	46.000000	0.000000	0.000000
589.999000	__gene 13_rbs	74.000000	0.000000	0.000000
589.999000	__gene 14_rbs	72.000000	0.000000	0.000000
589.999000	__gene 15_rbs	70.000000	0.000000	0.000000
589.999000	__gene 16_rbs	61.000000	0.000000	0.000000
589.999000	__gene 17.5_rbs	44.000000	0.000000	0.000000
589.999000	__gene 17_rbs	53.000000	0.000000	0.000000
589.999000	__gene 18.5_rbs	39.000000	0.000000	0.000000
589.999000	__gene 18.7_rbs	37.000000	0.000000	0.000000
589.999000	__gene 18_rbs	41.000000	0.000000	0.000000
589.999000	__gene 19.2_rbs	30.000000	0.000000	0.000000
589.999000	__gene 19.3_rbs	28.000000	0.000000	0.000000
589.999000	__gene 19.5_rbs	23.000000	0.000000	0.000000
589.999000	__gene 19_rbs	34.000000	0.000000	0.000000
589.999000	__gene 2.5_rbs	39.000000	0.000000	0.000000
589.999000	__gene 2.8_rbs	39.000000	0.000000	0.000000
589.999000	__gene 3.8_rbs	45.000000	0.000000	0.000000
589.999000	__gene 3_rbs	39.000000	0.000000	0.000000
589.999000	__gene 4.2_rbs	49.000000	0.000000	0.000000
589.999000	__gene 4.3_rbs	49.000000	0.000000	0.000000
589.999000	__gene 4.5_rbs	54.000000	0.000000	0.000000
589.999000	__gene 4.7_rbs	54.000000	0.000000	0.000000
589.999000	__gene 4A_rbs	45.000000	0.000000	0.000000
589.999000	__gene 5.3_rbs	49.000000	0.000000	0.000000
589.999000	__gene 5.5_rbs	48.000000	0.000000	0.000000
589.999000	__gene 5.7_rbs	49.000000	0.000000	0.000000
589.999000	__gene 5.9_rbs	49.000000	0.000000	0.000000
589.999000	__gene 5_rbs	56.000000	0.000000	0.000000
589.999000	__gene 6.3_rbs	48.000000	0.000000	0.000000
589.999000	__gene 6.5_rbs	84.000000	0.000000	0.000000
589.999000	__gene 6.7_rbs	83.000000	0.000000	0.000000
589.999000	__gene 6_rbs	49.000000	0.000000	0.000000
589.999000	__gene 7.3_rbs	81.000000	0.000000	0.000000
589.999000	__gene 7.7_rbs	81.000000	0.000000	0.000000
589.999000	__gene 7_rbs	83.000000	0.000000	0.000000
589.999000	__gene 8_rbs	80.000000	0.000000	0.000000
589.999000	__gene 9_rbs	161.000000	0.000000	0.000000
589.999000	__gp-2_rbs	33.000000	0.000000	0.000000
589.999000	__lysozyme-3.5_rbs	39.000000	0.000000	0.000000
589.999000	__protein_kinase-0.7_rbs	10.000000	0.000000	0.000000
589.999000	__ribosome	6.000000	0.000000	0.000000
589.999000	__rnapol-1_rbs	9.000000	0.000000	0.000000
589.999000	bound_ecolipol	0.000000	0.000000	0.000000
589.999000	bound_ecolipol_p	1475.000000	0.000000	0.000000
589.999000	bound_ribosome	9563.000000	0.000000	0.000000
589.999000	degraded_transcript	16404.000000	0.000000	0.000000
589.999000	ecoli_genome	325.000000	0.000000	0.000000
589.999000	ecoli_transcript	24029.000000	0.000000	0.000000
589.999000	ecolipol	0.000000	0.000000	0.000000
589.999000	ecolipol-2	0.000000	0.000000	0.000000
589.999000	ecolipol-2-p	291.000000	0.000000	0.000000
589.999000	ecolipol-p	33.000000	0.000000	0.000000
589.999000	gene 0.3	471.000000	10.000000	0.000000
589.999000	gene 1.1	626.000000	28.000000	0.000000
589.999000	gene 1.2	530.000000	21.000000	1.095238
589.999000	gene 1.3	323.000000	30.000000	8.800000
589.999000	gene 1.4	279.000000	21.000000	0.000000
589.999000	gene 1.7	467.000000	33.000000	0.030303
589.999000	gene 1.8	465.000000	32.000000	0.000000
589.999000	gene 10A	2473.000000	334.000000	0.029940
589.999000	gene 11	355.000000	47.000000	0.000000
589.999000	gene 12	333.000000	46.000000	0.173913
589.999000	gene 13	449.000000	74.000000	0.027027
589.999000	gene 14	359.000000	72.000000	0.027778
589.999000	gene 15	343.000000	70.000000	0.142857
589.999000	gene 16	185.000000	61.000000	0.754098
589.999000	gene 17	128.000000	53.000000	0.132075
589.999000	gene 17.5	91.000000	44.000000	0.022727
589.999000	gene 18	84.000000	41.000000	0.000000
589.999000	gene 18.5	80.000000	39.000000	0.000000
589.999000	gene 18.7	66.000000	37.000000	0.054054
589.999000	gene 19	64.000000	34.000000	0.205882
589.999000	gene 19.2	40.000000	30.000000	0.000000
589.999000	gene 19.3	28.000000	28.000000	0.000000
589.999000	gene 19.5	23.000000	23.000000	0.000000
589.999000	gene 2.5	553.000000	39.000000	0.000000
589.999000	gene 2.8	538.000000	39.000000	0.025641
589.999000	gene 3	505.000000	38.000000	0.000000
589.999000	gene 3.8	585.000000	45.000000	0.022222
589.999000	gene 4.2	576.000000	49.000000	0.020408
589.999000	gene 4.3	561.000000	49.000000	0.000000
589.999000	gene 4.5	585.000000	54.000000	0.000000
589.999000	gene 4.7	579.000000	54.000000	0.018519
589.999000	gene 4A	526.000000	45.000000	0.155556
589.999000	gene 5	580.000000	56.000000	0.089286
589.999000	gene 5.3	526.000000	49.000000	0.000000
589.999000	gene 5.5	480.000000	49.000000	0.020408
589.999000	gene 5.7	501.000000	49.000000	0.020408
589.999000	gene 5.9	460.000000	49.000000	0.000000
589.999000	gene 6	456.000000	49.000000	0.122449
589.999000	gene 6.3	495.000000	47.000000	0.021277
589.999000	gene 6.5	766.000000	84.000000	0.023810
589.999000	gene 6.7	731.000000	83.000000	0.012048
589.999000	gene 7	691.000000	82.000000	0.024390
589.999000	gene 7.3	689.000000	81.000000	0.012346
589.999000	gene 7.7	673.000000	81.000000	0.024691
589.999000	gene 8	676.000000	79.000000	0.075949
589.999000	gene 9	1290.000000	161.000000	0.024845
589.999000	gp-2	120.000000	33.000000	0.000000
589.999000	lysozyme-3.5	115.000000	39.000000	0.025641
589.999000	nonpref_charged	9376.000000	0.000000	0.000000
589.999000	nonpref_uncharged	5624.000000	0.000000	0.000000
589.999000	pref_charged	29519.000000	0.000000	0.000000
589.999000	pref_uncharged	5481.000000	0.000000	0.000000
589.999000	protein_kinase-0.7	462.000000	9.000000	0.222222
589.999000	rnapol-1	3.000000	9.000000	0.222222
589.999000	rnapol-3.5	269.000000	0.000000	0.000000
594.999000	E. coli B promoter	1.000000	0.000000	0.000000
594.999000	E. coli C promoter	1.000000	0.000000	0.000000
594.999000	E. coli promoter A1	1.000000	0.000000	0.000000
594.999000	E. coli promoter A2	1.000000	0.000000	0.000000
594.999000	E. coli promoter A3	1.000000	0.000000	0.000000
594.999000	T7 promoter phi1.1A	1.000000	0.000000	0.000000
594.999000	T7 promoter phi1.1B	1.000000	0.000000	0.000000
594.999000	T7 promoter phi1.3	1.000000	0.000000	0.000000
594.999000	T7 promoter phi1.5	1.000000	0.000000	0.000000
594.999000	T7 promoter phi1.6	1.000000	0.000000	0.000000
594.999000	T7 promoter phi10	0.000000	0.000000	0.000000
594.999000	T7 promoter phi13	1.000000	0.000000	0.000000
594.999000	T7 promoter phi17	0.000000	0.000000	0.000000
594.999000	T7 promoter phi2.5	1.000000	0.000000	0.000000
594.999000	T7 promoter phi3.8	1.000000	0.000000	0.000000
594.999000	T7 promoter phi4.3	0.000000	0.000000	0.000000
594.999000	T7 promoter phi4.7	1.000000	0.000000	0.000000
594.999000	T7 promoter phi4c	1.000000	0.000000	0.000000
594.999000	T7 promoter phi6.5	1.000000	0.000000	0.000000
594.999000	T7 promoter phi9	1.000000	0.000000	0.000000
594.999000	__gene 0.3_rbs	10.000000	0.000000	0.000000
594.999000	__gene 1.1_rbs	29.000000	0.000000	0.000000
594.999000	__gene 1.2_rbs	22.000000	0.000000	0.000000
594.999000	__gene 1.3_rbs	26.000000	0.000000	0.000000
594.999000	__gene 1.4_rbs	21.000000	0.000000	0.000000
594.999000	__gene 1.7_rbs	34.000000	0.000000	0.000000
594.999000	__gene 1.8_rbs	34.000000	0.000000	0.000000
594.999000	__gene 10A_rbs	354.000000	0.000000	0.000000
594.999000	__gene 11_rbs	49.000000	0.000000	0.000000
594.999000	__gene 12_rbs	48.000000	0.000000	0.000000
594.999000	__gene 13_rbs	77.000000	0.000000	0.000000
594.999000	__gene 14_rbs	77.000000	0.000000	0.000000
594.999000	__gene 15_rbs	74.000000	0.000000	0.000000
594.999000	__gene 16_rbs	66.000000	0.000000	0.000000
594.999000	__gene 17.5_rbs	50.000000	0.000000	0.000000
594.999000	__gene 17_rbs	63.000000	0.000000	0.000000
594.999000	__gene 18.5_rbs	48.000000	0.000000	0.000000
594.999000	__gene 18.7_rbs	48.000000	0.000000	0.000000
594.999000	__gene 18_rbs	49.000000	0.000000	0.000000
594.999000	__gene 19.2_rbs	38.000000	0.000000	0.000000
594.999000	__gene 19.3_rbs	33.000000	0.000000	0.000000
594.999000	__gene 19.5_rbs	29.000000	0.000000	0.000000
594.999000	__gene 19_rbs	45.000000	0.000000	0.000000
594.999000	__gene 2.5_rbs	39.000000	0.000000	0.000000
594.999000	__gene 2.8_rbs	39.000000	0.000000	0.000000
594.999000	__gene 3.8_rbs	45.000000	0.000000	0.000000
594.999000	__gene 3_rbs	39.000000	0.000000	0.000000
594.999000	__gene 4.2_rbs	51.000000	0.000000	0.000000
594.999000	__gene 4.3_rbs	51.000000	0.000000	0.000000
594.999000	__gene 4.5_rbs	55.000000	0.000000	0.000000
594.999000	__gene 4.7_rbs	54.000000	0.000000	0.000000
594.999000	__gene 4A_rbs	45.000000	0.000000	0.000000
594.999000	__gene 5.3_rbs	50.000000	0.000000	0.000000
594.999000	__gene 5.5_rbs	49.000000	0.000000	0.000000
594.999000	__gene 5.7_rbs	49.000000	0.000000	0.000000
594.999000	__gene 5.9_rbs	49.000000	0.000000	0.000000
594.999000	__gene 5_rbs	56.000000	0.000000	0.000000
594.999000	__gene 6.3_rbs	49.000000	0.000000	0.000000
594.999000	__gene 6.5_rbs	86.000000	0.000000	0.000000
594.999000	__gene 6.7_rbs	86.000000	0.000000	0.000000
594.999000	__gene 6_rbs	49.000000	0.000000	0.000000
594.999000	__gene 7.3_rbs	85.000000	0.000000	0.000000
594.999000	__gene 7.7_rbs	84.000000	0.000000	0.000000
594.999000	__gene 7_rbs	85.000000	0.000000	0.000000
594.999000	__gene 8_rbs	83.000000	0.000000	0.000000
594.999000	__gene 9_rbs	167.000000	0.000000	0.000000
594.999000	__gp-2_rbs	33.000000	0.000000	0.000000
594.999000	__lysozyme-3.5_rbs	38.000000	0.000000	0.000000
594.999000	__protein_kinase-0.7_rbs	10.000000	0.000000	0.000000
594.999000	__ribosome	5.000000	0.000000	0.000000
594.999000	__rnapol-1_rbs	9.000000	0.000000	0.000000
594.999000	bound_ecolipol	0.000000	0.000000	0.000000
594.999000	bound_ecolipol_p	1476.000000	0.000000	0.000000
594.999000	bound_ribosome	9551.000000	0.000000	0.000000
594.999000	degraded_transcript	16628.000000	0.000000	0.000000
594.999000	ecoli_genome	324.000000	0.000000	0.000000
594.999000	ecoli_transcript	24108.000000	0.000000	0.000000
594.999000	ecolipol	0.000000	0.000000	0.000000
594.999000	ecolipol-2	0.000000	0.000000	0.000000
594.999000	ecolipol-2-p	287.000000	0.000000	0.000000
594.999000	ecolipol-p	36.000000	0.000000	0.000000
594.999000	gene 0.3	478.000000	10.000000	0.000000
594.999000	gene 1.1	652.000000	29.000000	0.000000
594.999000	gene 1.2	543.000000	22.000000	1.272727
594.999000	gene 1.3	337.000000	30.000000	8.866667
594.999000	gene 1.4	294.000000	21.000000	0.000000
594.999000	gene 1.7	499.000000	34.000000	0.029412
594.999000	gene 1.8	486.000000	34.000000	0.000000
594.999000	gene 10A	2764.000000	355.000000	0.050704
594.999000	gene 11	392.000000	49.000000	0.000000
594.999000	gene 12	373.000000	48.000000	0.270833
594.999000	gene 13	509.000000	77.000000	0.012987
594.999000	gene 14	406.000000	77.000000	0.025974
594.999000	gene 15	398.000000	74.000000	0.121622
594.999000	gene 16	237.000000	66.000000	0.606061
594.999000	gene 17	161.000000	63.000000	0.079365
594.999000	gene 17.5	126.000000	50.000000	0.000000
594.999000	gene 18	122.000000	49.000000	0.040816
594.999000	gene 18.5	117.000000	48.000000	0.020833
594.999000	gene 18.7	105.000000	48.000000	0.000000
594.999000	gene 19	94.000000	45.000000	0.200000
594.999000	gene 19.2	64.000000	39.000000	0.025641
594.999000	gene 19.3	64.000000	33.000000	0.030303
594.999000	gene 19.5	42.000000	29.000000	0.000000
594.999000	gene 2.5	579.000000	39.000000	0.000000
594.999000	gene 2.8	571.000000	39.000000	0.000000
594.999000	gene 3	536.000000	39.000000	0.025641
594.999000	gene 3.8	610.000000	45.000000	0.000000
594.999000	gene 4.2	624.000000	51.000000	0.000000
594.999000	gene 4.3	598.000000	51.000000	0.000000
594.999000	gene 4.5	619.000000	55.000000	0.000000
594.999000	gene 4.7	625.000000	54.000000	0.018519
594.999000	gene 4A	564.000000	45.000000	0.066667
594.999000	gene 5	627.000000	56.000000	0.178571
594.999000	gene 5.3	573.000000	50.000000	0.020000
594.999000	gene 5.5	513.000000	49.000000	0.000000
594.999000	gene 5.7	536.000000	49.000000	0.000000
594.999000	gene 5.9	493.000000	49.000000	0.000000
594.999000	gene 6	503.000000	49.000000	0.020408
594.999000	gene 6.3	527.000000	48.000000	0.000000
594.999000	gene 6.5	831.000000	86.000000	0.000000
594.999000	gene 6.7	786.000000	86.000000	0.000000
594.999000	gene 7	774.000000	85.000000	0.047059
594.999000	gene 7.3	765.000000	85.000000	0.000000
594.999000	gene 7.7	735.000000	84.000000	0.023810
594.999000	gene 8	748.000000	82.000000	0.097561
594.999000	gene 9	1401.000000	168.000000	0.071429
594.999000	gp-2	147.000000	34.000000	0.029412
594.999000	lysozyme-3.5	129.000000	39.000000	0.051282
594.999000	nonpref_charged	9387.000000	0.000000	0.000000
594.999000	nonpref_uncharged	5613.000000	0.000000	0.000000
594.999000	pref_charged	28918.000000	0.000000	0.000000
594.999000	pref_uncharged	6082.000000	0.000000	0.000000
594.999000	protein_kinase-0.7	471.000000	10.000000	0.100000
594.999000	rnapol-1	3.000000	9.000000	0.000000
594.999000	rnapol-3.5	276.000000	0.000000	0.000000
599.999000	E. coli B promoter	1.000000	0.000000	0.000000
599.999000	E. coli C promoter	1.000000	0.000000	0.000000
599.999000	E. coli promoter A1	1.000000	0.000000	0.000000
599.999000	E. coli promoter A2	1.000000	0.000000	0.000000
599.999000	E. coli promoter A3	1.000000	0.000000	0.000000
599.999000	T7 promoter phi1.1A	1.000000	0.000000	0.000000
599.999000	T7 promoter phi1.1B	1.000000	0.000000	0.000000
599.999000	T7 promoter phi1.3	1.000000	0.000000	0.000000
599.999000	T7 promoter phi1.5	1.000000	0.000000	0.000000
599.999000	T7 promoter phi1.6	1.000000	0.000000	0.000000
599.999000	T7 promoter phi10	0.000000	0.000000	0.000000
599.999000	T7 promoter phi13	1.000000	0.000000	0.000000
599.999000	T7 promoter phi17	1.000000	0.000000	0.000000
599.999000	T7 promoter phi2.5	1.000000	0.000000	0.000000
599.999000	T7 promoter phi3.8	1.000000	0.000000	0.000000
599.999000	T7 promoter phi4.3	1.000000	0.000000	0.000000
599.999000	T7 promoter phi4.7	1.000000	0.000000	0.000000
599.999000	T7 promoter phi4c	1.000000	0.000000	0.000000
599.999000	T7 promoter phi6.5	1.000000	0.000000	0.000000
599.999000	T7 promoter phi9	0.000000	0.000000	0.000000
599.999000	__gene 0.3_rbs	10.000000	0.000000	0.000000
599.999000	__gene 1.1_rbs	29.000000	0.000000	0.000000
599.999000	__gene 1.2_rbs	22.000000	0.000000	0.000000
599.999000	__gene 1.3_rbs	27.000000	0.000000	0.000000
599.999000	__gene 1.4_rbs	21.000000	0.000000	0.000000
599.999000	__gene 1.7_rbs	34.000000	0.000000	0.000000
599.999000	__gene 1.8_rbs	34.000000	0.000000	0.000000
599.999000	__gene 10A_rbs	373.000000	0.000000	0.000000
599.999000	__gene 11_rbs	51.000000	0.000000	0.000000
599.999000	__gene 12_rbs	49.000000	0.000000	0.000000
599.999000	__gene 13_rbs	80.000000	0.000000	0.000000
599.999000	__gene 14_rbs	79.000000	0.000000	0.000000
599.999000	__gene 15_rbs	77.000000	0.000000	0.000000
599.999000	__gene 16_rbs	70.000000	0.000000	0.000000
599.999000	__gene 17.5_rbs	56.000000	0.000000	0.000000
599.999000	__gene 17_rbs	73.000000	0.000000	0.000000
599.999000	__gene 18.5_rbs	53.000000	0.000000	0.000000
599.999000	__gene 18.7_rbs	52.000000	0.000000	0.000000
599.999000	__gene 18_rbs	54.000000	0.000000	0.000000
599.999000	__gene 19.2_rbs	48.000000	0.000000	0.000000
599.999000	__gene 19.3_rbs	43.000000	0.000000	0.000000
599.999000	__gene 19.5_rbs	35.000000	0.000000	0.000000
599.999000	__gene 19_rbs	50.000000	0.000000	0.000000
599.999000	__gene 2.5_rbs	40.000000	0.000000	0.000000
599.999000	__gene 2.8_rbs	40.000000	0.000000	0.000000
599.999000	__gene 3.8_rbs	45.000000	0.000000	0.000000
599.999000	__gene 3_rbs	39.000000	0.000000	0.000000
599.999000	__gene 4.2_rbs	51.000000	0.000000	0.000000
599.999000	__gene 4.3_rbs	51.000000	0.000000	0.000000
599.999000	__gene 4.5_rbs	56.000000	0.000000	0.000000
599.999000	__gene 4.7_rbs	56.000000	0.000000	0.000000
599.999000	__gene 4A_rbs	45.000000	0.000000	0.000000
599.999000	__gene 5.3_rbs	56.000000	0.000000	0.000000
599.999000	__gene 5.5_rbs	55.000000	0.000000	0.000000
599.999000	__gene 5.7_rbs	52.000000	0.000000	0.000000
599.999000	__gene 5.9_rbs	50.000000	0.000000	0.000000
599.999000	__gene 5_rbs	58.000000	0.000000	0.000000
599.999000	__gene 6.3_rbs	49.000000	0.000000	0.000000
599.999000	__gene 6.5_rbs	86.000000	0.000000	0.000000
599.999000	__gene 6.7_rbs	87.000000	0.000000	0.000000
599.999000	__gene 6_rbs	49.000000	0.000000	0.000000
599.999000	__gene 7.3_rbs	86.000000	0.000000	0.000000
599.999000	__gene 7.7_rbs	86.000000	0.000000	0.000000
599.999000	__gene 7_rbs	87.000000	0.000000	0.000000
599.999000	__gene 8_rbs	85.000000	0.000000	0.000000
599.999000	__gene 9_rbs	178.000000	0.000000	0.000000
599.999000	__gp-2_rbs	34.000000	0.000000	0.000000
599.999000	__lysozyme-3.5_rbs	39.000000	0.000000	0.000000
599.999000	__protein_kinase-0.7_rbs	10.000000	0.000000	0.000000
599.999000	__ribosome	17.000000	0.000000	0.000000
599.999000	__rnapol-1_rbs	9.000000	0.000000	0.000000
599.999000	bound_ecolipol	0.000000	0.000000	0.000000
599.999000	bound_ecolipol_p	1451.000000	0.000000	0.000000
599.999000	bound_ribosome	9553.000000	0.000000	0.000000
599.999000	degraded_transcript	16866.000000	0.000000	0.000000
599.999000	ecoli_genome	349.000000	0.000000	0.000000
599.999000	ecoli_transcript	24173.000000	0.000000	0.000000
599.999000	ecolipol	0.000000	0.000000	0.000000
599.999000	ecolipol-2	0.000000	0.000000	0.000000
599.999000	ecolipol-2-p	304.000000	0.000000	0.000000
599.999000	ecolipol-p	44.000000	0.000000	0.000000
599.999000	gene 0.3	484.000000	10.000000	0.000000
599.999000	gene 1.1	673.000000	29.000000	0.034483
599.999000	gene 1.2	557.000000	22.000000	1.545455
599.999000	gene 1.3	354.000000	31.000000	8.774194
599.999000	gene 1.4	309.000000	21.000000	0.000000
599.999000	gene 1.7	517.000000	34.000000	0.058824
599.999000	gene 1.8	520.000000	34.000000	0.000000
599.999000	gene 10A	3057.000000	373.000000	0.032172
599.999000	gene 11	418.000000	51.000000	0.000000
599.999000	gene 12	415.000000	49.000000	0.183673
599.999000	gene 13	577.000000	80.000000	0.012500
599.999000	gene 14	461.000000	79.000000	0.000000
599.999000	gene 15	463.000000	77.000000	0.220779
599.999000	gene 16	300.000000	70.000000	0.400000
599.999000	gene 17	205.000000	73.000000	0.095890
599.999000	gene 17.5	162.000000	57.000000	0.035088
599.999000	gene 18	157.000000	55.000000	0.000000
599.999000	gene 18.5	155.000000	53.000000	0.037736
599.999000	gene 18.7	146.000000	52.000000	0.019231
599.999000	gene 19	132.000000	50.000000	0.120000
599.999000	gene 19.2	98.000000	48.000000	0.020833
599.999000	gene 19.3	88.000000	43.000000	0.000000
599.999000	gene 19.5	62.000000	35.000000	0.000000
599.999000	gene 2.5	607.000000	40.000000	0.025000
599.999000	gene 2.8	592.000000	40.000000	0.000000
599.999000	gene 3	565.000000	39.000000	0.025641
599.999000	gene 3.8	643.000000	45.000000	0.000000
599.999000	gene 4.2	664.000000	51.000000	0.000000
599.999000	gene 4.3	647.000000	51.000000	0.000000
599.999000	gene 4.5	662.000000	56.000000	0.000000
599.999000	gene 4.7	673.000000	56.000000	0.017857
599.999000	gene 4A	583.000000	45.000000	0.066667
599.999000	gene 5	676.000000	58.000000	0.017241
599.999000	gene 5.3	611.000000	56.000000	0.017857
599.999000	gene 5.5	551.000000	55.000000	0.000000
599.999000	gene 5.7	570.000000	52.000000	0.000000
599.999000	gene 5.9	538.000000	50.000000	0.020000
599.999000	gene 6	537.000000	50.000000	0.020000
599.999000	gene 6.3	563.000000	48.000000	0.000000
599.999000	gene 6.5	893.000000	87.000000	0.022989
599.999000	gene 6.7	851.000000	87.000000	0.011494
599.999000	gene 7	846.000000	87.000000	0.000000
599.999000	gene 7.3	837.000000	86.000000	0.011628
599.999000	gene 7.7	800.000000	86.000000	0.011628
599.999000	gene 8	803.000000	84.000000	0.107143
599.999000	gene 9	1544.000000	178.000000	0.050562
599.999000	gp-2	159.000000	34.000000	0.000000
599.999000	lysozyme-3.5	145.000000	39.000000	0.000000
599.999000	nonpref_charged	10062.000000	0.000000	0.000000
599.999000	nonpref_uncharged	4938.000000	0.000000	0.000000
599.999000	pref_charged	30147.000000	0.000000	0.000000
599.999000	pref_uncharged	4853.000000	0.000000	0.000000
599.999000	protein_kinase-0.7	475.000000	10.000000	0.200000
599.999000	rnapol-1	2.000000	9.000000	0.000000
599.999000	rnapol-3.5	282.000000	0.000000	0.000000
604.999002	E. coli B promoter	1.000000	0.000000	0.000000
604.999002	E. coli C promoter	1.000000	0.000000	0.000000
604.999002	E. coli promoter A1	1.000000	0.000000	0.000000
604.999002	E. coli promoter A2	1.000000	0.000000	0.000000
604.999002	E. coli promoter A3	1.000000	0.000000	0.000000
604.999002	T7 promoter phi1.1A	1.000000	0.000000	0.000000
604.999002	T7 promoter phi1.1B	1.000000	0.000000	0.000000
604.999002	T7 promoter phi1.3	1.000000	0.000000	0.000000
604.999002	T7 promoter phi1.5	1.000000	0.000000	0.000000
604.999002	T7 promoter phi1.6	1.000000	0.000000	0.000000
604.999002	T7 promoter phi10	0.000000	0.000000	0.000000
604.999002	T7 promoter phi13	1.000000	0.000000	0.000000
604.999002	T7 promoter phi17	1.000000	0.000000	0.000000
604.999002	T7 promoter phi2.5	1.000000	0.000000	0.000000
604.999002	T7 promoter phi3.8	1.000000	0.000000	0.000000
604.999002	T7 promoter phi4.3	1.000000	0.000000	0.000000
604.999002	T7 promoter phi4.7	1.000000	0.000000	0.000000
604.999002	T7 promoter phi4c	1.000000	0.000000	0.000000
604.999002	T7 promoter phi6.5	1.000000	0.000000	0.000000
604.999002	T7 promoter phi9	1.000000	0.000000	0.000000
604.999002	__gene 0.3_rbs	10.000000	0.000000	0.000000
604.999002	__gene 1.1_rbs	30.000000	0.000000	0.000000
604.999002	__gene 1.2_rbs	21.000000	0.000000	0.000000
604.999002	__gene 1.3_rbs	28.000000	0.000000	0.000000
604.999002	__gene 1.4_rbs	22.000000	0.000000	0.000000
604.999002	__gene 1.7_rbs	35.000000	0.000000	0.000000
604.999002	__gene 1.8_rbs	34.000000	0.000000	0.000000
604.999002	__gene 10A_rbs	391.000000	0.000000	0.000000
604.999002	__gene 11_rbs	56.000000	0.000000	0.000000
604.999002	__gene 12_rbs	54.000000	0.000000	0.000000
604.999002	__gene 13_rbs	86.000000	0.000000	0.000000
604.999002	__gene 14_rbs	84.000000	0.000000	0.000000
604.999002	__gene 15_rbs	80.000000	0.000000	0.000000
604.999002	__gene 16_rbs	74.000000	0.000000	0.000000
604.999002	__gene 17.5_rbs	68.000000	0.000000	0.000000
604.999002	__gene 17_rbs	82.000000	0.000000	0.000000
604.999002	__gene 18.5_rbs	61.000000	0.000000	0.000000
604.999002	__gene 18.7_rbs	61.000000	0.000000	0.000000
604.999002	__gene 18_rbs	67.000000	0.000000	0.000000
604.999002	__gene 19.2_rbs	52.000000	0.000000	0.000000
604.999002	__gene 19.3_rbs	49.000000	0.000000	0.000000
604.999002	__gene 19.5_rbs	47.000000	0.000000	0.000000
604.999002	__gene 19_rbs	58.000000	0.000000	0.000000
604.999002	__gene 2.5_rbs	40.000000	0.000000	0.000000
604.999002	__gene 2.8_rbs	40.000000	0.000000	0.000000
604.999002	__gene 3.8_rbs	45.000000	0.000000	0.000000
604.999002	__gene 3_rbs	40.000000	0.000000	0.000000
604.999002	__gene 4.2_rbs	50.000000	0.000000	0.000000
604.999002	__gene 4.3_rbs	51.000000	0.000000	0.000000
604.999002	__gene 4.5_rbs	56.000000	0.000000	0.000000
604.999002	__gene 4.7_rbs	56.000000	0.000000	0.000000
604.999002	__gene 4A_rbs	45.000000	0.000000	0.000000
604.999002	__gene 5.3_rbs	56.000000	0.000000	0.000000
604.999002	__gene 5.5_rbs	56.000000	0.000000	0.000000
604.999002	__gene 5.7_rbs	56.000000	0.000000	0.000000
604.999002	__gene 5.9_rbs	56.000000	0.000000	0.000000
604.999002	__gene 5_rbs	58.000000	0.000000	0.000000
604.999002	__gene 6.3_rbs	50.000000	0.000000	0.000000
604.999002	__gene 6.5_rbs	89.000000	0.000000	0.000000
604.999002	__gene 6.7_rbs	89.000000	0.000000	0.000000
604.999002	__gene 6_rbs	56.000000	0.000000	0.000000
604.999002	__gene 7.3_rbs	86.000000	0.000000	0.000000
604.999002	__gene 7.7_rbs	87.000000	0.000000	0.000000
604.999002	__gene 7_rbs	88.000000	0.000000	0.000000
604.999002	__gene 8_rbs	87.000000	0.000000	0.000000
604.999002	__gene 9_rbs	190.000000	0.000000	0.000000
604.999002	__gp-2_rbs	34.000000	0.000000	0.000000
604.999002	__lysozyme-3.5_rbs	40.000000	0.000000	0.000000
604.999002	__protein_kinase-0.7_rbs	10.000000	0.000000	0.000000
604.999002	__ribosome	17.000000	0.000000	0.000000
604.999002	__rnapol-1_rbs	9.000000	0.000000	0.000000
604.999002	bound_ecolipol	0.000000	0.000000	0.000000
604.999002	bound_ecolipol_p	1464.000000	0.000000	0.000000
604.999002	bound_ribosome	9492.000000	0.000000	0.000000
604.999002	degraded_transcript	17124.000000	0.000000	0.000000
604.999002	ecoli_genome	336.000000	0.000000	0.000000
604.999002	ecoli_transcript	24261.000000	0.000000	0.000000
604.999002	ecolipol	0.000000	0.000000	0.000000
604.999002	ecolipol-2	0.000000	0.000000	0.000000
604.999002	ecolipol-2-p	300.000000	0.000000	0.000000
604.999002	ecolipol-p	35.000000	0.000000	0.000000
604.999002	gene 0.3	497.000000	10.000000	0.000000
604.999002	gene 1.1	705.000000	30.000000	0.066667
604.999002	gene 1.2	571.000000	22.000000	1.727273
604.999002	gene 1.3	372.000000	32.000000	8.687500
604.999002	gene 1.4	327.000000	22.000000	0.000000
604.999002	gene 1.7	543.000000	35.000000	0.028571
604.999002	gene 1.8	531.000000	34.000000	0.000000
604.999002	gene 10A	3367.000000	393.000000	0.053435
604.999002	gene 11	462.000000	56.000000	0.017857
604.999002	gene 12	448.000000	54.000000	0.129630
604.999002	gene 13	637.000000	86.000000	0.081395
604.999002	gene 14	533.000000	84.000000	0.035714
604.999002	gene 15	528.000000	80.000000	0.150000
604.999002	gene 16	358.000000	74.000000	0.608108
604.999002	gene 17	248.000000	82.000000	0.158537
604.999002	gene 17.5	223.000000	68.000000	0.000000
604.999002	gene 18	211.000000	67.000000	0.000000
604.999002	gene 18.5	193.000000	61.000000	0.016393
604.999002	gene 18.7	194.000000	61.000000	0.000000
604.999002	gene 19	168.000000	58.000000	0.137931
604.999002	gene 19.2	138.000000	53.000000	0.037736
604.999002	gene 19.3	124.000000	50.000000	0.000000
604.999002	gene 19.5	91.000000	47.000000	0.021277
604.999002	gene 2.5	638.000000	40.000000	0.075000
604.999002	gene 2.8	617.000000	40.000000	0.025000
604.999002	gene 3	598.000000	40.000000	0.000000
604.999002	gene 3.8	689.000000	45.000000	0.044444
604.999002	gene 4.2	696.000000	51.000000	0.019608
604.999002	gene 4.3	674.000000	51.000000	0.000000
604.999002	gene 4.5	710.000000	56.000000	0.017857
604.999002	gene 4.7	718.000000	56.000000	0.000000
604.999002	gene 4A	610.000000	45.000000	0.066667
604.999002	gene 5	707.000000	58.000000	0.120690
604.999002	gene 5.3	659.000000	56.000000	0.017857
604.999002	gene 5.5	604.000000	56.000000	0.017857
604.999002	gene 5.7	616.000000	56.000000	0.000000
604.999002	gene 5.9	576.000000	56.000000	0.000000
604.999002	gene 6	580.000000	55.000000	0.036364
604.999002	gene 6.3	606.000000	50.000000	0.000000
604.999002	gene 6.5	972.000000	89.000000	0.011236
604.999002	gene 6.7	912.000000	89.000000	0.000000
604.999002	gene 7	911.000000	88.000000	0.034091
604.999002	gene 7.3	915.000000	86.000000	0.034884
604.999002	gene 7.7	878.000000	87.000000	0.022989
604.999002	gene 8	878.000000	86.000000	0.046512
604.999002	gene 9	1683.000000	190.000000	0.047368
604.999002	gp-2	190.000000	34.000000	0.000000
604.999002	lysozyme-3.5	169.000000	40.000000	0.000000
604.999002	nonpref_charged	7825.000000	0.000000	0.000000
604.999002	nonpref_uncharged	7175.000000	0.000000	0.000000
604.999002	pref_charged	27835.000000	0.000000	0.000000
604.999002	pref_uncharged	7165.000000	0.000000	0.000000
604.999002	protein_kinase-0.7	482.000000	10.000000	0.400000
604.999002	rnapol-1	5.000000	9.000000	0.333333
604.999002	rnapol-3.5	284.000000	0.000000	0.000000
609.999004	E. coli B promoter	1.000000	0.000000	0.000000
609.999004	E. coli C promoter	1.000000	0.000000	0.000000
609.999004	E. coli promoter A1	1.000000	0.000000	0.000000
609.999004	E. coli promoter A2	1.000000	0.000000	0.000000
609.999004	E. coli promoter A3	1.000000	0.000000	0.000000
609.999004	T7 promoter phi1.1A	1.000000	0.000000	0.000000
609.999004	T7 promoter phi1.1B	1.000000	0.000000	0.000000
609.999004	T7 promoter phi1.3	1.000000	0.000000	0.000000
609.999004	T7 promoter phi1.5	1.000000	0.000000	0.000000
609.999004	T7 promoter phi1.6	1.000000	0.000000	0.000000
609.999004	T7 promoter phi10	1.000000	0.000000	0.000000
609.999004	T7 promoter phi13	1.000000	0.000000	0.000000
609.999004	T7 promoter phi17	0.000000	0.000000	0.000000
609.999004	T7 promoter phi2.5	1.000000	0.000000	0.000000
609.999004	T7 promoter phi3.8	1.000000	0.000000	0.000000
609.999004	T7 promoter phi4.3	1.000000	0.000000	0.000000
609.999004	T7 promoter phi4.7	1.000000	0.000000	0.000000
609.999004	T7 promoter phi4c	1.000000	0.000000	0.000000
609.999004	T7 promoter phi6.5	1.000000	0.000000	0.000000
609.999004	T7 promoter phi9	0.000000	0.000000	0.000000
609.999004	__gene 0.3_rbs	10.000000	0.000000	0.000000
609.999004	__gene 1.1_rbs	28.000000	0.000000	0.000000
609.999004	__gene 1.2_rbs	22.000000	0.000000	0.000000
609.999004	__gene 1.3_rbs	29.000000	0.000000	0.000000
609.999004	__gene 1.4_rbs	22.000000	0.000000	0.000000
609.999004	__gene 1.7_rbs	36.000000	0.000000	0.000000
609.999004	__gene 1.8_rbs	35.000000	0.000000	0.000000
609.999004	__gene 10A_rbs	410.000000	0.000000	0.000000
609.999004	__gene 11_rbs	62.000000	0.000000	0.000000
609.999004	__gene 12_rbs	59.000000	0.000000	0.000000
609.999004	__gene 13_rbs	94.000000	0.000000	0.000000
609.999004	__gene 14_rbs	91.000000	0.000000	0.000000
609.999004	__gene 15_rbs	86.000000	0.000000	0.000000
609.999004	__gene 16_rbs	76.000000	0.000000	0.000000
609.999004	__gene 17.5_rbs	76.000000	0.000000	0.000000
609.999004	__gene 17_rbs	91.000000	0.000000	0.000000
609.999004	__gene 18.5_rbs	73.000000	0.000000	0.000000
609.999004	__gene 18.7_rbs	72.000000	0.000000	0.000000
609.999004	__gene 18_rbs	74.000000	0.000000	0.000000
609.999004	__gene 19.2_rbs	62.000000	0.000000	0.000000
609.999004	__gene 19.3_rbs	57.000000	0.000000	0.000000
609.999004	__gene 19.5_rbs	52.000000	0.000000	0.000000
609.999004	__gene 19_rbs	69.000000	0.000000	0.000000
609.999004	__gene 2.5_rbs	41.000000	0.000000	0.000000
609.999004	__gene 2.8_rbs	40.000000	0.000000	0.000000
609.999004	__gene 3.8_rbs	46.000000	0.000000	0.000000
609.999004	__gene 3_rbs	40.000000	0.000000	0.000000
609.999004	__gene 4.2_rbs	51.000000	0.000000	0.000000
609.999004	__gene 4.3_rbs	51.000000	0.000000	0.000000
609.999004	__gene 4.5_rbs	56.000000	0.000000	0.000000
609.999004	__gene 4.7_rbs	56.000000	0.000000	0.000000
609.999004	__gene 4A_rbs	46.000000	0.000000	0.000000
609.999004	__gene 5.3_rbs	58.000000	0.000000	0.000000
609.999004	__gene 5.5_rbs	58.000000	0.000000	0.000000
609.999004	__gene 5.7_rbs	56.000000	0.000000	0.000000
609.999004	__gene 5.9_rbs	56.000000	0.000000	0.000000
609.999004	__gene 5_rbs	58.000000	0.000000	0.000000
609.999004	__gene 6.3_rbs	55.000000	0.000000	0.000000
609.999004	__gene 6.5_rbs	96.000000	0.000000	0.000000
609.999004	__gene 6.7_rbs	96.000000	0.000000	0.000000
609.999004	__gene 6_rbs	56.000000	0.000000	0.000000
609.999004	__gene 7.3_rbs	90.000000	0.000000	0.000000
609.999004	__gene 7.7_rbs	89.000000	0.000000	0.000000
609.999004	__gene 7_rbs	94.000000	0.000000	0.000000
609.999004	__gene 8_rbs	88.000000	0.000000	0.000000
609.999004	__gene 9_rbs	196.000000	0.000000	0.000000
609.999004	__gp-2_rbs	35.000000	0.000000	0.000000
609.999004	__lysozyme-3.5_rbs	40.000000	0.000000	0.000000
609.999004	__protein_kinase-0.7_rbs	10.000000	0.000000	0.000000
609.999004	__ribosome	9.000000	0.000000	0.000000
609.999004	__rnapol-1_rbs	9.000000	0.000000	0.000000
609.999004	bound_ecolipol	0.000000	0.000000	0.000000
609.999004	bound_ecolipol_p	1447.000000	0.000000	0.000000
609.999004	bound_ribosome	9485.000000	0.000000	0.000000
609.999004	degraded_transcript	17374.000000	0.000000	0.000000
609.999004	ecoli_genome	353.000000	0.000000	0.000000
609.999004	ecoli_transcript	24307.000000	0.000000	0.000000
609.999004	ecolipol	0.000000	0.000000	0.000000
609.999004	ecolipol-2	0.000000	0.000000	0.000000
609.999004	ecolipol-2-p	320.000000	0.000000	0.000000
609.999004	ecolipol-p	32.000000	0.000000	0.000000
609.999004	gene 0.3	502.000000	10.000000	0.100000
609.999004	gene 1.1	736.000000	30.000000	0.066667
609.999004	gene 1.2	581.000000	22.000000	1.818182
609.999004	gene 1.3	386.000000	33.000000	8.606061
609.999004	gene 1.4	345.000000	23.000000	0.043478
609.999004	gene 1.7	566.000000	36.000000	0.027778
609.999004	gene 1.8	555.000000	34.000000	0.000000
609.999004	gene 10A	3708.000000	411.000000	0.077859
609.999004	gene 11	508.000000	62.000000	0.016129
609.999004	gene 12	484.000000	59.000000	0.169492
609.999004	gene 13	726.000000	94.000000	0.053191
609.999004	gene 14	596.000000	91.000000	0.010989
609.999004	gene 15	591.000000	87.000000	0.183908
609.999004	gene 16	426.000000	77.000000	0.415584
609.999004	gene 17	301.000000	91.000000	0.186813
609.999004	gene 17.5	275.000000	76.000000	0.000000
609.999004	gene 18	278.000000	74.000000	0.000000
609.999004	gene 18.5	255.000000	73.000000	0.000000
609.999004	gene 18.7	237.000000	72.000000	0.013889
609.999004	gene 19	220.000000	69.000000	0.130435
609.999004	gene 19.2	184.000000	62.000000	0.000000
609.999004	gene 19.3	162.000000	57.000000	0.017544
609.999004	gene 19.5	136.000000	52.000000	0.000000
609.999004	gene 2.5	666.000000	41.000000	0.000000
609.999004	gene 2.8	650.000000	40.000000	0.000000
609.999004	gene 3	641.000000	40.000000	0.000000
609.999004	gene 3.8	730.000000	46.000000	0.021739
609.999004	gene 4.2	744.000000	51.000000	0.019608
609.999004	gene 4.3	720.000000	51.000000	0.000000
609.999004	gene 4.5	746.000000	56.000000	0.053571
609.999004	gene 4.7	770.000000	56.000000	0.017857
609.999004	gene 4A	638.000000	46.000000	0.108696
609.999004	gene 5	741.000000	58.000000	0.103448
609.999004	gene 5.3	714.000000	58.000000	0.017241
609.999004	gene 5.5	654.000000	58.000000	0.017241
609.999004	gene 5.7	639.000000	56.000000	0.000000
609.999004	gene 5.9	629.000000	56.000000	0.000000
609.999004	gene 6	621.000000	55.000000	0.036364
609.999004	gene 6.3	655.000000	55.000000	0.018182
609.999004	gene 6.5	1057.000000	96.000000	0.010417
609.999004	gene 6.7	987.000000	96.000000	0.000000
609.999004	gene 7	989.000000	93.000000	0.021505
609.999004	gene 7.3	997.000000	90.000000	0.011111
609.999004	gene 7.7	950.000000	89.000000	0.011236
609.999004	gene 8	946.000000	87.000000	0.103448
609.999004	gene 9	1841.000000	196.000000	0.045918
609.999004	gp-2	196.000000	35.000000	0.028571
609.999004	lysozyme-3.5	194.000000	40.000000	0.100000
609.999004	nonpref_charged	7618.000000	0.000000	0.000000
609.999004	nonpref_uncharged	7382.000000	0.000000	0.000000
609.999004	pref_charged	27362.000000	0.000000	0.000000
609.999004	pref_uncharged	7638.000000	0.000000	0.000000
609.999004	protein_kinase-0.7	490.000000	10.000000	0.200000
609.999004	rnapol-1	1.000000	9.000000	0.000000
609.999004	rnapol-3.5	291.000000	0.000000	0.000000
614.999002	E. coli B promoter	1.000000	0.000000	0.000000
614.999002	E. coli C promoter	1.000000	0.000000	0.000000
614.999002	E. coli promoter A1	1.000000	0.000000	0.000000
614.999002	E. coli promoter A2	1.000000	0.000000	0.000000
614.999002	E. coli promoter A3	1.000000	0.000000	0.000000
614.999002	T7 promoter phi1.1A	1.000000	0.000000	0.000000
614.999002	T7 promoter phi1.1B	1.000000	0.000000	0.000000
614.999002	T7 promoter phi1.3	1.000000	0.000000	0.000000
614.999002	T7 promoter phi1.5	1.000000	0.000000	0.000000
614.999002	T7 promoter phi1.6	1.000000	0.000000	0.000000
614.999002	T7 promoter phi10	0.000000	0.000000	0.000000
614.999002	T7 promoter phi13	1.000000	0.000000	0.000000
614.999002	T7 promoter phi17	0.000000	0.000000	0.000000
614.999002	T7 promoter phi2.5	1.000000	0.000000	0.000000
614.999002	T7 promoter phi3.8	1.000000	0.000000	0.000000
614.999002	T7 promoter phi4.3	1.000000	0.000000	0.000000
614.999002	T7 promoter phi4.7	1.000000	0.000000	0.000000
614.999002	T7 promoter phi4c	1.000000	0.000000	0.000000
614.999002	T7 promoter phi6.5	1.000000	0.000000	0.000000
614.999002	T7 promoter phi9	1.000000	0.000000	0.000000
614.999002	__gene 0.3_rbs	10.000000	0.000000	0.000000
614.999002	__gene 1.1_rbs	28.000000	0.000000	0.000000
614.999002	__gene 1.2_rbs	22.000000	0.000000	0.000000
614.999002	__gene 1.3_rbs	28.000000	0.000000	0.000000
614.999002	__gene 1.4_rbs	24.000000	0.000000	0.000000
614.999002	__gene 1.7_rbs	37.000000	0.000000	0.000000
614.999002	__gene 1.8_rbs	36.000000	0.000000	0.000000
614.999002	__gene 10A_rbs	427.000000	0.000000	0.000000
614.999002	__gene 11_rbs	67.000000	0.000000	0.000000
614.999002	__gene 12_rbs	65.000000	0.000000	0.000000
614.999002	__gene 13_rbs	99.000000	0.000000	0.000000
614.999002	__gene 14_rbs	95.000000	0.000000	0.000000
614.999002	__gene 15_rbs	94.000000	0.000000	0.000000
614.999002	__gene 16_rbs	80.000000	0.000000	0.000000
614.999002	__gene 17.5_rbs	87.000000	0.000000	0.000000
614.999002	__gene 17_rbs	99.000000	0.000000	0.000000
614.999002	__gene 18.5_rbs	82.000000	0.000000	0.000000
614.999002	__gene 18.7_rbs	80.000000	0.000000	0.000000
614.999002	__gene 18_rbs	85.000000	0.000000	0.000000
614.999002	__gene 19.2_rbs	73.000000	0.000000	0.000000
614.999002	__gene 19.3_rbs	69.000000	0.000000	0.000000
614.999002	__gene 19.5_rbs	60.000000	0.000000	0.000000
614.999002	__gene 19_rbs	77.000000	0.000000	0.000000
614.999002	__gene 2.5_rbs	42.000000	0.000000	0.000000
614.999002	__gene 2.8_rbs	41.000000	0.000000	0.000000
614.999002	__gene 3.8_rbs	45.000000	0.000000	0.000000
614.999002	__gene 3_rbs	41.000000	0.000000	0.000000
614.999002	__gene 4.2_rbs	52.000000	0.000000	0.000000
614.999002	__gene 4.3_rbs	52.000000	0.000000	0.000000
614.999002	__gene 4.5_rbs	56.000000	0.000000	0.000000
614.999002	__gene 4.7_rbs	56.000000	0.000000	0.000000
614.999002	__gene 4A_rbs	46.000000	0.000000	0.000000
614.999002	__gene 5.3_rbs	58.000000	0.000000	0.000000
614.999002	__gene 5.5_rbs	58.000000	0.000000	0.000000
614.999002	__gene 5.7_rbs	58.000000	0.000000	0.000000
614.999002	__gene 5.9_rbs	58.000000	0.000000	0.000000
614.999002	__gene 5_rbs	58.000000	0.000000	0.000000
614.999002	__gene 6.3_rbs	56.000000	0.000000	0.000000
614.999002	__gene 6.5_rbs	99.000000	0.000000	0.000000
614.999002	__gene 6.7_rbs	98.000000	0.000000	0.000000
614.999002	__gene 6_rbs	58.000000	0.000000	0.000000
614.999002	__gene 7.3_rbs	97.000000	0.000000	0.000000
614.999002	__gene 7.7_rbs	96.000000	0.000000	0.000000
614.999002	__gene 7_rbs	97.000000	0.000000	0.000000
614.999002	__gene 8_rbs	94.000000	0.000000	0.000000
614.999002	__gene 9_rbs	202.000000	0.000000	0.000000
614.999002	__gp-2_rbs	36.000000	0.000000	0.000000
614.999002	__lysozyme-3.5_rbs	41.000000	0.000000	0.000000
614.999002	__protein_kinase-0.7_rbs	10.000000	0.000000	0.000000
614.999002	__ribosome	9.000000	0.000000	0.000000
614.999002	__rnapol-1_rbs	9.000000	0.000000	0.000000
614.999002	bound_ecolipol	0.000000	0.000000	0.000000
614.999002	bound_ecolipol_p	1435.000000	0.000000	0.000000
614.999002	bound_ribosome	9512.000000	0.000000	0.000000
614.999002	degraded_transcript	17595.000000	0.000000	0.000000
614.999002	ecoli_genome	365.000000	0.000000	0.000000
614.999002	ecoli_transcript	24341.000000	0.000000	0.000000
614.999002	ecolipol	0.000000	0.000000	0.000000
614.999002	ecolipol-2	0.000000	0.000000	0.000000
614.999002	ecolipol-2-p	336.000000	0.000000	0.000000
614.999002	ecolipol-p	28.000000	0.000000	0.000000
614.999002	gene 0.3	507.000000	10.000000	0.000000
614.999002	gene 1.1	753.000000	30.000000	0.066667
614.999002	gene 1.2	595.000000	22.000000	2.000000
614.999002	gene 1.3	411.000000	33.000000	8.696970
614.999002	gene 1.4	360.000000	24.000000	0.000000
614.999002	gene 1.7	596.000000	38.000000	0.078947
614.999002	gene 1.8	589.000000	36.000000	0.027778
614.999002	gene 10A	4050.000000	427.000000	0.056206
614.999002	gene 11	552.000000	67.000000	0.029851
614.999002	gene 12	528.000000	65.000000	0.123077
614.999002	gene 13	801.000000	99.000000	0.040404
614.999002	gene 14	669.000000	95.000000	0.000000
614.999002	gene 15	655.000000	94.000000	0.148936
614.999002	gene 16	486.000000	80.000000	0.300000
614.999002	gene 17	378.000000	99.000000	0.090909
614.999002	gene 17.5	336.000000	87.000000	0.000000
614.999002	gene 18	320.000000	85.000000	0.023529
614.999002	gene 18.5	316.000000	82.000000	0.036585
614.999002	gene 18.7	297.000000	80.000000	0.000000
614.999002	gene 19	275.000000	77.000000	0.155844
614.999002	gene 19.2	234.000000	73.000000	0.000000
614.999002	gene 19.3	215.000000	69.000000	0.000000
614.999002	gene 19.5	172.000000	60.000000	0.016667
614.999002	gene 2.5	695.000000	42.000000	0.071429
614.999002	gene 2.8	694.000000	41.000000	0.000000
614.999002	gene 3	670.000000	41.000000	0.024390
614.999002	gene 3.8	759.000000	46.000000	0.021739
614.999002	gene 4.2	784.000000	52.000000	0.000000
614.999002	gene 4.3	763.000000	52.000000	0.000000
614.999002	gene 4.5	796.000000	56.000000	0.000000
614.999002	gene 4.7	828.000000	56.000000	0.017857
614.999002	gene 4A	681.000000	46.000000	0.043478
614.999002	gene 5	782.000000	58.000000	0.103448
614.999002	gene 5.3	758.000000	58.000000	0.000000
614.999002	gene 5.5	701.000000	58.000000	0.017241
614.999002	gene 5.7	685.000000	58.000000	0.000000
614.999002	gene 5.9	687.000000	57.000000	0.017544
614.999002	gene 6	665.000000	57.000000	0.052632
614.999002	gene 6.3	706.000000	56.000000	0.000000
614.999002	gene 6.5	1136.000000	99.000000	0.000000
614.999002	gene 6.7	1072.000000	97.000000	0.000000
614.999002	gene 7	1070.000000	96.000000	0.020833
614.999002	gene 7.3	1084.000000	96.000000	0.000000
614.999002	gene 7.7	1010.000000	96.000000	0.010417
614.999002	gene 8	1028.000000	94.000000	0.042553
614.999002	gene 9	1996.000000	202.000000	0.034653
614.999002	gp-2	211.000000	36.000000	0.000000
614.999002	lysozyme-3.5	222.000000	41.000000	0.048780
614.999002	nonpref_charged	8676.000000	0.000000	0.000000
614.999002	nonpref_uncharged	6324.000000	0.000000	0.000000
614.999002	pref_charged	28392.000000	0.000000	0.000000
614.999002	pref_uncharged	6608.000000	0.000000	0.000000
614.999002	protein_kinase-0.7	494.000000	10.000000	0.300000
614.999002	rnapol-1	0.000000	9.000000	0.111111
614.999002	rnapol-3.5	290.000000	0.000000	0.000000
619.999000	E. coli B promoter	1.000000	0.000000	0.000000
619.999000	E. coli C promoter	1.000000	0.000000	0.000000
619.999000	E. coli promoter A1	1.000000	0.000000	0.000000
619.999000	E. coli promoter A2	1.000000	0.000000	0.000000
619.999000	E. coli promoter A3	1.000000	0.000000	0.000000
619.999000	T7 promoter phi1.1A	1.000000	0.000000	0.000000
619.999000	T7 promoter phi1.1B	1.000000	0.000000	0.000000
619.999000	T7 promoter phi1.3	1.000000	0.000000	0.000000
619.999000	T7 promoter phi1.5	1.000000	0.000000	0.000000
619.999000	T7 promoter phi1.6	1.000000	0.000000	0.000000
619.999000	T7 promoter phi10	0.000000	0.000000	0.000000
619.999000	T7 promoter phi13	1.000000	0.000000	0.000000
619.999000	T7 promoter phi17	0.000000	0.000000	0.000000
619.999000	T7 promoter phi2.5	1.000000	0.000000	0.000000
619.999000	T7 promoter phi3.8	1.000000	0.000000	0.000000
619.999000	T7 promoter phi4.3	1.000000	0.000000	0.000000
619.999000	T7 promoter phi4.7	1.000000	0.000000	0.000000
619.999000	T7 promoter phi4c	1.000000	0.000000	0.000000
619.999000	T7 promoter phi6.5	1.000000	0.000000	0.000000
619.999000	T7 promoter phi9	0.000000	0.000000	0.000000
619.999000	__gene 0.3_rbs	10.000000	0.000000	0.000000
619.999000	__gene 1.1_rbs	29.000000	0.000000	0.000000
619.999000	__gene 1.2_rbs	22.000000	0.000000	0.000000
619.999000	__gene 1.3_rbs	28.000000	0.000000	0.000000
619.999000	__gene 1.4_rbs	24.000000	0.000000	0.000000
619.999000	__gene 1.7_rbs	38.000000	0.000000	0.000000
619.999000	__gene 1.8_rbs	38.000000	0.000000	0.000000
619.999000	__gene 10A_rbs	443.000000	0.000000	0.000000
619.999000	__gene 11_rbs	72.000000	0.000000	0.000000
619.999000	__gene 12_rbs	69.000000	0.000000	0.000000
619.999000	__gene 13_rbs	105.000000	0.000000	0.000000
619.999000	__gene 14_rbs	101.000000	0.000000	0.000000
619.999000	__gene 15_rbs	98.000000	0.000000	0.000000
619.999000	__gene 16_rbs	86.000000	0.000000	0.000000
619.999000	__gene 17.5_rbs	94.000000	0.000000	0.000000
619.999000	__gene 17_rbs	107.000000	0.000000	0.000000
619.999000	__gene 18.5_rbs	91.000000	0.000000	0.000000
619.999000	__gene 18.7_rbs	90.000000	0.000000	0.000000
619.999000	__gene 18_rbs	92.000000	0.000000	0.000000
619.999000	__gene 19.2_rbs	79.000000	0.000000	0.000000
619.999000	__gene 19.3_rbs	76.000000	0.000000	0.000000
619.999000	__gene 19.5_rbs	71.000000	0.000000	0.000000
619.999000	__gene 19_rbs	88.000000	0.000000	0.000000
619.999000	__gene 2.5_rbs	44.000000	0.000000	0.000000
619.999000	__gene 2.8_rbs	42.000000	0.000000	0.000000
619.999000	__gene 3.8_rbs	47.000000	0.000000	0.000000
619.999000	__gene 3_rbs	41.000000	0.000000	0.000000
619.999000	__gene 4.2_rbs	52.000000	0.000000	0.000000
619.999000	__gene 4.3_rbs	52.000000	0.000000	0.000000
619.999000	__gene 4.5_rbs	57.000000	0.000000	0.000000
619.999000	__gene 4.7_rbs	57.000000	0.000000	0.000000
619.999000	__gene 4A_rbs	47.000000	0.000000	0.000000
619.999000	__gene 5.3_rbs	58.000000	0.000000	0.000000
619.999000	__gene 5.5_rbs	58.000000	0.000000	0.000000
619.999000	__gene 5.7_rbs	58.000000	0.000000	0.000000
619.999000	__gene 5.9_rbs	58.000000	0.000000	0.000000
619.999000	__gene 5_rbs	59.000000	0.000000	0.000000
619.999000	__gene 6.3_rbs	58.000000	0.000000	0.000000
619.999000	__gene 6.5_rbs	101.000000	0.000000	0.000000
619.999000	__gene 6.7_rbs	101.000000	0.000000	0.000000
619.999000	__gene 6_rbs	57.000000	0.000000	0.000000
619.999000	__gene 7.3_rbs	98.000000	0.000000	0.000000
619.999000	__gene 7.7_rbs	99.000000	0.000000	0.000000
619.999000	__gene 7_rbs	101.000000	0.000000	0.000000
619.999000	__gene 8_rbs	96.000000	0.000000	0.000000
619.999000	__gene 9_rbs	209.000000	0.000000	0.000000
619.999000	__gp-2_rbs	37.000000	0.000000	0.000000
619.999000	__lysozyme-3.5_rbs	41.000000	0.000000	0.000000
619.999000	__protein_kinase-0.7_rbs	10.000000	0.000000	0.000000
619.999000	__ribosome	5.000000	0.000000	0.000000
619.999000	__rnapol-1_rbs	9.000000	0.000000	0.000000
619.999000	bound_ecolipol	0.000000	0.000000	0.000000
619.999000	bound_ecolipol_p	1411.000000	0.000000	0.000000
619.999000	bound_ribosome	9477.000000	0.000000	0.000000
619.999000	degraded_transcript	17821.000000	0.000000	0.000000
619.999000	ecoli_genome	389.000000	0.000000	0.000000
619.999000	ecoli_transcript	24466.000000	0.000000	0.000000
619.999000	ecolipol	0.000000	0.000000	0.000000
619.999000	ecolipol-2	0.000000	0.000000	0.000000
619.999000	ecolipol-2-p	353.000000	0.000000	0.000000
619.999000	ecolipol-p	35.000000	0.000000	0.000000
619.999000	gene 0.3	512.000000	10.000000	0.000000
619.999000	gene 1.1	778.000000	31.000000	0.064516
619.999000	gene 1.2	614.000000	23.000000	2.304348
619.999000	gene 1.3	429.000000	33.000000	8.727273
619.999000	gene 1.4	388.000000	24.000000	0.000000
619.999000	gene 1.7	632.000000	38.000000	0.000000
619.999000	gene 1.8	625.000000	38.000000	0.026316
619.999000	gene 10A	4355.000000	443.000000	0.051919
619.999000	gene 11	604.000000	72.000000	0.041667
619.999000	gene 12	565.000000	69.000000	0.202899
619.999000	gene 13	875.000000	105.000000	0.028571
619.999000	gene 14	727.000000	102.000000	0.029412
619.999000	gene 15	717.000000	99.000000	0.171717
619.999000	gene 16	539.000000	87.000000	0.298851
619.999000	gene 17	453.000000	107.000000	0.130841
619.999000	gene 17.5	407.000000	94.000000	0.010638
619.999000	gene 18	368.000000	93.000000	0.032258
619.999000	gene 18.5	362.000000	91.000000	0.032967
619.999000	gene 18.7	366.000000	90.000000	0.022222
619.999000	gene 19	339.000000	88.000000	0.181818
619.999000	gene 19.2	279.000000	81.000000	0.024691
619.999000	gene 19.3	257.000000	76.000000	0.000000
619.999000	gene 19.5	216.000000	71.000000	0.028169
619.999000	gene 2.5	727.000000	44.000000	0.000000
619.999000	gene 2.8	723.000000	42.000000	0.071429
619.999000	gene 3	686.000000	42.000000	0.000000
619.999000	gene 3.8	799.000000	47.000000	0.000000
619.999000	gene 4.2	823.000000	52.000000	0.000000
619.999000	gene 4.3	805.000000	52.000000	0.000000
619.999000	gene 4.5	838.000000	57.000000	0.000000
619.999000	gene 4.7	871.000000	57.000000	0.000000
619.999000	gene 4A	715.000000	47.000000	0.063830
619.999000	gene 5	830.000000	59.000000	0.067797
619.999000	gene 5.3	806.000000	58.000000	0.000000
619.999000	gene 5.5	744.000000	58.000000	0.017241
619.999000	gene 5.7	742.000000	58.000000	0.000000
619.999000	gene 5.9	727.000000	57.000000	0.000000
619.999000	gene 6	712.000000	58.000000	0.017241
619.999000	gene 6.3	741.000000	57.000000	0.000000
619.999000	gene 6.5	1214.000000	101.000000	0.029703
619.999000	gene 6.7	1147.000000	100.000000	0.000000
619.999000	gene 7	1144.000000	100.000000	0.010000
619.999000	gene 7.3	1151.000000	98.000000	0.040816
619.999000	gene 7.7	1077.000000	99.000000	0.030303
619.999000	gene 8	1093.000000	97.000000	0.092784
619.999000	gene 9	2150.000000	209.000000	0.023923
619.999000	gp-2	218.000000	38.000000	0.000000
619.999000	lysozyme-3.5	251.000000	41.000000	0.000000
619.999000	nonpref_charged	8249.000000	0.000000	0.000000
619.999000	nonpref_uncharged	6751.000000	0.000000	0.000000
619.999000	pref_charged	28197.000000	0.000000	0.000000
619.999000	pref_uncharged	6803.000000	0.000000	0.000000
619.999000	protein_kinase-0.7	499.000000	10.000000	0.400000
619.999000	rnapol-1	1.000000	9.000000	0.111111
619.999000	rnapol-3.5	299.000000	0.000000	0.000000
624.999000	E. coli B promoter	1.000000	0.000000	0.000000
624.999000	E. coli C promoter	1.000000	0.000000	0.000000
624.999000	E. coli promoter A1	1.000000	0.000000	0.000000
624.999000	E. coli promoter A2	1.000000	0.000000	0.000000
624.999000	E. coli promoter A3	1.000000	0.000000	0.000000
624.999000	T7 promoter phi1.1A	1.000000	0.000000	0.000000
624.999000	T7 promoter phi1.1B	1.000000	0.000000	0.000000
624.999000	T7 promoter phi1.3	1.000000	0.000000	0.000000
624.999000	T7 promoter phi1.5	1.000000	0.000000	0.000000
624.999000	T7 promoter phi1.6	1.000000	0.000000	0.000000
624.999000	T7 promoter phi10	0.000000	0.000000	0.000000
624.999000	T7 promoter phi13	0.000000	0.000000	0.000000
624.999000	T7 promoter phi17	1.000000	0.000000	0.000000
624.999000	T7 promoter phi2.5	1.000000	0.000000	0.000000
624.999000	T7 promoter phi3.8	1.000000	0.000000	0.000000
624.999000	T7 promoter phi4.3	1.000000	0.000000	0.000000
624.999000	T7 promoter phi4.7	1.000000	0.000000	0.000000
624.999000	T7 promoter phi4c	1.000000	0.000000	0.000000
624.999000	T7 promoter phi6.5	1.000000	0.000000	0.000000
624.999000	T7 promoter phi9	1.000000	0.000000	0.000000
624.999000	__gene 0.3_rbs	10.000000	0.000000	0.000000
624.999000	__gene 1.1_rbs	29.000000	0.000000	0.000000
624.999000	__gene 1.2_rbs	21.000000	0.000000	0.000000
624.999000	__gene 1.3_rbs	30.000000	0.000000	0.000000
624.999000	__gene 1.4_rbs	24.000000	0.000000	0.000000
624.999000	__gene 1.7_rbs	38.000000	0.000000	0.000000
624.999000	__gene 1.8_rbs	38.000000	0.000000	0.000000
624.999000	__gene 10A_rbs	463.000000	0.000000	0.000000
624.999000	__gene 11_rbs	72.000000	0.000000	0.000000
624.999000	__gene 12_rbs	72.000000	0.000000	0.000000
624.999000	__gene 13_rbs	113.000000	0.000000	0.000000
624.999000	__gene 14_rbs	109.000000	0.000000	0.000000
624.999000	__gene 15_rbs	105.000000	0.000000	0.000000
624.999000	__gene 16_rbs	94.000000	0.000000	0.000000
624.999000	__gene 17.5_rbs	103.000000	0.000000	0.000000
624.999000	__gene 17_rbs	115.000000	0.000000	0.000000
624.999000	__gene 18.5_rbs	98.000000	0.000000	0.000000
624.999000	__gene 18.7_rbs	98.000000	0.000000	0.000000
624.999000	__gene 18_rbs	103.000000	0.000000	0.000000
624.999000	__gene 19.2_rbs	90.000000	0.000000	0.000000
624.999000	__gene 19.3_rbs	87.000000	0.000000	0.000000
624.999000	__gene 19.5_rbs	79.000000	0.000000	0.000000
624.999000	__gene 19_rbs	95.000000	0.000000	0.000000
624.999000	__gene 2.5_rbs	44.000000	0.000000	0.000000
624.999000	__gene 2.8_rbs	44.000000	0.000000	0.000000
624.999000	__gene 3.8_rbs	49.000000	0.000000	0.000000
624.999000	__gene 3_rbs	44.000000	0.000000	0.000000
624.999000	__gene 4.2_rbs	52.000000	0.000000	0.000000
624.999000	__gene 4.3_rbs	51.000000	0.000000	0.000000
624.999000	__gene 4.5_rbs	59.000000	0.000000	0.000000
624.999000	__gene 4.7_rbs	58.000000	0.000000	0.000000
624.999000	__gene 4A_rbs	49.000000	0.000000	0.000000
624.999000	__gene 5.3_rbs	58.000000	0.000000	0.000000
624.999000	__gene 5.5_rbs	58.000000	0.000000	0.000000
624.999000	__gene 5.7_rbs	57.000000	0.000000	0.000000
624.999000	__gene 5.9_rbs	57.000000	0.000000	0.000000
624.999000	__gene 5_rbs	60.000000	0.000000	0.000000
624.999000	__gene 6.3_rbs	58.000000	0.000000	0.000000
624.999000	__gene 6.5_rbs	102.000000	0.000000	0.000000
624.999000	__gene 6.7_rbs	101.000000	0.000000	0.000000
624.999000	__gene 6_rbs	58.000000	0.000000	0.000000
624.999000	__gene 7.3_rbs	101.000000	0.000000	0.000000
624.999000	__gene 7.7_rbs	101.000000	0.000000	0.000000
624.999000	__gene 7_rbs	102.000000	0.000000	0.000000
624.999000	__gene 8_rbs	100.000000	0.000000	0.000000
624.999000	__gene 9_rbs	220.000000	0.000000	0.000000
624.999000	__gp-2_rbs	38.000000	0.000000	0.000000
624.999000	__lysozyme-3.5_rbs	44.000000	0.000000	0.000000
624.999000	__protein_kinase-0.7_rbs	10.000000	0.000000	0.000000
624.999000	__ribosome	12.000000	0.000000	0.000000
624.999000	__rnapol-1_rbs	10.000000	0.000000	0.000000
624.999000	bound_ecolipol	0.000000	0.000000	0.000000
624.999000	bound_ecolipol_p	1418.000000	0.000000	0.000000
624.999000	bound_ribosome	9438.000000	0.000000	0.000000
624.999000	degraded_transcript	18046.000000	0.000000	0.000000
624.999000	ecoli_genome	382.000000	0.000000	0.000000
624.999000	ecoli_transcript	24573.000000	0.000000	0.000000
624.999000	ecolipol	0.000000	0.000000	0.000000
624.999000	ecolipol-2	0.000000	0.000000	0.000000
624.999000	ecolipol-2-p	356.000000	0.000000	0.000000
624.999000	ecolipol-p	25.000000	0.000000	0.000000
624.999000	gene 0.3	521.000000	10.000000	0.000000
624.999000	gene 1.1	799.000000	31.000000	0.064516
624.999000	gene 1.2	626.000000	23.000000	2.304348
624.999000	gene 1.3	457.000000	35.000000	8.285714
624.999000	gene 1.4	407.000000	24.000000	0.000000
624.999000	gene 1.7	649.000000	38.000000	0.000000
624.999000	gene 1.8	649.000000	38.000000	0.000000
624.999000	gene 10A	4722.000000	463.000000	0.038877
624.999000	gene 11	666.000000	72.000000	0.041667
624.999000	gene 12	621.000000	72.000000	0.236111
624.999000	gene 13	963.000000	114.000000	0.026316
624.999000	gene 14	805.000000	109.000000	0.036697
624.999000	gene 15	797.000000	105.000000	0.161905
624.999000	gene 16	605.000000	94.000000	0.372340
624.999000	gene 17	543.000000	115.000000	0.165217
624.999000	gene 17.5	478.000000	104.000000	0.028846
624.999000	gene 18	450.000000	103.000000	0.000000
624.999000	gene 18.5	435.000000	99.000000	0.020202
624.999000	gene 18.7	453.000000	98.000000	0.000000
624.999000	gene 19	413.000000	95.000000	0.157895
624.999000	gene 19.2	335.000000	91.000000	0.000000
624.999000	gene 19.3	315.000000	87.000000	0.000000
624.999000	gene 19.5	263.000000	79.000000	0.000000
624.999000	gene 2.5	761.000000	44.000000	0.022727
624.999000	gene 2.8	758.000000	44.000000	0.022727
624.999000	gene 3	712.000000	44.000000	0.022727
624.999000	gene 3.8	829.000000	49.000000	0.040816
624.999000	gene 4.2	853.000000	52.000000	0.000000
624.999000	gene 4.3	848.000000	52.000000	0.038462
624.999000	gene 4.5	879.000000	59.000000	0.033898
624.999000	gene 4.7	916.000000	58.000000	0.000000
624.999000	gene 4A	740.000000	48.000000	0.104167
624.999000	gene 5	879.000000	60.000000	0.066667
624.999000	gene 5.3	841.000000	58.000000	0.017241
624.999000	gene 5.5	780.000000	58.000000	0.017241
624.999000	gene 5.7	792.000000	58.000000	0.034483
624.999000	gene 5.9	779.000000	58.000000	0.000000
624.999000	gene 6	758.000000	58.000000	0.051724
624.999000	gene 6.3	792.000000	58.000000	0.000000
624.999000	gene 6.5	1285.000000	102.000000	0.029412
624.999000	gene 6.7	1225.000000	102.000000	0.009804
624.999000	gene 7	1205.000000	102.000000	0.009804
624.999000	gene 7.3	1230.000000	100.000000	0.010000
624.999000	gene 7.7	1154.000000	101.000000	0.029703
624.999000	gene 8	1168.000000	101.000000	0.069307
624.999000	gene 9	2313.000000	220.000000	0.090909
624.999000	gp-2	243.000000	38.000000	0.000000
624.999000	lysozyme-3.5	276.000000	44.000000	0.068182
624.999000	nonpref_charged	6628.000000	0.000000	0.000000
624.999000	nonpref_uncharged	8372.000000	0.000000	0.000000
624.999000	pref_charged	26602.000000	0.000000	0.000000
624.999000	pref_uncharged	8398.000000	0.000000	0.000000
624.999000	protein_kinase-0.7	510.000000	10.000000	0.200000
624.999000	rnapol-1	1.000000	9.000000	0.333333
624.999000	rnapol-3.5	305.000000	0.000000	0.000000
629.999001	E. coli B promoter	1.000000	0.000000	0.000000
629.999001	E. coli C promoter	1.000000	0.000000	0.000000
629.999001	E. coli promoter A1	1.000000	0.000000	0.000000
629.999001	E. coli promoter A2	1.000000	0.000000	0.000000
629.999001	E. coli promoter A3	1.000000	0.000000	0.000000
629.999001	T7 promoter phi1.1A	1.000000	0.000000	0.000000
629.999001	T7 promoter phi1.1B	1.000000	0.000000	0.000000
629.999001	T7 promoter phi1.3	1.000000	0.000000	0.000000
629.999001	T7 promoter phi1.5	1.000000	0.000000	0.000000
629.999001	T7 promoter phi1.6	1.000000	0.000000	0.000000
629.999001	T7 promoter phi10	0.000000	0.000000	0.000000
629.999001	T7 promoter phi13	1.000000	0.000000	0.000000
629.999001	T7 promoter phi17	1.000000	0.000000	0.000000
629.999001	T7 promoter phi2.5	1.000000	0.000000	0.000000
629.999001	T7 promoter phi3.8	1.000000	0.000000	0.000000
629.999001	T7 promoter phi4.3	0.000000	0.000000	0.000000
629.999001	T7 promoter phi4.7	1.000000	0.000000	0.000000
629.999001	T7 promoter phi4c	1.000000	0.000000	0.000000
629.999001	T7 promoter phi6.5	1.000000	0.000000	0.000000
629.999001	T7 promoter phi9	1.000000	0.000000	0.000000
629.999001	__gene 0.3_rbs	10.000000	0.000000	0.000000
629.999001	__gene 1.1_rbs	29.000000	0.000000	0.000000
629.999001	__gene 1.2_rbs	21.000000	0.000000	0.000000
629.999001	__gene 1.3_rbs	30.000000	0.000000	0.000000
629.999001	__gene 1.4_rbs	26.000000	0.000000	0.000000
629.999001	__gene 1.7_rbs	40.000000	0.000000	0.000000
629.999001	__gene 1.8_rbs	38.000000	0.000000	0.000000
629.999001	__gene 10A_rbs	482.000000	0.000000	0.000000
629.999001	__gene 11_rbs	74.000000	0.000000	0.000000
629.999001	__gene 12_rbs	73.000000	0.000000	0.000000
629.999001	__gene 13_rbs	122.000000	0.000000	0.000000
629.999001	__gene 14_rbs	118.000000	0.000000	0.000000
629.999001	__gene 15_rbs	115.000000	0.000000	0.000000
629.999001	__gene 16_rbs	99.000000	0.000000	0.000000
629.999001	__gene 17.5_rbs	111.000000	0.000000	0.000000
629.999001	__gene 17_rbs	119.000000	0.000000	0.000000
629.999001	__gene 18.5_rbs	107.000000	0.000000	0.000000
629.999001	__gene 18.7_rbs	106.000000	0.000000	0.000000
629.999001	__gene 18_rbs	110.000000	0.000000	0.000000
629.999001	__gene 19.2_rbs	99.000000	0.000000	0.000000
629.999001	__gene 19.3_rbs	93.000000	0.000000	0.000000
629.999001	__gene 19.5_rbs	90.000000	0.000000	0.000000
629.999001	__gene 19_rbs	106.000000	0.000000	0.000000
629.999001	__gene 2.5_rbs	44.000000	0.000000	0.000000
629.999001	__gene 2.8_rbs	44.000000	0.000000	0.000000
629.999001	__gene 3.8_rbs	51.000000	0.000000	0.000000
629.999001	__gene 3_rbs	43.000000	0.000000	0.000000
629.999001	__gene 4.2_rbs	54.000000	0.000000	0.000000
629.999001	__gene 4.3_rbs	53.000000	0.000000	0.000000
629.999001	__gene 4.5_rbs	61.000000	0.000000	0.000000
629.999001	__gene 4.7_rbs	60.000000	0.000000	0.000000
629.999001	__gene 4A_rbs	51.000000	0.000000	0.000000
629.999001	__gene 5.3_rbs	59.000000	0.000000	0.000000
629.999001	__gene 5.5_rbs	59.000000	0.000000	0.000000
629.999001	__gene 5.7_rbs	57.000000	0.000000	0.000000
629.999001	__gene 5.9_rbs	58.000000	0.000000	0.000000
629.999001	__gene 5_rbs	62.000000	0.000000	0.000000
629.999001	__gene 6.3_rbs	58.000000	0.000000	0.000000
629.999001	__gene 6.5_rbs	104.000000	0.000000	0.000000
629.999001	__gene 6.7_rbs	101.000000	0.000000	0.000000
629.999001	__gene 6_rbs	57.000000	0.000000	0.000000
629.999001	__gene 7.3_rbs	102.000000	0.000000	0.000000
629.999001	__gene 7.7_rbs	102.000000	0.000000	0.000000
629.999001	__gene 7_rbs	102.000000	0.000000	0.000000
629.999001	__gene 8_rbs	99.000000	0.000000	0.000000
629.999001	__gene 9_rbs	228.000000	0.000000	0.000000
629.999001	__gp-2_rbs	38.000000	0.000000	0.000000
629.999001	__lysozyme-3.5_rbs	44.000000	0.000000	0.000000
629.999001	__protein_kinase-0.7_rbs	10.000000	0.000000	0.000000
629.999001	__ribosome	10.000000	0.000000	0.000000
629.999001	__rnapol-1_rbs	10.000000	0.000000	0.000000
629.999001	bound_ecolipol	0.000000	0.000000	0.000000
629.999001	bound_ecolipol_p	1386.000000	0.000000	0.000000
629.999001	bound_ribosome	9402.000000	0.000000	0.000000
629.999001	degraded_transcript	18278.000000	0.000000	0.000000
629.999001	ecoli_genome	414.000000	0.000000	0.000000
629.999001	ecoli_transcript	24663.000000	0.000000	0.000000
629.999001	ecolipol	0.000000	0.000000	0.000000
629.999001	ecolipol-2	0.000000	0.000000	0.000000
629.999001	ecolipol-2-p	381.000000	0.000000	0.000000
629.999001	ecolipol-p	32.000000	0.000000	0.000000
629.999001	gene 0.3	530.000000	10.000000	0.100000
629.999001	gene 1.1	818.000000	31.000000	0.064516
629.999001	gene 1.2	638.000000	23.000000	2.434783
629.999001	gene 1.3	471.000000	35.000000	8.342857
629.999001	gene 1.4	430.000000	26.000000	0.000000
629.999001	gene 1.7	680.000000	40.000000	0.100000
629.999001	gene 1.8	680.000000	38.000000	0.000000
629.999001	gene 10A	5062.000000	482.000000	0.043568
629.999001	gene 11	724.000000	74.000000	0.067568
629.999001	gene 12	693.000000	73.000000	0.191781
629.999001	gene 13	1051.000000	122.000000	0.024590
629.999001	gene 14	896.000000	118.000000	0.033898
629.999001	gene 15	875.000000	115.000000	0.191304
629.999001	gene 16	674.000000	100.000000	0.510000
629.999001	gene 17	634.000000	119.000000	0.117647
629.999001	gene 17.5	561.000000	111.000000	0.009009
629.999001	gene 18	520.000000	110.000000	0.009091
629.999001	gene 18.5	519.000000	107.000000	0.028037
629.999001	gene 18.7	535.000000	107.000000	0.000000
629.999001	gene 19	499.000000	106.000000	0.160377
629.999001	gene 19.2	400.000000	99.000000	0.010101
629.999001	gene 19.3	379.000000	94.000000	0.010638
629.999001	gene 19.5	326.000000	90.000000	0.000000
629.999001	gene 2.5	790.000000	44.000000	0.045455
629.999001	gene 2.8	794.000000	44.000000	0.022727
629.999001	gene 3	748.000000	44.000000	0.068182
629.999001	gene 3.8	856.000000	51.000000	0.019608
629.999001	gene 4.2	894.000000	54.000000	0.037037
629.999001	gene 4.3	897.000000	53.000000	0.000000
629.999001	gene 4.5	923.000000	61.000000	0.000000
629.999001	gene 4.7	969.000000	60.000000	0.016667
629.999001	gene 4A	778.000000	50.000000	0.120000
629.999001	gene 5	930.000000	62.000000	0.129032
629.999001	gene 5.3	886.000000	59.000000	0.016949
629.999001	gene 5.5	830.000000	59.000000	0.016949
629.999001	gene 5.7	845.000000	58.000000	0.000000
629.999001	gene 5.9	827.000000	58.000000	0.000000
629.999001	gene 6	814.000000	58.000000	0.068966
629.999001	gene 6.3	828.000000	58.000000	0.017241
629.999001	gene 6.5	1372.000000	104.000000	0.028846
629.999001	gene 6.7	1304.000000	103.000000	0.029126
629.999001	gene 7	1284.000000	103.000000	0.009709
629.999001	gene 7.3	1308.000000	102.000000	0.000000
629.999001	gene 7.7	1224.000000	102.000000	0.039216
629.999001	gene 8	1234.000000	102.000000	0.107843
629.999001	gene 9	2498.000000	228.000000	0.052632
629.999001	gp-2	247.000000	38.000000	0.052632
629.999001	lysozyme-3.5	306.000000	44.000000	0.022727
629.999001	nonpref_charged	6425.000000	0.000000	0.000000
629.999001	nonpref_uncharged	8575.000000	0.000000	0.000000
629.999001	pref_charged	26891.000000	0.000000	0.000000
629.999001	pref_uncharged	8109.000000	0.000000	0.000000
629.999001	protein_kinase-0.7	520.000000	10.000000	0.100000
629.999001	rnapol-1	0.000000	9.000000	0.666667
629.999001	rnapol-3.5	315.000000	0.000000	0.000000
634.999002	E. coli B promoter	1.000000	0.000000	0.000000
634.999002	E. coli C promoter	1.000000	0.000000	0.000000
634.999002	E. coli promoter A1	1.000000	0.000000	0.000000
634.999002	E. coli promoter A2	1.000000	0.000000	0.000000
634.999002	E. coli promoter A3	1.000000	0.000000	0.000000
634.999002	T7 promoter phi1.1A	1.000000	0.000000	0.000000
634.999002	T7 promoter phi1.1B	1.000000	0.000000	0.000000
634.999002	T7 promoter phi1.3	1.000000	0.000000	0.000000
634.999002	T7 promoter phi1.5	1.000000	0.000000	0.000000
634.999002	T7 promoter phi1.6	1.000000	0.000000	0.000000
634.999002	T7 promoter phi10	1.000000	0.000000	0.000000
634.999002	T7 promoter phi13	0.000000	0.000000	0.000000
634.999002	T7 promoter phi17	1.000000	0.000000	0.000000
634.999002	T7 promoter phi2.5	1.000000	0.000000	0.000000
634.999002	T7 promoter phi3.8	1.000000	0.000000	0.000000
634.999002	T7 promoter phi4.3	1.000000	0.000000	0.000000
634.999002	T7 promoter phi4.7	0.000000	0.000000	0.000000
634.999002	T7 promoter phi4c	1.000000	0.000000	0.000000
634.999002	T7 promoter phi6.5	1.000000	0.000000	0.000000
634.999002	T7 promoter phi9	1.000000	0.000000	0.000000
634.999002	__gene 0.3_rbs	10.000000	0.000000	0.000000
634.999002	__gene 1.1_rbs	28.000000	0.000000	0.000000
634.999002	__gene 1.2_rbs	21.000000	0.000000	0.000000
634.999002	__gene 1.3_rbs	30.000000	0.000000	0.000000
634.999002	__gene 1.4_rbs	26.000000	0.000000	0.000000
634.999002	__gene 1.7_rbs	40.000000	0.000000	0.000000
634.999002	__gene 1.8_rbs	40.000000	0.000000	0.000000
634.999002	__gene 10A_rbs	502.000000	0.000000	0.000000
634.999002	__gene 11_rbs	78.000000	0.000000	0.000000
634.999002	__gene 12_rbs	75.000000	0.000000	0.000000
634.999002	__gene 13_rbs	127.000000	0.000000	0.000000
634.999002	__gene 14_rbs	126.000000	0.000000	0.000000
634.999002	__gene 15_rbs	122.000000	0.000000	0.000000
634.999002	__gene 16_rbs	105.000000	0.000000	0.000000
634.999002	__gene 17.5_rbs	117.000000	0.000000	0.000000
634.999002	__gene 17_rbs	126.000000	0.000000	0.000000
634.999002	__gene 18.5_rbs	115.000000	0.000000	0.000000
634.999002	__gene 18.7_rbs	114.000000	0.000000	0.000000
634.999002	__gene 18_rbs	116.000000	0.000000	0.000000
634.999002	__gene 19.2_rbs	107.000000	0.000000	0.000000
634.999002	__gene 19.3_rbs	105.000000	0.000000	0.000000
634.999002	__gene 19.5_rbs	98.000000	0.000000	0.000000
634.999002	__gene 19_rbs	111.000000	0.000000	0.000000
634.999002	__gene 2.5_rbs	46.000000	0.000000	0.000000
634.999002	__gene 2.8_rbs	44.000000	0.000000	0.000000
634.999002	__gene 3.8_rbs	52.000000	0.000000	0.000000
634.999002	__gene 3_rbs	43.000000	0.000000	0.000000
634.999002	__gene 4.2_rbs	56.000000	0.000000	0.000000
634.999002	__gene 4.3_rbs	55.000000	0.000000	0.000000
634.999002	__gene 4.5_rbs	64.000000	0.000000	0.000000
634.999002	__gene 4.7_rbs	64.000000	0.000000	0.000000
634.999002	__gene 4A_rbs	52.000000	0.000000	0.000000
634.999002	__gene 5.3_rbs	60.000000	0.000000	0.000000
634.999002	__gene 5.5_rbs	59.000000	0.000000	0.000000
634.999002	__gene 5.7_rbs	59.000000	0.000000	0.000000
634.999002	__gene 5.9_rbs	59.000000	0.000000	0.000000
634.999002	__gene 5_rbs	65.000000	0.000000	0.000000
634.999002	__gene 6.3_rbs	58.000000	0.000000	0.000000
634.999002	__gene 6.5_rbs	107.000000	0.000000	0.000000
634.999002	__gene 6.7_rbs	107.000000	0.000000	0.000000
634.999002	__gene 6_rbs	58.000000	0.000000	0.000000
634.999002	__gene 7.3_rbs	106.000000	0.000000	0.000000
634.999002	__gene 7.7_rbs	104.000000	0.000000	0.000000
634.999002	__gene 7_rbs	106.000000	0.000000	0.000000
634.999002	__gene 8_rbs	102.000000	0.000000	0.000000
634.999002	__gene 9_rbs	234.000000	0.000000	0.000000
634.999002	__gp-2_rbs	40.000000	0.000000	0.000000
634.999002	__lysozyme-3.5_rbs	44.000000	0.000000	0.000000
634.999002	__protein_kinase-0.7_rbs	10.000000	0.000000	0.000000
634.999002	__ribosome	9.000000	0.000000	0.000000
634.999002	__rnapol-1_rbs	10.000000	0.000000	0.000000
634.999002	bound_ecolipol	0.000000	0.000000	0.000000
634.999002	bound_ecolipol_p	1384.000000	0.000000	0.000000
634.999002	bound_ribosome	9449.000000	0.000000	0.000000
634.999002	degraded_transcript	18512.000000	0.000000	0.000000
634.999002	ecoli_genome	416.000000	0.000000	0.000000
634.999002	ecoli_transcript	24660.000000	0.000000	0.000000
634.999002	ecolipol	0.000000	0.000000	0.000000
634.999002	ecolipol-2	0.000000	0.000000	0.000000
634.999002	ecolipol-2-p	396.000000	0.000000	0.000000
634.999002	ecolipol-p	18.000000	0.000000	0.000000
634.999002	gene 0.3	536.000000	10.000000	0.100000
634.999002	gene 1.1	833.000000	31.000000	0.064516
634.999002	gene 1.2	645.000000	23.000000	2.478261
634.999002	gene 1.3	488.000000	35.000000	8.542857
634.999002	gene 1.4	449.000000	26.000000	0.000000
634.999002	gene 1.7	716.000000	40.000000	0.000000
634.999002	gene 1.8	710.000000	39.000000	0.000000
634.999002	gene 10A	5422.000000	502.000000	0.041833
634.999002	gene 11	783.000000	79.000000	0.012658
634.999002	gene 12	741.000000	75.000000	0.093333
634.999002	gene 13	1138.000000	127.000000	0.023622
634.999002	gene 14	985.000000	126.000000	0.015873
634.999002	gene 15	974.000000	122.000000	0.114754
634.999002	gene 16	742.000000	106.000000	0.424528
634.999002	gene 17	714.000000	126.000000	0.095238
634.999002	gene 17.5	636.000000	117.000000	0.008547
634.999002	gene 18	622.000000	116.000000	0.008621
634.999002	gene 18.5	610.000000	115.000000	0.008696
634.999002	gene 18.7	617.000000	114.000000	0.008772
634.999002	gene 19	586.000000	111.000000	0.126126
634.999002	gene 19.2	475.000000	107.000000	0.000000
634.999002	gene 19.3	467.000000	105.000000	0.019048
634.999002	gene 19.5	393.000000	98.000000	0.000000
634.999002	gene 2.5	828.000000	46.000000	0.086957
634.999002	gene 2.8	832.000000	44.000000	0.000000
634.999002	gene 3	784.000000	44.000000	0.022727
634.999002	gene 3.8	883.000000	52.000000	0.000000
634.999002	gene 4.2	940.000000	57.000000	0.000000
634.999002	gene 4.3	941.000000	55.000000	0.018182
634.999002	gene 4.5	975.000000	64.000000	0.000000
634.999002	gene 4.7	1019.000000	64.000000	0.000000
634.999002	gene 4A	818.000000	52.000000	0.115385
634.999002	gene 5	975.000000	65.000000	0.153846
634.999002	gene 5.3	928.000000	60.000000	0.016667
634.999002	gene 5.5	878.000000	59.000000	0.016949
634.999002	gene 5.7	886.000000	59.000000	0.000000
634.999002	gene 5.9	873.000000	58.000000	0.000000
634.999002	gene 6	857.000000	59.000000	0.084746
634.999002	gene 6.3	879.000000	58.000000	0.000000
634.999002	gene 6.5	1468.000000	107.000000	0.018692
634.999002	gene 6.7	1373.000000	107.000000	0.009346
634.999002	gene 7	1350.000000	106.000000	0.000000
634.999002	gene 7.3	1392.000000	106.000000	0.000000
634.999002	gene 7.7	1325.000000	104.000000	0.009615
634.999002	gene 8	1313.000000	103.000000	0.048544
634.999002	gene 9	2667.000000	234.000000	0.042735
634.999002	gp-2	263.000000	40.000000	0.000000
634.999002	lysozyme-3.5	329.000000	44.000000	0.000000
634.999002	nonpref_charged	7731.000000	0.000000	0.000000
634.999002	nonpref_uncharged	7269.000000	0.000000	0.000000
634.999002	pref_charged	27825.000000	0.000000	0.000000
634.999002	pref_uncharged	7175.000000	0.000000	0.000000
634.999002	protein_kinase-0.7	528.000000	10.000000	0.200000
634.999002	rnapol-1	0.000000	10.000000	0.800000
634.999002	rnapol-3.5	314.000000	0.000000	0.000000
639.999002	E. coli B promoter	1.000000	0.000000	0.000000
639.999002	E. coli C promoter	1.000000	0.000000	0.000000
639.999002	E. coli promoter A1	1.000000	0.000000	0.000000
639.999002	E. coli promoter A2	1.000000	0.000000	0.000000
639.999002	E. coli promoter A3	1.000000	0.000000	0.000000
639.999002	T7 promoter phi1.1A	1.000000	0.000000	0.000000
639.999002	T7 promoter phi1.1B	1.000000	0.000000	0.000000
639.999002	T7 promoter phi1.3	1.000000	0.000000	0.000000
639.999002	T7 promoter phi1.5	1.000000	0.000000	0.000000
639.999002	T7 promoter phi1.6	1.000000	0.000000	0.000000
639.999002	T7 promoter phi10	0.000000	0.000000	0.000000
639.999002	T7 promoter phi13	1.000000	0.000000	0.000000
639.999002	T7 promoter phi17	1.000000	0.000000	0.000000
639.999002	T7 promoter phi2.5	1.000000	0.000000	0.000000
639.999002	T7 promoter phi3.8	1.000000	0.000000	0.000000
639.999002	T7 promoter phi4.3	0.000000	0.000000	0.000000
639.999002	T7 promoter phi4.7	1.000000	0.000000	0.000000
639.999002	T7 promoter phi4c	1.000000	0.000000	0.000000
639.999002	T7 promoter phi6.5	1.000000	0.000000	0.000000
639.999002	T7 promoter phi9	1.000000	0.000000	0.000000
639.999002	__gene 0.3_rbs	11.000000	0.000000	0.000000
639.999002	__gene 1.1_rbs	29.000000	0.000000	0.000000
639.999002	__gene 1.2_rbs	21.000000	0.000000	0.000000
639.999002	__gene 1.3_rbs	31.000000	0.000000	0.000000
639.999002	__gene 1.4_rbs	26.000000	0.000000	0.000000
639.999002	__gene 1.7_rbs	38.000000	0.000000	0.000000
639.999002	__gene 1.8_rbs	40.000000	0.000000	0.000000
639.999002	__gene 10A_rbs	520.000000	0.000000	0.000000
639.999002	__gene 11_rbs	83.000000	0.000000	0.000000
639.999002	__gene 12_rbs	80.000000	0.000000	0.000000
639.999002	__gene 13_rbs	129.000000	0.000000	0.000000
639.999002	__gene 14_rbs	129.000000	0.000000	0.000000
639.999002	__gene 15_rbs	127.000000	0.000000	0.000000
639.999002	__gene 16_rbs	115.000000	0.000000	0.000000
639.999002	__gene 17.5_rbs	122.000000	0.000000	0.000000
639.999002	__gene 17_rbs	136.000000	0.000000	0.000000
639.999002	__gene 18.5_rbs	117.000000	0.000000	0.000000
639.999002	__gene 18.7_rbs	118.000000	0.000000	0.000000
639.999002	__gene 18_rbs	121.000000	0.000000	0.000000
639.999002	__gene 19.2_rbs	115.000000	0.000000	0.000000
639.999002	__gene 19.3_rbs	111.000000	0.000000	0.000000
639.999002	__gene 19.5_rbs	107.000000	0.000000	0.000000
639.999002	__gene 19_rbs	118.000000	0.000000	0.000000
639.999002	__gene 2.5_rbs	46.000000	0.000000	0.000000
639.999002	__gene 2.8_rbs	46.000000	0.000000	0.000000
639.999002	__gene 3.8_rbs	52.000000	0.000000	0.000000
639.999002	__gene 3_rbs	44.000000	0.000000	0.000000
639.999002	__gene 4.2_rbs	58.000000	0.000000	0.000000
639.999002	__gene 4.3_rbs	57.000000	0.000000	0.000000
639.999002	__gene 4.5_rbs	66.000000	0.000000	0.000000
639.999002	__gene 4.7_rbs	66.000000	0.000000	0.000000
639.999002	__gene 4A_rbs	52.000000	0.000000	0.000000
639.999002	__gene 5.3_rbs	62.000000	0.000000	0.000000
639.999002	__gene 5.5_rbs	62.000000	0.000000	0.000000
639.999002	__gene 5.7_rbs	62.000000	0.000000	0.000000
639.999002	__gene 5.9_rbs	62.000000	0.000000	0.000000
639.999002	__gene 5_rbs	68.000000	0.000000	0.000000
639.999002	__gene 6.3_rbs	59.000000	0.000000	0.000000
639.999002	__gene 6.5_rbs	109.000000	0.000000	0.000000
639.999002	__gene 6.7_rbs	110.000000	0.000000	0.000000
639.999002	__gene 6_rbs	60.000000	0.000000	0.000000
639.999002	__gene 7.3_rbs	107.000000	0.000000	0.000000
639.999002	__gene 7.7_rbs	107.000000	0.000000	0.000000
639.999002	__gene 7_rbs	109.000000	0.000000	0.000000
639.999002	__gene 8_rbs	106.000000	0.000000	0.000000
639.999002	__gene 9_rbs	240.000000	0.000000	0.000000
639.999002	__gp-2_rbs	40.000000	0.000000	0.000000
639.999002	__lysozyme-3.5_rbs	44.000000	0.000000	0.000000
639.999002	__protein_kinase-0.7_rbs	10.000000	0.000000	0.000000
639.999002	__ribosome	7.000000	0.000000	0.000000
639.999002	__rnapol-1_rbs	10.000000	0.000000	0.000000
639.999002	bound_ecolipol	0.000000	0.000000	0.000000
639.999002	bound_ecolipol_p	1369.000000	0.000000	0.000000
639.999002	bound_ribosome	9386.000000	0.000000	0.000000
639.999002	degraded_transcript	18767.000000	0.000000	0.000000
639.999002	ecoli_genome	431.000000	0.000000	0.000000
639.999002	ecoli_transcript	24744.000000	0.000000	0.000000
639.999002	ecolipol	0.000000	0.000000	0.000000
639.999002	ecolipol-2	0.000000	0.000000	0.000000
639.999002	ecolipol-2-p	401.000000	0.000000	0.000000
639.999002	ecolipol-p	28.000000	0.000000	0.000000
639.999002	gene 0.3	546.000000	11.000000	0.090909
639.999002	gene 1.1	856.000000	31.000000	0.096774
639.999002	gene 1.2	656.000000	23.000000	2.608696
639.999002	gene 1.3	501.000000	36.000000	8.333333
639.999002	gene 1.4	465.000000	26.000000	0.000000
639.999002	gene 1.7	734.000000	40.000000	0.075000
639.999002	gene 1.8	741.000000	39.000000	0.000000
639.999002	gene 10A	5798.000000	521.000000	0.049904
639.999002	gene 11	836.000000	83.000000	0.084337
639.999002	gene 12	792.000000	80.000000	0.125000
639.999002	gene 13	1230.000000	131.000000	0.030534
639.999002	gene 14	1068.000000	129.000000	0.023256
639.999002	gene 15	1071.000000	127.000000	0.157480
639.999002	gene 16	827.000000	115.000000	0.426087
639.999002	gene 17	804.000000	136.000000	0.125000
639.999002	gene 17.5	729.000000	122.000000	0.000000
639.999002	gene 18	698.000000	120.000000	0.000000
639.999002	gene 18.5	685.000000	118.000000	0.025424
639.999002	gene 18.7	714.000000	118.000000	0.016949
639.999002	gene 19	677.000000	118.000000	0.127119
639.999002	gene 19.2	556.000000	116.000000	0.008621
639.999002	gene 19.3	565.000000	111.000000	0.009009
639.999002	gene 19.5	475.000000	107.000000	0.000000
639.999002	gene 2.5	870.000000	46.000000	0.043478
639.999002	gene 2.8	872.000000	46.000000	0.086957
639.999002	gene 3	815.000000	46.000000	0.065217
639.999002	gene 3.8	924.000000	52.000000	0.000000
639.999002	gene 4.2	971.000000	58.000000	0.000000
639.999002	gene 4.3	981.000000	57.000000	0.000000
639.999002	gene 4.5	1028.000000	66.000000	0.015152
639.999002	gene 4.7	1061.000000	66.000000	0.045455
639.999002	gene 4A	855.000000	52.000000	0.115385
639.999002	gene 5	1023.000000	69.000000	0.231884
639.999002	gene 5.3	979.000000	62.000000	0.016129
639.999002	gene 5.5	932.000000	62.000000	0.000000
639.999002	gene 5.7	934.000000	62.000000	0.000000
639.999002	gene 5.9	910.000000	60.000000	0.016667
639.999002	gene 6	898.000000	61.000000	0.016393
639.999002	gene 6.3	923.000000	58.000000	0.000000
639.999002	gene 6.5	1563.000000	110.000000	0.018182
639.999002	gene 6.7	1436.000000	110.000000	0.009091
639.999002	gene 7	1427.000000	109.000000	0.027523
639.999002	gene 7.3	1449.000000	108.000000	0.000000
639.999002	gene 7.7	1404.000000	107.000000	0.018692
639.999002	gene 8	1381.000000	107.000000	0.065421
639.999002	gene 9	2837.000000	240.000000	0.054167
639.999002	gp-2	283.000000	40.000000	0.000000
639.999002	lysozyme-3.5	356.000000	45.000000	0.088889
639.999002	nonpref_charged	6576.000000	0.000000	0.000000
639.999002	nonpref_uncharged	8424.000000	0.000000	0.000000
639.999002	pref_charged	26190.000000	0.000000	0.000000
639.999002	pref_uncharged	8810.000000	0.000000	0.000000
639.999002	protein_kinase-0.7	536.000000	10.000000	0.200000
639.999002	rnapol-1	0.000000	10.000000	1.000000
639.999002	rnapol-3.5	315.000000	0.000000	0.000000
644.999000	E. coli B promoter	1.000000	0.000000	0.000000
644.999000	E. coli C promoter	1.000000	0.000000	0.000000
644.999000	E. coli promoter A1	1.000000	0.000000	0.000000
644.999000	E. coli promoter A2	1.000000	0.000000	0.000000
644.999000	E. coli promoter A3	1.000000	0.000000	0.000000
644.999000	T7 promoter phi1.1A	1.000000	0.000000	0.000000
644.999000	T7 promoter phi1.1B	1.000000	0.000000	0.000000
644.999000	T7 promoter phi1.3	1.000000	0.000000	0.000000
644.999000	T7 promoter phi1.5	1.000000	0.000000	0.000000
644.999000	T7 promoter phi1.6	1.000000	0.000000	0.000000
644.999000	T7 promoter phi10	1.000000	0.000000	0.000000
644.999000	T7 promoter phi13	0.000000	0.000000	0.000000
644.999000	T7 promoter phi17	1.000000	0.000000	0.000000
644.999000	T7 promoter phi2.5	1.000000	0.000000	0.000000
644.999000	T7 promoter phi3.8	1.000000	0.000000	0.000000
644.999000	T7 promoter phi4.3	1.000000	0.000000	0.000000
644.999000	T7 promoter phi4.7	1.000000	0.000000	0.000000
644.999000	T7 promoter phi4c	1.000000	0.000000	0.000000
644.999000	T7 promoter phi6.5	1.000000	0.000000	0.000000
644.999000	T7 promoter phi9	0.000000	0.000000	0.000000
644.999000	__gene 0.3_rbs	11.000000	0.000000	0.000000
644.999000	__gene 1.1_rbs	29.000000	0.000000	0.000000
644.999000	__gene 1.2_rbs	21.000000	0.000000	0.000000
644.999000	__gene 1.3_rbs	31.000000	0.000000	0.000000
644.999000	__gene 1.4_rbs	27.000000	0.000000	0.000000
644.999000	__gene 1.7_rbs	42.000000	0.000000	0.000000
644.999000	__gene 1.8_rbs	40.000000	0.000000	0.000000
644.999000	__gene 10A_rbs	539.000000	0.000000	0.000000
644.999000	__gene 11_rbs	85.000000	0.000000	0.000000
644.999000	__gene 12_rbs	82.000000	0.000000	0.000000
644.999000	__gene 13_rbs	135.000000	0.000000	0.000000
644.999000	__gene 14_rbs	134.000000	0.000000	0.000000
644.999000	__gene 15_rbs	132.000000	0.000000	0.000000
644.999000	__gene 16_rbs	121.000000	0.000000	0.000000
644.999000	__gene 17.5_rbs	131.000000	0.000000	0.000000
644.999000	__gene 17_rbs	142.000000	0.000000	0.000000
644.999000	__gene 18.5_rbs	126.000000	0.000000	0.000000
644.999000	__gene 18.7_rbs	125.000000	0.000000	0.000000
644.999000	__gene 18_rbs	129.000000	0.000000	0.000000
644.999000	__gene 19.2_rbs	118.000000	0.000000	0.000000
644.999000	__gene 19.3_rbs	118.000000	0.000000	0.000000
644.999000	__gene 19.5_rbs	114.000000	0.000000	0.000000
644.999000	__gene 19_rbs	122.000000	0.000000	0.000000
644.999000	__gene 2.5_rbs	46.000000	0.000000	0.000000
644.999000	__gene 2.8_rbs	46.000000	0.000000	0.000000
644.999000	__gene 3.8_rbs	54.000000	0.000000	0.000000
644.999000	__gene 3_rbs	46.000000	0.000000	0.000000
644.999000	__gene 4.2_rbs	59.000000	0.000000	0.000000
644.999000	__gene 4.3_rbs	58.000000	0.000000	0.000000
644.999000	__gene 4.5_rbs	68.000000	0.000000	0.000000
644.999000	__gene 4.7_rbs	68.000000	0.000000	0.000000
644.999000	__gene 4A_rbs	53.000000	0.000000	0.000000
644.999000	__gene 5.3_rbs	65.000000	0.000000	0.000000
644.999000	__gene 5.5_rbs	64.000000	0.000000	0.000000
644.999000	__gene 5.7_rbs	64.000000	0.000000	0.000000
644.999000	__gene 5.9_rbs	63.000000	0.000000	0.000000
644.999000	__gene 5_rbs	70.000000	0.000000	0.000000
644.999000	__gene 6.3_rbs	62.000000	0.000000	0.000000
644.999000	__gene 6.5_rbs	116.000000	0.000000	0.000000
644.999000	__gene 6.7_rbs	114.000000	0.000000	0.000000
644.999000	__gene 6_rbs	63.000000	0.000000	0.000000
644.999000	__gene 7.3_rbs	110.000000	0.000000	0.000000
644.999000	__gene 7.7_rbs	110.000000	0.000000	0.000000
644.999000	__gene 7_rbs	113.000000	0.000000	0.000000
644.999000	__gene 8_rbs	110.000000	0.000000	0.000000
644.999000	__gene 9_rbs	245.000000	0.000000	0.000000
644.999000	__gp-2_rbs	40.000000	0.000000	0.000000
644.999000	__lysozyme-3.5_rbs	45.000000	0.000000	0.000000
644.999000	__protein_kinase-0.7_rbs	10.000000	0.000000	0.000000
644.999000	__ribosome	12.000000	0.000000	0.000000
644.999000	__rnapol-1_rbs	10.000000	0.000000	0.000000
644.999000	bound_ecolipol	0.000000	0.000000	0.000000
644.999000	bound_ecolipol_p	1356.000000	0.000000	0.000000
644.999000	bound_ribosome	9368.000000	0.000000	0.000000
644.999000	degraded_transcript	19008.000000	0.000000	0.000000
644.999000	ecoli_genome	444.000000	0.000000	0.000000
644.999000	ecoli_transcript	24787.000000	0.000000	0.000000
644.999000	ecolipol	0.000000	0.000000	0.000000
644.999000	ecolipol-2	0.000000	0.000000	0.000000
644.999000	ecolipol-2-p	423.000000	0.000000	0.000000
644.999000	ecolipol-p	19.000000	0.000000	0.000000
644.999000	gene 0.3	552.000000	11.000000	0.181818
644.999000	gene 1.1	881.000000	32.000000	0.187500
644.999000	gene 1.2	670.000000	23.000000	2.608696
644.999000	gene 1.3	516.000000	36.000000	8.388889
644.999000	gene 1.4	484.000000	27.000000	0.000000
644.999000	gene 1.7	765.000000	42.000000	0.071429
644.999000	gene 1.8	771.000000	39.000000	0.000000
644.999000	gene 10A	6216.000000	540.000000	0.046296
644.999000	gene 11	905.000000	85.000000	0.047059
644.999000	gene 12	848.000000	84.000000	0.214286
644.999000	gene 13	1337.000000	135.000000	0.022222
644.999000	gene 14	1166.000000	134.000000	0.037313
644.999000	gene 15	1166.000000	131.000000	0.137405
644.999000	gene 16	900.000000	122.000000	0.336066
644.999000	gene 17	921.000000	142.000000	0.183099
644.999000	gene 17.5	820.000000	131.000000	0.015267
644.999000	gene 18	801.000000	130.000000	0.000000
644.999000	gene 18.5	790.000000	126.000000	0.023810
644.999000	gene 18.7	810.000000	125.000000	0.008000
644.999000	gene 19	776.000000	123.000000	0.105691
644.999000	gene 19.2	641.000000	118.000000	0.033898
644.999000	gene 19.3	662.000000	118.000000	0.008475
644.999000	gene 19.5	564.000000	114.000000	0.008772
644.999000	gene 2.5	904.000000	46.000000	0.065217
644.999000	gene 2.8	911.000000	46.000000	0.000000
644.999000	gene 3	849.000000	46.000000	0.086957
644.999000	gene 3.8	977.000000	54.000000	0.018519
644.999000	gene 4.2	1013.000000	59.000000	0.084746
644.999000	gene 4.3	1034.000000	59.000000	0.000000
644.999000	gene 4.5	1090.000000	68.000000	0.000000
644.999000	gene 4.7	1112.000000	68.000000	0.000000
644.999000	gene 4A	897.000000	54.000000	0.111111
644.999000	gene 5	1087.000000	71.000000	0.225352
644.999000	gene 5.3	1045.000000	64.000000	0.031250
644.999000	gene 5.5	981.000000	64.000000	0.000000
644.999000	gene 5.7	972.000000	64.000000	0.015625
644.999000	gene 5.9	958.000000	61.000000	0.000000
644.999000	gene 6	947.000000	63.000000	0.000000
644.999000	gene 6.3	970.000000	60.000000	0.000000
644.999000	gene 6.5	1643.000000	116.000000	0.000000
644.999000	gene 6.7	1534.000000	114.000000	0.008772
644.999000	gene 7	1518.000000	113.000000	0.017699
644.999000	gene 7.3	1523.000000	110.000000	0.000000
644.999000	gene 7.7	1497.000000	110.000000	0.018182
644.999000	gene 8	1446.000000	110.000000	0.100000
644.999000	gene 9	3028.000000	245.000000	0.044898
644.999000	gp-2	295.000000	40.000000	0.000000
644.999000	lysozyme-3.5	389.000000	46.000000	0.043478
644.999000	nonpref_charged	5928.000000	0.000000	0.000000
644.999000	nonpref_uncharged	9072.000000	0.000000	0.000000
644.999000	pref_charged	26011.000000	0.000000	0.000000
644.999000	pref_uncharged	8989.000000	0.000000	0.000000
644.999000	protein_kinase-0.7	541.000000	10.000000	0.300000
644.999000	rnapol-1	0.000000	10.000000	1.200000
644.999000	rnapol-3.5	324.000000	0.000000	0.000000
649.999001	E. coli B promoter	0.000000	0.000000	0.000000
649.999001	E. coli C promoter	1.000000	0.000000	0.000000
649.999001	E. coli promoter A1	1.000000	0.000000	0.000000
649.999001	E. coli promoter A2	1.000000	0.000000	0.000000
649.999001	E. coli promoter A3	1.000000	0.000000	0.000000
649.999001	T7 promoter phi1.1A	1.000000	0.000000	0.000000
649.999001	T7 promoter phi1.1B	1.000000	0.000000	0.000000
649.999001	T7 promoter phi1.3	1.000000	0.000000	0.000000
649.999001	T7 promoter phi1.5	1.000000	0.000000	0.000000
649.999001	T7 promoter phi1.6	1.000000	0.000000	0.000000
649.999001	T7 promoter phi10	1.000000	0.000000	0.000000
649.999001	T7 promoter phi13	0.000000	0.000000	0.000000
649.999001	T7 promoter phi17	1.000000	0.000000	0.000000
649.999001	T7 promoter phi2.5	0.000000	0.000000	0.000000
649.999001	T7 promoter phi3.8	1.000000	0.000000	0.000000
649.999001	T7 promoter phi4.3	1.000000	0.000000	0.000000
649.999001	T7 promoter phi4.7	1.000000	0.000000	0.000000
649.999001	T7 promoter phi4c	1.000000	0.000000	0.000000
649.999001	T7 promoter phi6.5	1.000000	0.000000	0.000000
649.999001	T7 promoter phi9	1.000000	0.000000	0.000000
649.999001	__gene 0.3_rbs	11.000000	0.000000	0.000000
649.999001	__gene 1.1_rbs	29.000000	0.000000	0.000000
649.999001	__gene 1.2_rbs	21.000000	0.000000	0.000000
649.999001	__gene 1.3_rbs	33.000000	0.000000	0.000000
649.999001	__gene 1.4_rbs	27.000000	0.000000	0.000000
649.999001	__gene 1.7_rbs	43.000000	0.000000	0.000000
649.999001	__gene 1.8_rbs	41.000000	0.000000	0.000000
649.999001	__gene 10A_rbs	556.000000	0.000000	0.000000
649.999001	__gene 11_rbs	89.000000	0.000000	0.000000
649.999001	__gene 12_rbs	86.000000	0.000000	0.000000
649.999001	__gene 13_rbs	142.000000	0.000000	0.000000
649.999001	__gene 14_rbs	140.000000	0.000000	0.000000
649.999001	__gene 15_rbs	136.000000	0.000000	0.000000
649.999001	__gene 16_rbs	128.000000	0.000000	0.000000
649.999001	__gene 17.5_rbs	139.000000	0.000000	0.000000
649.999001	__gene 17_rbs	150.000000	0.000000	0.000000
649.999001	__gene 18.5_rbs	134.000000	0.000000	0.000000
649.999001	__gene 18.7_rbs	135.000000	0.000000	0.000000
649.999001	__gene 18_rbs	139.000000	0.000000	0.000000
649.999001	__gene 19.2_rbs	124.000000	0.000000	0.000000
649.999001	__gene 19.3_rbs	122.000000	0.000000	0.000000
649.999001	__gene 19.5_rbs	118.000000	0.000000	0.000000
649.999001	__gene 19_rbs	132.000000	0.000000	0.000000
649.999001	__gene 2.5_rbs	48.000000	0.000000	0.000000
649.999001	__gene 2.8_rbs	47.000000	0.000000	0.000000
649.999001	__gene 3.8_rbs	54.000000	0.000000	0.000000
649.999001	__gene 3_rbs	46.000000	0.000000	0.000000
649.999001	__gene 4.2_rbs	60.000000	0.000000	0.000000
649.999001	__gene 4.3_rbs	59.000000	0.000000	0.000000
649.999001	__gene 4.5_rbs	69.000000	0.000000	0.000000
649.999001	__gene 4.7_rbs	69.000000	0.000000	0.000000
649.999001	__gene 4A_rbs	54.000000	0.000000	0.000000
649.999001	__gene 5.3_rbs	70.000000	0.000000	0.000000
649.999001	__gene 5.5_rbs	67.000000	0.000000	0.000000
649.999001	__gene 5.7_rbs	67.000000	0.000000	0.000000
649.999001	__gene 5.9_rbs	66.000000	0.000000	0.000000
649.999001	__gene 5_rbs	73.000000	0.000000	0.000000
649.999001	__gene 6.3_rbs	62.000000	0.000000	0.000000
649.999001	__gene 6.5_rbs	120.000000	0.000000	0.000000
649.999001	__gene 6.7_rbs	118.000000	0.000000	0.000000
649.999001	__gene 6_rbs	66.000000	0.000000	0.000000
649.999001	__gene 7.3_rbs	117.000000	0.000000	0.000000
649.999001	__gene 7.7_rbs	115.000000	0.000000	0.000000
649.999001	__gene 7_rbs	116.000000	0.000000	0.000000
649.999001	__gene 8_rbs	112.000000	0.000000	0.000000
649.999001	__gene 9_rbs	250.000000	0.000000	0.000000
649.999001	__gp-2_rbs	43.000000	0.000000	0.000000
649.999001	__lysozyme-3.5_rbs	46.000000	0.000000	0.000000
649.999001	__protein_kinase-0.7_rbs	11.000000	0.000000	0.000000
649.999001	__ribosome	15.000000	0.000000	0.000000
649.999001	__rnapol-1_rbs	10.000000	0.000000	0.000000
649.999001	bound_ecolipol	0.000000	0.000000	0.000000
649.999001	bound_ecolipol_p	1359.000000	0.000000	0.000000
649.999001	bound_ribosome	9307.000000	0.000000	0.000000
649.999001	degraded_transcript	19294.000000	0.000000	0.000000
649.999001	ecoli_genome	441.000000	0.000000	0.000000
649.999001	ecoli_transcript	24819.000000	0.000000	0.000000
649.999001	ecolipol	0.000000	0.000000	0.000000
649.999001	ecolipol-2	0.000000	0.000000	0.000000
649.999001	ecolipol-2-p	410.000000	0.000000	0.000000
649.999001	ecolipol-p	29.000000	0.000000	0.000000
649.999001	gene 0.3	557.000000	11.000000	0.000000
649.999001	gene 1.1	899.000000	32.000000	0.187500
649.999001	gene 1.2	689.000000	23.000000	2.782609
649.999001	gene 1.3	532.000000	38.000000	8.000000
649.999001	gene 1.4	502.000000	27.000000	0.000000
649.999001	gene 1.7	804.000000	43.000000	0.069767
649.999001	gene 1.8	805.000000	42.000000	0.023810
649.999001	gene 10A	6623.000000	556.000000	0.037770
649.999001	gene 11	958.000000	89.000000	0.000000
649.999001	gene 12	912.000000	86.000000	0.267442
649.999001	gene 13	1427.000000	142.000000	0.035211
649.999001	gene 14	1281.000000	139.000000	0.028777
649.999001	gene 15	1273.000000	135.000000	0.185185
649.999001	gene 16	980.000000	128.000000	0.523438
649.999001	gene 17	1061.000000	150.000000	0.086667
649.999001	gene 17.5	932.000000	140.000000	0.021429
649.999001	gene 18	896.000000	139.000000	0.014388
649.999001	gene 18.5	899.000000	136.000000	0.044118
649.999001	gene 18.7	906.000000	135.000000	0.007407
649.999001	gene 19	873.000000	132.000000	0.189394
649.999001	gene 19.2	739.000000	126.000000	0.015873
649.999001	gene 19.3	760.000000	122.000000	0.008197
649.999001	gene 19.5	660.000000	118.000000	0.000000
649.999001	gene 2.5	930.000000	48.000000	0.020833
649.999001	gene 2.8	943.000000	47.000000	0.000000
649.999001	gene 3	881.000000	46.000000	0.000000
649.999001	gene 3.8	1009.000000	54.000000	0.018519
649.999001	gene 4.2	1056.000000	60.000000	0.016667
649.999001	gene 4.3	1078.000000	59.000000	0.000000
649.999001	gene 4.5	1129.000000	69.000000	0.000000
649.999001	gene 4.7	1164.000000	69.000000	0.043478
649.999001	gene 4A	936.000000	54.000000	0.166667
649.999001	gene 5	1141.000000	73.000000	0.178082
649.999001	gene 5.3	1087.000000	70.000000	0.000000
649.999001	gene 5.5	1036.000000	68.000000	0.029412
649.999001	gene 5.7	1023.000000	67.000000	0.000000
649.999001	gene 5.9	1005.000000	64.000000	0.015625
649.999001	gene 6	991.000000	66.000000	0.090909
649.999001	gene 6.3	1010.000000	62.000000	0.032258
649.999001	gene 6.5	1725.000000	120.000000	0.025000
649.999001	gene 6.7	1616.000000	119.000000	0.008403
649.999001	gene 7	1597.000000	119.000000	0.058824
649.999001	gene 7.3	1594.000000	117.000000	0.017094
649.999001	gene 7.7	1582.000000	115.000000	0.026087
649.999001	gene 8	1512.000000	112.000000	0.142857
649.999001	gene 9	3187.000000	251.000000	0.071713
649.999001	gp-2	339.000000	43.000000	0.000000
649.999001	lysozyme-3.5	422.000000	46.000000	0.000000
649.999001	nonpref_charged	5277.000000	0.000000	0.000000
649.999001	nonpref_uncharged	9723.000000	0.000000	0.000000
649.999001	pref_charged	25432.000000	0.000000	0.000000
649.999001	pref_uncharged	9568.000000	0.000000	0.000000
649.999001	protein_kinase-0.7	549.000000	10.000000	0.000000
649.999001	rnapol-1	0.000000	10.000000	1.300000
649.999001	rnapol-3.5	323.000000	0.000000	0.000000
654.999000	E. coli B promoter	1.000000	0.000000	0.000000
654.999000	E. coli C promoter	1.000000	0.000000	0.000000
654.999000	E. coli promoter A1	1.000000	0.000000	0.000000
654.999000	E. coli promoter A2	1.000000	0.000000	0.000000
654.999000	E. coli promoter A3	1.000000	0.000000	0.000000
654.999000	T7 promoter phi1.1A	1.000000	0.000000	0.000000
654.999000	T7 promoter phi1.1B	1.000000	0.000000	0.000000
654.999000	T7 promoter phi1.3	1.000000	0.000000	0.000000
654.999000	T7 promoter phi1.5	0.000000	0.000000	0.000000
654.999000	T7 promoter phi1.6	1.000000	0.000000	0.000000
654.999000	T7 promoter phi10	0.000000	0.000000	0.000000
654.999000	T7 promoter phi13	0.000000	0.000000	0.000000
654.999000	T7 promoter phi17	1.000000	0.000000	0.000000
654.999000	T7 promoter phi2.5	0.000000	0.000000	0.000000
654.999000	T7 promoter phi3.8	1.000000	0.000000	0.000000
654.999000	T7 promoter phi4.3	1.000000	0.000000	0.000000
654.999000	T7 promoter phi4.7	1.000000	0.000000	0.000000
654.999000	T7 promoter phi4c	1.000000	0.000000	0.000000
654.999000	T7 promoter phi6.5	0.000000	0.000000	0.000000
654.999000	T7 promoter phi9	0.000000	0.000000	0.000000
654.999000	__gene 0.3_rbs	11.000000	0.000000	0.000000
654.999000	__gene 1.1_rbs	30.000000	0.000000	0.000000
654.999000	__gene 1.2_rbs	20.000000	0.000000	0.000000
654.999000	__gene 1.3_rbs	34.000000	0.000000	0.000000
654.999000	__gene 1.4_rbs	29.000000	0.000000	0.000000
654.999000	__gene 1.7_rbs	45.000000	0.000000	0.000000
654.999000	__gene 1.8_rbs	44.000000	0.000000	0.000000
654.999000	__gene 10A_rbs	571.000000	0.000000	0.000000
654.999000	__gene 11_rbs	92.000000	0.000000	0.000000
654.999000	__gene 12_rbs	90.000000	0.000000	0.000000
654.999000	__gene 13_rbs	151.000000	0.000000	0.000000
654.999000	__gene 14_rbs	148.000000	0.000000	0.000000
654.999000	__gene 15_rbs	143.000000	0.000000	0.000000
654.999000	__gene 16_rbs	131.000000	0.000000	0.000000
654.999000	__gene 17.5_rbs	146.000000	0.000000	0.000000
654.999000	__gene 17_rbs	158.000000	0.000000	0.000000
654.999000	__gene 18.5_rbs	142.000000	0.000000	0.000000
654.999000	__gene 18.7_rbs	141.000000	0.000000	0.000000
654.999000	__gene 18_rbs	142.000000	0.000000	0.000000
654.999000	__gene 19.2_rbs	135.000000	0.000000	0.000000
654.999000	__gene 19.3_rbs	132.000000	0.000000	0.000000
654.999000	__gene 19.5_rbs	124.000000	0.000000	0.000000
654.999000	__gene 19_rbs	139.000000	0.000000	0.000000
654.999000	__gene 2.5_rbs	49.000000	0.000000	0.000000
654.999000	__gene 2.8_rbs	49.000000	0.000000	0.000000
654.999000	__gene 3.8_rbs	54.000000	0.000000	0.000000
654.999000	__gene 3_rbs	48.000000	0.000000	0.000000
654.999000	__gene 4.2_rbs	61.000000	0.000000	0.000000
654.999000	__gene 4.3_rbs	61.000000	0.000000	0.000000
654.999000	__gene 4.5_rbs	71.000000	0.000000	0.000000
654.999000	__gene 4.7_rbs	71.000000	0.000000	0.000000
654.999000	__gene 4A_rbs	54.000000	0.000000	0.000000
654.999000	__gene 5.3_rbs	71.000000	0.000000	0.000000
654.999000	__gene 5.5_rbs	70.000000	0.000000	0.000000
654.999000	__gene 5.7_rbs	70.000000	0.000000	0.000000
654.999000	__gene 5.9_rbs	70.000000	0.000000	0.000000
654.999000	__gene 5_rbs	75.000000	0.000000	0.000000
654.999000	__gene 6.3_rbs	67.000000	0.000000	0.000000
654.999000	__gene 6.5_rbs	126.000000	0.000000	0.000000
654.999000	__gene 6.7_rbs	125.000000	0.000000	0.000000
654.999000	__gene 6_rbs	70.000000	0.000000	0.000000
654.999000	__gene 7.3_rbs	119.000000	0.000000	0.000000
654.999000	__gene 7.7_rbs	119.000000	0.000000	0.000000
654.999000	__gene 7_rbs	122.000000	0.000000	0.000000
654.999000	__gene 8_rbs	118.000000	0.000000	0.000000
654.999000	__gene 9_rbs	261.000000	0.000000	0.000000
654.999000	__gp-2_rbs	43.000000	0.000000	0.000000
654.999000	__lysozyme-3.5_rbs	47.000000	0.000000	0.000000
654.999000	__protein_kinase-0.7_rbs	11.000000	0.000000	0.000000
654.999000	__ribosome	12.000000	0.000000	0.000000
654.999000	__rnapol-1_rbs	10.000000	0.000000	0.000000
654.999000	bound_ecolipol	0.000000	0.000000	0.000000
654.999000	bound_ecolipol_p	1338.000000	0.000000	0.000000
654.999000	bound_ribosome	9326.000000	0.000000	0.000000
654.999000	degraded_transcript	19513.000000	0.000000	0.000000
654.999000	ecoli_genome	462.000000	0.000000	0.000000
654.999000	ecoli_transcript	24860.000000	0.000000	0.000000
654.999000	ecolipol	0.000000	0.000000	0.000000
654.999000	ecolipol-2	0.000000	0.000000	0.000000
654.999000	ecolipol-2-p	433.000000	0.000000	0.000000
654.999000	ecolipol-p	27.000000	0.000000	0.000000
654.999000	gene 0.3	568.000000	11.000000	0.000000
654.999000	gene 1.1	927.000000	33.000000	0.212121
654.999000	gene 1.2	703.000000	23.000000	2.869565
654.999000	gene 1.3	550.000000	39.000000	8.000000
654.999000	gene 1.4	523.000000	29.000000	0.034483
654.999000	gene 1.7	840.000000	45.000000	0.022222
654.999000	gene 1.8	831.000000	42.000000	0.023810
654.999000	gene 10A	7043.000000	572.000000	0.034965
654.999000	gene 11	1020.000000	92.000000	0.032609
654.999000	gene 12	982.000000	90.000000	0.055556
654.999000	gene 13	1524.000000	151.000000	0.013245
654.999000	gene 14	1404.000000	149.000000	0.046980
654.999000	gene 15	1368.000000	143.000000	0.167832
654.999000	gene 16	1080.000000	131.000000	0.442748
654.999000	gene 17	1173.000000	159.000000	0.119497
654.999000	gene 17.5	1048.000000	146.000000	0.013699
654.999000	gene 18	1000.000000	143.000000	0.020979
654.999000	gene 18.5	987.000000	142.000000	0.028169
654.999000	gene 18.7	1016.000000	142.000000	0.014085
654.999000	gene 19	977.000000	140.000000	0.164286
654.999000	gene 19.2	846.000000	136.000000	0.036765
654.999000	gene 19.3	850.000000	132.000000	0.000000
654.999000	gene 19.5	734.000000	124.000000	0.008065
654.999000	gene 2.5	964.000000	49.000000	0.020408
654.999000	gene 2.8	975.000000	49.000000	0.020408
654.999000	gene 3	911.000000	48.000000	0.020833
654.999000	gene 3.8	1054.000000	54.000000	0.055556
654.999000	gene 4.2	1111.000000	61.000000	0.032787
654.999000	gene 4.3	1128.000000	61.000000	0.000000
654.999000	gene 4.5	1171.000000	71.000000	0.000000
654.999000	gene 4.7	1216.000000	71.000000	0.014085
654.999000	gene 4A	976.000000	54.000000	0.111111
654.999000	gene 5	1209.000000	75.000000	0.133333
654.999000	gene 5.3	1139.000000	71.000000	0.014085
654.999000	gene 5.5	1081.000000	70.000000	0.014286
654.999000	gene 5.7	1059.000000	70.000000	0.000000
654.999000	gene 5.9	1061.000000	69.000000	0.000000
654.999000	gene 6	1036.000000	70.000000	0.028571
654.999000	gene 6.3	1049.000000	65.000000	0.015385
654.999000	gene 6.5	1806.000000	126.000000	0.007937
654.999000	gene 6.7	1694.000000	125.000000	0.024000
654.999000	gene 7	1688.000000	122.000000	0.032787
654.999000	gene 7.3	1682.000000	120.000000	0.033333
654.999000	gene 7.7	1662.000000	119.000000	0.058824
654.999000	gene 8	1600.000000	117.000000	0.085470
654.999000	gene 9	3397.000000	263.000000	0.072243
654.999000	gp-2	348.000000	44.000000	0.022727
654.999000	lysozyme-3.5	461.000000	47.000000	0.021277
654.999000	nonpref_charged	5542.000000	0.000000	0.000000
654.999000	nonpref_uncharged	9458.000000	0.000000	0.000000
654.999000	pref_charged	25662.000000	0.000000	0.000000
654.999000	pref_uncharged	9338.000000	0.000000	0.000000
654.999000	protein_kinase-0.7	553.000000	10.000000	0.100000
654.999000	rnapol-1	1.000000	10.000000	1.500000
654.999000	rnapol-3.5	317.000000	0.000000	0.000000
659.999001	E. coli B promoter	1.000000	0.000000	0.000000
659.999001	E. coli C promoter	1.000000	0.000000	0.000000
659.999001	E. coli promoter A1	1.000000	0.000000	0.000000
659.999001	E. coli promoter A2	1.000000	0.000000	0.000000
659.999001	E. coli promoter A3	1.000000	0.000000	0.000000
659.999001	T7 promoter phi1.1A	1.000000	0.000000	0.000000
659.999001	T7 promoter phi1.1B	1.000000	0.000000	0.000000
659.999001	T7 promoter phi1.3	1.000000	0.000000	0.000000
659.999001	T7 promoter phi1.5	1.000000	0.000000	0.000000
659.999001	T7 promoter phi1.6	1.000000	0.000000	0.000000
659.999001	T7 promoter phi10	1.000000	0.000000	0.000000
659.999001	T7 promoter phi13	1.000000	0.000000	0.000000
659.999001	T7 promoter phi17	1.000000	0.000000	0.000000
659.999001	T7 promoter phi2.5	1.000000	0.000000	0.000000
659.999001	T7 promoter phi3.8	1.000000	0.000000	0.000000
659.999001	T7 promoter phi4.3	1.000000	0.000000	0.000000
659.999001	T7 promoter phi4.7	1.000000	0.000000	0.000000
659.999001	T7 promoter phi4c	1.000000	0.000000	0.000000
659.999001	T7 promoter phi6.5	1.000000	0.000000	0.000000
659.999001	T7 promoter phi9	1.000000	0.000000	0.000000
659.999001	__gene 0.3_rbs	11.000000	0.000000	0.000000
659.999001	__gene 1.1_rbs	30.000000	0.000000	0.000000
659.999001	__gene 1.2_rbs	20.000000	0.000000	0.000000
659.999001	__gene 1.3_rbs	34.000000	0.000000	0.000000
659.999001	__gene 1.4_rbs	30.000000	0.000000	0.000000
659.999001	__gene 1.7_rbs	46.000000	0.000000	0.000000
659.999001	__gene 1.8_rbs	46.000000	0.000000	0.000000
659.999001	__gene 10A_rbs	591.000000	0.000000	0.000000
659.999001	__gene 11_rbs	96.000000	0.000000	0.000000
659.999001	__gene 12_rbs	94.000000	0.000000	0.000000
659.999001	__gene 13_rbs	158.000000	0.000000	0.000000
659.999001	__gene 14_rbs	154.000000	0.000000	0.000000
659.999001	__gene 15_rbs	152.000000	0.000000	0.000000
659.999001	__gene 16_rbs	135.000000	0.000000	0.000000
659.999001	__gene 17.5_rbs	153.000000	0.000000	0.000000
659.999001	__gene 17_rbs	169.000000	0.000000	0.000000
659.999001	__gene 18.5_rbs	148.000000	0.000000	0.000000
659.999001	__gene 18.7_rbs	149.000000	0.000000	0.000000
659.999001	__gene 18_rbs	152.000000	0.000000	0.000000
659.999001	__gene 19.2_rbs	141.000000	0.000000	0.000000
659.999001	__gene 19.3_rbs	139.000000	0.000000	0.000000
659.999001	__gene 19.5_rbs	134.000000	0.000000	0.000000
659.999001	__gene 19_rbs	144.000000	0.000000	0.000000
659.999001	__gene 2.5_rbs	51.000000	0.000000	0.000000
659.999001	__gene 2.8_rbs	50.000000	0.000000	0.000000
659.999001	__gene 3.8_rbs	57.000000	0.000000	0.000000
659.999001	__gene 3_rbs	49.000000	0.000000	0.000000
659.999001	__gene 4.2_rbs	60.000000	0.000000	0.000000
659.999001	__gene 4.3_rbs	61.000000	0.000000	0.000000
659.999001	__gene 4.5_rbs	71.000000	0.000000	0.000000
659.999001	__gene 4.7_rbs	71.000000	0.000000	0.000000
659.999001	__gene 4A_rbs	56.000000	0.000000	0.000000
659.999001	__gene 5.3_rbs	73.000000	0.000000	0.000000
659.999001	__gene 5.5_rbs	71.000000	0.000000	0.000000
659.999001	__gene 5.7_rbs	72.000000	0.000000	0.000000
659.999001	__gene 5.9_rbs	72.000000	0.000000	0.000000
659.999001	__gene 5_rbs	77.000000	0.000000	0.000000
659.999001	__gene 6.3_rbs	69.000000	0.000000	0.000000
659.999001	__gene 6.5_rbs	130.000000	0.000000	0.000000
659.999001	__gene 6.7_rbs	130.000000	0.000000	0.000000
659.999001	__gene 6_rbs	72.000000	0.000000	0.000000
659.999001	__gene 7.3_rbs	127.000000	0.000000	0.000000
659.999001	__gene 7.7_rbs	125.000000	0.000000	0.000000
659.999001	__gene 7_rbs	129.000000	0.000000	0.000000
659.999001	__gene 8_rbs	121.000000	0.000000	0.000000
659.999001	__gene 9_rbs	273.000000	0.000000	0.000000
659.999001	__gp-2_rbs	46.000000	0.000000	0.000000
659.999001	__lysozyme-3.5_rbs	47.000000	0.000000	0.000000
659.999001	__protein_kinase-0.7_rbs	11.000000	0.000000	0.000000
659.999001	__ribosome	9.000000	0.000000	0.000000
659.999001	__rnapol-1_rbs	10.000000	0.000000	0.000000
659.999001	bound_ecolipol	0.000000	0.000000	0.000000
659.999001	bound_ecolipol_p	1331.000000	0.000000	0.000000
659.999001	bound_ribosome	9286.000000	0.000000	0.000000
659.999001	degraded_transcript	19757.000000	0.000000	0.000000
659.999001	ecoli_genome	469.000000	0.000000	0.000000
659.999001	ecoli_transcript	24917.000000	0.000000	0.000000
659.999001	ecolipol	0.000000	0.000000	0.000000
659.999001	ecolipol-2	0.000000	0.000000	0.000000
659.999001	ecolipol-2-p	442.000000	0.000000	0.000000
659.999001	ecolipol-p	25.000000	0.000000	0.000000
659.999001	gene 0.3	575.000000	11.000000	0.090909
659.999001	gene 1.1	955.000000	33.000000	0.212121
659.999001	gene 1.2	713.000000	23.000000	3.043478
659.999001	gene 1.3	568.000000	39.000000	8.000000
659.999001	gene 1.4	544.000000	30.000000	0.066667
659.999001	gene 1.7	866.000000	46.000000	0.021739
659.999001	gene 1.8	856.000000	44.000000	0.000000
659.999001	gene 10A	7488.000000	592.000000	0.062500
659.999001	gene 11	1101.000000	97.000000	0.041237
659.999001	gene 12	1039.000000	94.000000	0.148936
659.999001	gene 13	1627.000000	158.000000	0.044304
659.999001	gene 14	1521.000000	155.000000	0.045161
659.999001	gene 15	1480.000000	152.000000	0.190789
659.999001	gene 16	1180.000000	136.000000	0.375000
659.999001	gene 17	1275.000000	169.000000	0.106509
659.999001	gene 17.5	1159.000000	155.000000	0.019355
659.999001	gene 18	1093.000000	152.000000	0.013158
659.999001	gene 18.5	1094.000000	149.000000	0.046980
659.999001	gene 18.7	1121.000000	149.000000	0.013423
659.999001	gene 19	1088.000000	146.000000	0.102740
659.999001	gene 19.2	960.000000	142.000000	0.014085
659.999001	gene 19.3	955.000000	140.000000	0.007143
659.999001	gene 19.5	840.000000	134.000000	0.014925
659.999001	gene 2.5	1007.000000	51.000000	0.039216
659.999001	gene 2.8	1012.000000	50.000000	0.040000
659.999001	gene 3	944.000000	49.000000	0.040816
659.999001	gene 3.8	1095.000000	57.000000	0.035088
659.999001	gene 4.2	1145.000000	61.000000	0.032787
659.999001	gene 4.3	1170.000000	61.000000	0.032787
659.999001	gene 4.5	1223.000000	72.000000	0.000000
659.999001	gene 4.7	1270.000000	71.000000	0.028169
659.999001	gene 4A	1009.000000	56.000000	0.160714
659.999001	gene 5	1266.000000	77.000000	0.155844
659.999001	gene 5.3	1206.000000	73.000000	0.041096
659.999001	gene 5.5	1138.000000	72.000000	0.027778
659.999001	gene 5.7	1111.000000	72.000000	0.013889
659.999001	gene 5.9	1107.000000	71.000000	0.000000
659.999001	gene 6	1082.000000	72.000000	0.041667
659.999001	gene 6.3	1106.000000	67.000000	0.044776
659.999001	gene 6.5	1898.000000	131.000000	0.030534
659.999001	gene 6.7	1772.000000	130.000000	0.015385
659.999001	gene 7	1790.000000	129.000000	0.015504
659.999001	gene 7.3	1776.000000	127.000000	0.007874
659.999001	gene 7.7	1746.000000	125.000000	0.048000
659.999001	gene 8	1681.000000	122.000000	0.098361
659.999001	gene 9	3591.000000	273.000000	0.058608
659.999001	gp-2	370.000000	46.000000	0.021739
659.999001	lysozyme-3.5	496.000000	49.000000	0.020408
659.999001	nonpref_charged	4904.000000	0.000000	0.000000
659.999001	nonpref_uncharged	10096.000000	0.000000	0.000000
659.999001	pref_charged	24880.000000	0.000000	0.000000
659.999001	pref_uncharged	10120.000000	0.000000	0.000000
659.999001	protein_kinase-0.7	560.000000	11.000000	0.272727
659.999001	rnapol-1	0.000000	10.000000	1.600000
659.999001	rnapol-3.5	321.000000	0.000000	0.000000
664.999001	E. coli B promoter	1.000000	0.000000	0.000000
664.999001	E. coli C promoter	1.000000	0.000000	0.000000
664.999001	E. coli promoter A1	1.000000	0.000000	0.000000
664.999001	E. coli promoter A2	1.000000	0.000000	0.000000
664.999001	E. coli promoter A3	1.000000	0.000000	0.000000
664.999001	T7 promoter phi1.1A	1.000000	0.000000	0.000000
664.999001	T7 promoter phi1.1B	1.000000	0.000000	0.000000
664.999001	T7 promoter phi1.3	1.000000	0.000000	0.000000
664.999001	T7 promoter phi1.5	1.000000	0.000000	0.000000
664.999001	T7 promoter phi1.6	1.000000	0.000000	0.000000
664.999001	T7 promoter phi10	0.000000	0.000000	0.000000
664.999001	T7 promoter phi13	1.000000	0.000000	0.000000
664.999001	T7 promoter phi17	1.000000	0.000000	0.000000
664.999001	T7 promoter phi2.5	1.000000	0.000000	0.000000
664.999001	T7 promoter phi3.8	1.000000	0.000000	0.000000
664.999001	T7 promoter phi4.3	1.000000	0.000000	0.000000
664.999001	T7 promoter phi4.7	1.000000	0.000000	0.000000
664.999001	T7 promoter phi4c	1.000000	0.000000	0.000000
664.999001	T7 promoter phi6.5	1.000000	0.000000	0.000000
664.999001	T7 promoter phi9	0.000000	0.000000	0.000000
664.999001	__gene 0.3_rbs	11.000000	0.000000	0.000000
664.999001	__gene 1.1_rbs	30.000000	0.000000	0.000000
664.999001	__gene 1.2_rbs	20.000000	0.000000	0.000000
664.999001	__gene 1.3_rbs	35.000000	0.000000	0.000000
664.999001	__gene 1.4_rbs	30.000000	0.000000	0.000000
664.999001	__gene 1.7_rbs	48.000000	0.000000	0.000000
664.999001	__gene 1.8_rbs	47.000000	0.000000	0.000000
664.999001	__gene 10A_rbs	610.000000	0.000000	0.000000
664.999001	__gene 11_rbs	102.000000	0.000000	0.000000
664.999001	__gene 12_rbs	99.000000	0.000000	0.000000
664.999001	__gene 13_rbs	167.000000	0.000000	0.000000
664.999001	__gene 14_rbs	165.000000	0.000000	0.000000
664.999001	__gene 15_rbs	158.000000	0.000000	0.000000
664.999001	__gene 16_rbs	144.000000	0.000000	0.000000
664.999001	__gene 17.5_rbs	164.000000	0.000000	0.000000
664.999001	__gene 17_rbs	179.000000	0.000000	0.000000
664.999001	__gene 18.5_rbs	159.000000	0.000000	0.000000
664.999001	__gene 18.7_rbs	157.000000	0.000000	0.000000
664.999001	__gene 18_rbs	162.000000	0.000000	0.000000
664.999001	__gene 19.2_rbs	150.000000	0.000000	0.000000
664.999001	__gene 19.3_rbs	142.000000	0.000000	0.000000
664.999001	__gene 19.5_rbs	141.000000	0.000000	0.000000
664.999001	__gene 19_rbs	156.000000	0.000000	0.000000
664.999001	__gene 2.5_rbs	53.000000	0.000000	0.000000
664.999001	__gene 2.8_rbs	52.000000	0.000000	0.000000
664.999001	__gene 3.8_rbs	58.000000	0.000000	0.000000
664.999001	__gene 3_rbs	50.000000	0.000000	0.000000
664.999001	__gene 4.2_rbs	63.000000	0.000000	0.000000
664.999001	__gene 4.3_rbs	63.000000	0.000000	0.000000
664.999001	__gene 4.5_rbs	73.000000	0.000000	0.000000
664.999001	__gene 4.7_rbs	72.000000	0.000000	0.000000
664.999001	__gene 4A_rbs	56.000000	0.000000	0.000000
664.999001	__gene 5.3_rbs	76.000000	0.000000	0.000000
664.999001	__gene 5.5_rbs	75.000000	0.000000	0.000000
664.999001	__gene 5.7_rbs	73.000000	0.000000	0.000000
664.999001	__gene 5.9_rbs	74.000000	0.000000	0.000000
664.999001	__gene 5_rbs	78.000000	0.000000	0.000000
664.999001	__gene 6.3_rbs	72.000000	0.000000	0.000000
664.999001	__gene 6.5_rbs	134.000000	0.000000	0.000000
664.999001	__gene 6.7_rbs	131.000000	0.000000	0.000000
664.999001	__gene 6_rbs	74.000000	0.000000	0.000000
664.999001	__gene 7.3_rbs	132.000000	0.000000	0.000000
664.999001	__gene 7.7_rbs	130.000000	0.000000	0.000000
664.999001	__gene 7_rbs	132.000000	0.000000	0.000000
664.999001	__gene 8_rbs	129.000000	0.000000	0.000000
664.999001	__gene 9_rbs	280.000000	0.000000	0.000000
664.999001	__gp-2_rbs	47.000000	0.000000	0.000000
664.999001	__lysozyme-3.5_rbs	51.000000	0.000000	0.000000
664.999001	__protein_kinase-0.7_rbs	11.000000	0.000000	0.000000
664.999001	__ribosome	12.000000	0.000000	0.000000
664.999001	__rnapol-1_rbs	10.000000	0.000000	0.000000
664.999001	bound_ecolipol	0.000000	0.000000	0.000000
664.999001	bound_ecolipol_p	1301.000000	0.000000	0.000000
664.999001	bound_ribosome	9219.000000	0.000000	0.000000
664.999001	degraded_transcript	20014.000000	0.000000	0.000000
664.999001	ecoli_genome	499.000000	0.000000	0.000000
664.999001	ecoli_transcript	24992.000000	0.000000	0.000000
664.999001	ecolipol	0.000000	0.000000	0.000000
664.999001	ecolipol-2	0.000000	0.000000	0.000000
664.999001	ecolipol-2-p	470.000000	0.000000	0.000000
664.999001	ecolipol-p	27.000000	0.000000	0.000000
664.999001	gene 0.3	580.000000	11.000000	0.000000
664.999001	gene 1.1	976.000000	33.000000	0.212121
664.999001	gene 1.2	733.000000	23.000000	3.086957
664.999001	gene 1.3	584.000000	40.000000	7.875000
664.999001	gene 1.4	562.000000	30.000000	0.000000
664.999001	gene 1.7	895.000000	48.000000	0.062500
664.999001	gene 1.8	885.000000	46.000000	0.043478
664.999001	gene 10A	7906.000000	614.000000	0.057003
664.999001	gene 11	1182.000000	102.000000	0.039216
664.999001	gene 12	1105.000000	100.000000	0.200000
664.999001	gene 13	1743.000000	167.000000	0.011976
664.999001	gene 14	1639.000000	165.000000	0.054545
664.999001	gene 15	1597.000000	159.000000	0.220126
664.999001	gene 16	1284.000000	144.000000	0.305556
664.999001	gene 17	1388.000000	180.000000	0.188889
664.999001	gene 17.5	1275.000000	165.000000	0.012121
664.999001	gene 18	1208.000000	162.000000	0.018519
664.999001	gene 18.5	1210.000000	159.000000	0.031447
664.999001	gene 18.7	1230.000000	158.000000	0.037975
664.999001	gene 19	1188.000000	156.000000	0.153846
664.999001	gene 19.2	1075.000000	150.000000	0.033333
664.999001	gene 19.3	1048.000000	146.000000	0.027397
664.999001	gene 19.5	948.000000	141.000000	0.007092
664.999001	gene 2.5	1046.000000	53.000000	0.037736
664.999001	gene 2.8	1044.000000	51.000000	0.019608
664.999001	gene 3	974.000000	51.000000	0.039216
664.999001	gene 3.8	1152.000000	58.000000	0.017241
664.999001	gene 4.2	1185.000000	63.000000	0.031746
664.999001	gene 4.3	1238.000000	63.000000	0.031746
664.999001	gene 4.5	1268.000000	73.000000	0.000000
664.999001	gene 4.7	1320.000000	72.000000	0.027778
664.999001	gene 4A	1049.000000	57.000000	0.228070
664.999001	gene 5	1327.000000	78.000000	0.128205
664.999001	gene 5.3	1260.000000	76.000000	0.013158
664.999001	gene 5.5	1191.000000	75.000000	0.040000
664.999001	gene 5.7	1168.000000	74.000000	0.040541
664.999001	gene 5.9	1161.000000	74.000000	0.013514
664.999001	gene 6	1137.000000	74.000000	0.067568
664.999001	gene 6.3	1175.000000	69.000000	0.014493
664.999001	gene 6.5	1999.000000	134.000000	0.029851
664.999001	gene 6.7	1885.000000	133.000000	0.052632
664.999001	gene 7	1892.000000	132.000000	0.022727
664.999001	gene 7.3	1889.000000	132.000000	0.007576
664.999001	gene 7.7	1839.000000	131.000000	0.022901
664.999001	gene 8	1770.000000	128.000000	0.179688
664.999001	gene 9	3799.000000	281.000000	0.071174
664.999001	gp-2	384.000000	48.000000	0.000000
664.999001	lysozyme-3.5	518.000000	51.000000	0.078431
664.999001	nonpref_charged	4254.000000	0.000000	0.000000
664.999001	nonpref_uncharged	10746.000000	0.000000	0.000000
664.999001	pref_charged	24468.000000	0.000000	0.000000
664.999001	pref_uncharged	10532.000000	0.000000	0.000000
664.999001	protein_kinase-0.7	569.000000	11.000000	0.181818
664.999001	rnapol-1	0.000000	10.000000	2.200000
664.999001	rnapol-3.5	319.000000	0.000000	0.000000
669.999001	E. coli B promoter	1.000000	0.000000	0.000000
669.999001	E. coli C promoter	1.000000	0.000000	0.000000
669.999001	E. coli promoter A1	1.000000	0.000000	0.000000
669.999001	E. coli promoter A2	1.000000	0.000000	0.000000
669.999001	E. coli promoter A3	1.000000	0.000000	0.000000
669.999001	T7 promoter phi1.1A	1.000000	0.000000	0.000000
669.999001	T7 promoter phi1.1B	1.000000	0.000000	0.000000
669.999001	T7 promoter phi1.3	1.000000	0.000000	0.000000
669.999001	T7 promoter phi1.5	1.000000	0.000000	0.000000
669.999001	T7 promoter phi1.6	0.000000	0.000000	0.000000
669.999001	T7 promoter phi10	0.000000	0.000000	0.000000
669.999001	T7 promoter phi13	1.000000	0.000000	0.000000
669.999001	T7 promoter phi17	1.000000	0.000000	0.000000
669.999001	T7 promoter phi2.5	1.000000	0.000000	0.000000
669.999001	T7 promoter phi3.8	0.000000	0.000000	0.000000
669.999001	T7 promoter phi4.3	1.000000	0.000000	0.000000
669.999001	T7 promoter phi4.7	1.000000	0.000000	0.000000
669.999001	T7 promoter phi4c	1.000000	0.000000	0.000000
669.999001	T7 promoter phi6.5	1.000000	0.000000	0.000000
669.999001	T7 promoter phi9	0.000000	0.000000	0.000000
669.999001	__gene 0.3_rbs	11.000000	0.000000	0.000000
669.999001	__gene 1.1_rbs	30.000000	0.000000	0.000000
669.999001	__gene 1.2_rbs	20.000000	0.000000	0.000000
669.999001	__gene 1.3_rbs	35.000000	0.000000	0.000000
669.999001	__gene 1.4_rbs	31.000000	0.000000	0.000000
669.999001	__gene 1.7_rbs	49.000000	0.000000	0.000000
669.999001	__gene 1.8_rbs	49.000000	0.000000	0.000000
669.999001	__gene 10A_rbs	634.000000	0.000000	0.000000
669.999001	__gene 11_rbs	108.000000	0.000000	0.000000
669.999001	__gene 12_rbs	105.000000	0.000000	0.000000
669.999001	__gene 13_rbs	171.000000	0.000000	0.000000
669.999001	__gene 14_rbs	170.000000	0.000000	0.000000
669.999001	__gene 15_rbs	167.000000	0.000000	0.000000
669.999001	__gene 16_rbs	152.000000	0.000000	0.000000
669.999001	__gene 17.5_rbs	173.000000	0.000000	0.000000
669.999001	__gene 17_rbs	187.000000	0.000000	0.000000
669.999001	__gene 18.5_rbs	169.000000	0.000000	0.000000
669.999001	__gene 18.7_rbs	168.000000	0.000000	0.000000
669.999001	__gene 18_rbs	171.000000	0.000000	0.000000
669.999001	__gene 19.2_rbs	156.000000	0.000000	0.000000
669.999001	__gene 19.3_rbs	154.000000	0.000000	0.000000
669.999001	__gene 19.5_rbs	147.000000	0.000000	0.000000
669.999001	__gene 19_rbs	166.000000	0.000000	0.000000
669.999001	__gene 2.5_rbs	54.000000	0.000000	0.000000
669.999001	__gene 2.8_rbs	54.000000	0.000000	0.000000
669.999001	__gene 3.8_rbs	59.000000	0.000000	0.000000
669.999001	__gene 3_rbs	53.000000	0.000000	0.000000
669.999001	__gene 4.2_rbs	65.000000	0.000000	0.000000
669.999001	__gene 4.3_rbs	65.000000	0.000000	0.000000
669.999001	__gene 4.5_rbs	76.000000	0.000000	0.000000
669.999001	__gene 4.7_rbs	76.000000	0.000000	0.000000
669.999001	__gene 4A_rbs	58.000000	0.000000	0.000000
669.999001	__gene 5.3_rbs	77.000000	0.000000	0.000000
669.999001	__gene 5.5_rbs	77.000000	0.000000	0.000000
669.999001	__gene 5.7_rbs	76.000000	0.000000	0.000000
669.999001	__gene 5.9_rbs	76.000000	0.000000	0.000000
669.999001	__gene 5_rbs	80.000000	0.000000	0.000000
669.999001	__gene 6.3_rbs	73.000000	0.000000	0.000000
669.999001	__gene 6.5_rbs	138.000000	0.000000	0.000000
669.999001	__gene 6.7_rbs	137.000000	0.000000	0.000000
669.999001	__gene 6_rbs	75.000000	0.000000	0.000000
669.999001	__gene 7.3_rbs	134.000000	0.000000	0.000000
669.999001	__gene 7.7_rbs	133.000000	0.000000	0.000000
669.999001	__gene 7_rbs	133.000000	0.000000	0.000000
669.999001	__gene 8_rbs	132.000000	0.000000	0.000000
669.999001	__gene 9_rbs	293.000000	0.000000	0.000000
669.999001	__gp-2_rbs	48.000000	0.000000	0.000000
669.999001	__lysozyme-3.5_rbs	51.000000	0.000000	0.000000
669.999001	__protein_kinase-0.7_rbs	11.000000	0.000000	0.000000
669.999001	__ribosome	11.000000	0.000000	0.000000
669.999001	__rnapol-1_rbs	10.000000	0.000000	0.000000
669.999001	bound_ecolipol	0.000000	0.000000	0.000000
669.999001	bound_ecolipol_p	1317.000000	0.000000	0.000000
669.999001	bound_ribosome	9194.000000	0.000000	0.000000
669.999001	degraded_transcript	20272.000000	0.000000	0.000000
669.999001	ecoli_genome	483.000000	0.000000	0.000000
669.999001	ecoli_transcript	25006.000000	0.000000	0.000000
669.999001	ecolipol	0.000000	0.000000	0.000000
669.999001	ecolipol-2	0.000000	0.000000	0.000000
669.999001	ecolipol-2-p	459.000000	0.000000	0.000000
669.999001	ecolipol-p	22.000000	0.000000	0.000000
669.999001	gene 0.3	584.000000	11.000000	0.090909
669.999001	gene 1.1	997.000000	33.000000	0.242424
669.999001	gene 1.2	751.000000	23.000000	3.043478
669.999001	gene 1.3	607.000000	40.000000	7.825000
669.999001	gene 1.4	586.000000	31.000000	0.000000
669.999001	gene 1.7	949.000000	49.000000	0.061224
669.999001	gene 1.8	910.000000	48.000000	0.041667
669.999001	gene 10A	8341.000000	634.000000	0.053628
669.999001	gene 11	1264.000000	110.000000	0.045455
669.999001	gene 12	1184.000000	105.000000	0.257143
669.999001	gene 13	1879.000000	173.000000	0.063584
669.999001	gene 14	1763.000000	171.000000	0.040936
669.999001	gene 15	1733.000000	167.000000	0.167665
669.999001	gene 16	1372.000000	152.000000	0.434211
669.999001	gene 17	1520.000000	188.000000	0.175532
669.999001	gene 17.5	1391.000000	173.000000	0.017341
669.999001	gene 18	1314.000000	171.000000	0.023392
669.999001	gene 18.5	1314.000000	169.000000	0.011834
669.999001	gene 18.7	1380.000000	168.000000	0.011905
669.999001	gene 19	1303.000000	166.000000	0.132530
669.999001	gene 19.2	1184.000000	159.000000	0.018868
669.999001	gene 19.3	1167.000000	155.000000	0.032258
669.999001	gene 19.5	1049.000000	149.000000	0.020134
669.999001	gene 2.5	1087.000000	54.000000	0.055556
669.999001	gene 2.8	1084.000000	52.000000	0.019231
669.999001	gene 3	1020.000000	53.000000	0.037736
669.999001	gene 3.8	1201.000000	59.000000	0.033898
669.999001	gene 4.2	1239.000000	65.000000	0.046154
669.999001	gene 4.3	1275.000000	65.000000	0.030769
669.999001	gene 4.5	1325.000000	76.000000	0.039474
669.999001	gene 4.7	1383.000000	76.000000	0.013158
669.999001	gene 4A	1101.000000	59.000000	0.135593
669.999001	gene 5	1373.000000	80.000000	0.200000
669.999001	gene 5.3	1327.000000	77.000000	0.038961
669.999001	gene 5.5	1249.000000	77.000000	0.012987
669.999001	gene 5.7	1219.000000	77.000000	0.038961
669.999001	gene 5.9	1207.000000	77.000000	0.025974
669.999001	gene 6	1189.000000	75.000000	0.093333
669.999001	gene 6.3	1246.000000	71.000000	0.000000
669.999001	gene 6.5	2098.000000	138.000000	0.028986
669.999001	gene 6.7	1992.000000	137.000000	0.021898
669.999001	gene 7	1969.000000	135.000000	0.044444
669.999001	gene 7.3	1977.000000	134.000000	0.007463
669.999001	gene 7.7	1923.000000	134.000000	0.044776
669.999001	gene 8	1875.000000	131.000000	0.129771
669.999001	gene 9	4004.000000	294.000000	0.064626
669.999001	gp-2	424.000000	49.000000	0.020408
669.999001	lysozyme-3.5	559.000000	52.000000	0.057692
669.999001	nonpref_charged	3944.000000	0.000000	0.000000
669.999001	nonpref_uncharged	11056.000000	0.000000	0.000000
669.999001	pref_charged	23936.000000	0.000000	0.000000
669.999001	pref_uncharged	11064.000000	0.000000	0.000000
669.999001	protein_kinase-0.7	582.000000	11.000000	0.272727
669.999001	rnapol-1	0.000000	10.000000	2.300000
669.999001	rnapol-3.5	311.000000	0.000000	0.000000
674.999000	E. coli B promoter	1.000000	0.000000	0.000000
674.999000	E. coli C promoter	1.000000	0.000000	0.000000
674.999000	E. coli promoter A1	1.000000	0.000000	0.000000
674.999000	E. coli promoter A2	1.000000	0.000000	0.000000
674.999000	E. coli promoter A3	1.000000	0.000000	0.000000
674.999000	T7 promoter phi1.1A	1.000000	0.000000	0.000000
674.999000	T7 promoter phi1.1B	1.000000	0.000000	0.000000
674.999000	T7 promoter phi1.3	1.000000	0.000000	0.000000
674.999000	T7 promoter phi1.5	1.000000	0.000000	0.000000
674.999000	T7 promoter phi1.6	1.000000	0.000000	0.000000
674.999000	T7 promoter phi10	0.000000	0.000000	0.000000
674.999000	T7 promoter phi13	0.000000	0.000000	0.000000
674.999000	T7 promoter phi17	1.000000	0.000000	0.000000
674.999000	T7 promoter phi2.5	1.000000	0.000000	0.000000
674.999000	T7 promoter phi3.8	0.000000	0.000000	0.000000
674.999000	T7 promoter phi4.3	1.000000	0.000000	0.000000
674.999000	T7 promoter phi4.7	1.000000	0.000000	0.000000
674.999000	T7 promoter phi4c	1.000000	0.000000	0.000000
674.999000	T7 promoter phi6.5	1.000000	0.000000	0.000000
674.999000	T7 promoter phi9	1.000000	0.000000	0.000000
674.999000	__gene 0.3_rbs	11.000000	0.000000	0.000000
674.999000	__gene 1.1_rbs	29.000000	0.000000	0.000000
674.999000	__gene 1.2_rbs	20.000000	0.000000	0.000000
674.999000	__gene 1.3_rbs	35.000000	0.000000	0.000000
674.999000	__gene 1.4_rbs	31.000000	0.000000	0.000000
674.999000	__gene 1.7_rbs	50.000000	0.000000	0.000000
674.999000	__gene 1.8_rbs	49.000000	0.000000	0.000000
674.999000	__gene 10A_rbs	649.000000	0.000000	0.000000
674.999000	__gene 11_rbs	115.000000	0.000000	0.000000
674.999000	__gene 12_rbs	111.000000	0.000000	0.000000
674.999000	__gene 13_rbs	181.000000	0.000000	0.000000
674.999000	__gene 14_rbs	178.000000	0.000000	0.000000
674.999000	__gene 15_rbs	173.000000	0.000000	0.000000
674.999000	__gene 16_rbs	159.000000	0.000000	0.000000
674.999000	__gene 17.5_rbs	186.000000	0.000000	0.000000
674.999000	__gene 17_rbs	195.000000	0.000000	0.000000
674.999000	__gene 18.5_rbs	178.000000	0.000000	0.000000
674.999000	__gene 18.7_rbs	177.000000	0.000000	0.000000
674.999000	__gene 18_rbs	182.000000	0.000000	0.000000
674.999000	__gene 19.2_rbs	169.000000	0.000000	0.000000
674.999000	__gene 19.3_rbs	164.000000	0.000000	0.000000
674.999000	__gene 19.5_rbs	156.000000	0.000000	0.000000
674.999000	__gene 19_rbs	173.000000	0.000000	0.000000
674.999000	__gene 2.5_rbs	55.000000	0.000000	0.000000
674.999000	__gene 2.8_rbs	55.000000	0.000000	0.000000
674.999000	__gene 3.8_rbs	61.000000	0.000000	0.000000
674.999000	__gene 3_rbs	53.000000	0.000000	0.000000
674.999000	__gene 4.2_rbs	67.000000	0.000000	0.000000
674.999000	__gene 4.3_rbs	66.000000	0.000000	0.000000
674.999000	__gene 4.5_rbs	79.000000	0.000000	0.000000
674.999000	__gene 4.7_rbs	78.000000	0.000000	0.000000
674.999000	__gene 4A_rbs	60.000000	0.000000	0.000000
674.999000	__gene 5.3_rbs	77.000000	0.000000	0.000000
674.999000	__gene 5.5_rbs	78.000000	0.000000	0.000000
674.999000	__gene 5.7_rbs	77.000000	0.000000	0.000000
674.999000	__gene 5.9_rbs	77.000000	0.000000	0.000000
674.999000	__gene 5_rbs	84.000000	0.000000	0.000000
674.999000	__gene 6.3_rbs	76.000000	0.000000	0.000000
674.999000	__gene 6.5_rbs	143.000000	0.000000	0.000000
674.999000	__gene 6.7_rbs	142.000000	0.000000	0.000000
674.999000	__gene 6_rbs	77.000000	0.000000	0.000000
674.999000	__gene 7.3_rbs	137.000000	0.000000	0.000000
674.999000	__gene 7.7_rbs	138.000000	0.000000	0.000000
674.999000	__gene 7_rbs	138.000000	0.000000	0.000000
674.999000	__gene 8_rbs	134.000000	0.000000	0.000000
674.999000	__gene 9_rbs	301.000000	0.000000	0.000000
674.999000	__gp-2_rbs	50.000000	0.000000	0.000000
674.999000	__lysozyme-3.5_rbs	54.000000	0.000000	0.000000
674.999000	__protein_kinase-0.7_rbs	11.000000	0.000000	0.000000
674.999000	__ribosome	5.000000	0.000000	0.000000
674.999000	__rnapol-1_rbs	10.000000	0.000000	0.000000
674.999000	bound_ecolipol	0.000000	0.000000	0.000000
674.999000	bound_ecolipol_p	1295.000000	0.000000	0.000000
674.999000	bound_ribosome	9194.000000	0.000000	0.000000
674.999000	degraded_transcript	20488.000000	0.000000	0.000000
674.999000	ecoli_genome	505.000000	0.000000	0.000000
674.999000	ecoli_transcript	25033.000000	0.000000	0.000000
674.999000	ecolipol	0.000000	0.000000	0.000000
674.999000	ecolipol-2	0.000000	0.000000	0.000000
674.999000	ecolipol-2-p	485.000000	0.000000	0.000000
674.999000	ecolipol-p	18.000000	0.000000	0.000000
674.999000	gene 0.3	595.000000	11.000000	0.000000
674.999000	gene 1.1	1016.000000	33.000000	0.242424
674.999000	gene 1.2	768.000000	23.000000	3.130435
674.999000	gene 1.3	627.000000	40.000000	7.925000
674.999000	gene 1.4	607.000000	31.000000	0.000000
674.999000	gene 1.7	990.000000	50.000000	0.040000
674.999000	gene 1.8	948.000000	50.000000	0.020000
674.999000	gene 10A	8782.000000	651.000000	0.064516
674.999000	gene 11	1332.000000	115.000000	0.052174
674.999000	gene 12	1270.000000	111.000000	0.189189
674.999000	gene 13	2036.000000	182.000000	0.010989
674.999000	gene 14	1860.000000	179.000000	0.083799
674.999000	gene 15	1844.000000	175.000000	0.177143
674.999000	gene 16	1483.000000	159.000000	0.427673
674.999000	gene 17	1676.000000	195.000000	0.128205
674.999000	gene 17.5	1523.000000	186.000000	0.010753
674.999000	gene 18	1449.000000	183.000000	0.038251
674.999000	gene 18.5	1449.000000	179.000000	0.027933
674.999000	gene 18.7	1506.000000	178.000000	0.016854
674.999000	gene 19	1419.000000	174.000000	0.195402
674.999000	gene 19.2	1289.000000	169.000000	0.011834
674.999000	gene 19.3	1293.000000	165.000000	0.006061
674.999000	gene 19.5	1159.000000	158.000000	0.031646
674.999000	gene 2.5	1135.000000	55.000000	0.018182
674.999000	gene 2.8	1127.000000	55.000000	0.036364
674.999000	gene 3	1064.000000	54.000000	0.055556
674.999000	gene 3.8	1246.000000	61.000000	0.049180
674.999000	gene 4.2	1288.000000	67.000000	0.014925
674.999000	gene 4.3	1318.000000	66.000000	0.000000
674.999000	gene 4.5	1394.000000	79.000000	0.000000
674.999000	gene 4.7	1429.000000	78.000000	0.025641
674.999000	gene 4A	1141.000000	60.000000	0.083333
674.999000	gene 5	1438.000000	84.000000	0.261905
674.999000	gene 5.3	1389.000000	78.000000	0.012821
674.999000	gene 5.5	1305.000000	78.000000	0.012821
674.999000	gene 5.7	1280.000000	77.000000	0.025974
674.999000	gene 5.9	1274.000000	77.000000	0.000000
674.999000	gene 6	1243.000000	76.000000	0.065789
674.999000	gene 6.3	1297.000000	74.000000	0.000000
674.999000	gene 6.5	2204.000000	143.000000	0.006993
674.999000	gene 6.7	2092.000000	142.000000	0.021127
674.999000	gene 7	2078.000000	139.000000	0.014388
674.999000	gene 7.3	2080.000000	138.000000	0.007246
674.999000	gene 7.7	2030.000000	138.000000	0.043478
674.999000	gene 8	1971.000000	135.000000	0.133333
674.999000	gene 9	4207.000000	301.000000	0.063123
674.999000	gp-2	432.000000	50.000000	0.000000
674.999000	lysozyme-3.5	594.000000	54.000000	0.055556
674.999000	nonpref_charged	4118.000000	0.000000	0.000000
674.999000	nonpref_uncharged	10882.000000	0.000000	0.000000
674.999000	pref_charged	23806.000000	0.000000	0.000000
674.999000	pref_uncharged	11194.000000	0.000000	0.000000
674.999000	protein_kinase-0.7	590.000000	11.000000	0.454545
674.999000	rnapol-1	1.000000	10.000000	2.600000
674.999000	rnapol-3.5	321.000000	0.000000	0.000000
679.999002	E. coli B promoter	1.000000	0.000000	0.000000
679.999002	E. coli C promoter	1.000000	0.000000	0.000000
679.999002	E. coli promoter A1	1.000000	0.000000	0.000000
679.999002	E. coli promoter A2	1.000000	0.000000	0.000000
679.999002	E. coli promoter A3	1.000000	0.000000	0.000000
679.999002	T7 promoter phi1.1A	1.000000	0.000000	0.000000
679.999002	T7 promoter phi1.1B	1.000000	0.000000	0.000000
679.999002	T7 promoter phi1.3	1.000000	0.000000	0.000000
679.999002	T7 promoter phi1.5	1.000000	0.000000	0.000000
679.999002	T7 promoter phi1.6	1.000000	0.000000	0.000000
679.999002	T7 promoter phi10	0.000000	0.000000	0.000000
679.999002	T7 promoter phi13	0.000000	0.000000	0.000000
679.999002	T7 promoter phi17	0.000000	0.000000	0.000000
679.999002	T7 promoter phi2.5	1.000000	0.000000	0.000000
679.999002	T7 promoter phi3.8	1.000000	0.000000	0.000000
679.999002	T7 promoter phi4.3	1.000000	0.000000	0.000000
679.999002	T7 promoter phi4.7	1.000000	0.000000	0.000000
679.999002	T7 promoter phi4c	1.000000	0.000000	0.000000
679.999002	T7 promoter phi6.5	1.000000	0.000000	0.000000
679.999002	T7 promoter phi9	0.000000	0.000000	0.000000
679.999002	__gene 0.3_rbs	11.000000	0.000000	0.000000
679.999002	__gene 1.1_rbs	28.000000	0.000000	0.000000
679.999002	__gene 1.2_rbs	20.000000	0.000000	0.000000
679.999002	__gene 1.3_rbs	34.000000	0.000000	0.000000
679.999002	__gene 1.4_rbs	31.000000	0.000000	0.000000
679.999002	__gene 1.7_rbs	50.000000	0.000000	0.000000
679.999002	__gene 1.8_rbs	50.000000	0.000000	0.000000
679.999002	__gene 10A_rbs	669.000000	0.000000	0.000000
679.999002	__gene 11_rbs	119.000000	0.000000	0.000000
679.999002	__gene 12_rbs	117.000000	0.000000	0.000000
679.999002	__gene 13_rbs	188.000000	0.000000	0.000000
679.999002	__gene 14_rbs	184.000000	0.000000	0.000000
679.999002	__gene 15_rbs	183.000000	0.000000	0.000000
679.999002	__gene 16_rbs	167.000000	0.000000	0.000000
679.999002	__gene 17.5_rbs	191.000000	0.000000	0.000000
679.999002	__gene 17_rbs	205.000000	0.000000	0.000000
679.999002	__gene 18.5_rbs	186.000000	0.000000	0.000000
679.999002	__gene 18.7_rbs	187.000000	0.000000	0.000000
679.999002	__gene 18_rbs	188.000000	0.000000	0.000000
679.999002	__gene 19.2_rbs	179.000000	0.000000	0.000000
679.999002	__gene 19.3_rbs	173.000000	0.000000	0.000000
679.999002	__gene 19.5_rbs	167.000000	0.000000	0.000000
679.999002	__gene 19_rbs	185.000000	0.000000	0.000000
679.999002	__gene 2.5_rbs	56.000000	0.000000	0.000000
679.999002	__gene 2.8_rbs	56.000000	0.000000	0.000000
679.999002	__gene 3.8_rbs	63.000000	0.000000	0.000000
679.999002	__gene 3_rbs	55.000000	0.000000	0.000000
679.999002	__gene 4.2_rbs	66.000000	0.000000	0.000000
679.999002	__gene 4.3_rbs	68.000000	0.000000	0.000000
679.999002	__gene 4.5_rbs	79.000000	0.000000	0.000000
679.999002	__gene 4.7_rbs	79.000000	0.000000	0.000000
679.999002	__gene 4A_rbs	62.000000	0.000000	0.000000
679.999002	__gene 5.3_rbs	80.000000	0.000000	0.000000
679.999002	__gene 5.5_rbs	79.000000	0.000000	0.000000
679.999002	__gene 5.7_rbs	78.000000	0.000000	0.000000
679.999002	__gene 5.9_rbs	77.000000	0.000000	0.000000
679.999002	__gene 5_rbs	86.000000	0.000000	0.000000
679.999002	__gene 6.3_rbs	77.000000	0.000000	0.000000
679.999002	__gene 6.5_rbs	142.000000	0.000000	0.000000
679.999002	__gene 6.7_rbs	142.000000	0.000000	0.000000
679.999002	__gene 6_rbs	77.000000	0.000000	0.000000
679.999002	__gene 7.3_rbs	144.000000	0.000000	0.000000
679.999002	__gene 7.7_rbs	141.000000	0.000000	0.000000
679.999002	__gene 7_rbs	142.000000	0.000000	0.000000
679.999002	__gene 8_rbs	138.000000	0.000000	0.000000
679.999002	__gene 9_rbs	307.000000	0.000000	0.000000
679.999002	__gp-2_rbs	50.000000	0.000000	0.000000
679.999002	__lysozyme-3.5_rbs	55.000000	0.000000	0.000000
679.999002	__protein_kinase-0.7_rbs	11.000000	0.000000	0.000000
679.999002	__ribosome	7.000000	0.000000	0.000000
679.999002	__rnapol-1_rbs	10.000000	0.000000	0.000000
679.999002	bound_ecolipol	0.000000	0.000000	0.000000
679.999002	bound_ecolipol_p	1297.000000	0.000000	0.000000
679.999002	bound_ribosome	9184.000000	0.000000	0.000000
679.999002	degraded_transcript	20721.000000	0.000000	0.000000
679.999002	ecoli_genome	503.000000	0.000000	0.000000
679.999002	ecoli_transcript	25066.000000	0.000000	0.000000
679.999002	ecolipol	0.000000	0.000000	0.000000
679.999002	ecolipol-2	0.000000	0.000000	0.000000
679.999002	ecolipol-2-p	482.000000	0.000000	0.000000
679.999002	ecolipol-p	19.000000	0.000000	0.000000
679.999002	gene 0.3	605.000000	11.000000	0.000000
679.999002	gene 1.1	1040.000000	33.000000	0.272727
679.999002	gene 1.2	783.000000	23.000000	3.217391
679.999002	gene 1.3	652.000000	40.000000	7.950000
679.999002	gene 1.4	634.000000	31.000000	0.032258
679.999002	gene 1.7	1028.000000	50.000000	0.060000
679.999002	gene 1.8	983.000000	50.000000	0.000000
679.999002	gene 10A	9273.000000	670.000000	0.059701
679.999002	gene 11	1417.000000	119.000000	0.033613
679.999002	gene 12	1343.000000	118.000000	0.220339
679.999002	gene 13	2181.000000	190.000000	0.036842
679.999002	gene 14	2004.000000	185.000000	0.043243
679.999002	gene 15	1952.000000	183.000000	0.174863
679.999002	gene 16	1598.000000	167.000000	0.431138
679.999002	gene 17	1816.000000	205.000000	0.131707
679.999002	gene 17.5	1647.000000	191.000000	0.020942
679.999002	gene 18	1575.000000	189.000000	0.042328
679.999002	gene 18.5	1586.000000	188.000000	0.037234
679.999002	gene 18.7	1616.000000	187.000000	0.021390
679.999002	gene 19	1549.000000	186.000000	0.161290
679.999002	gene 19.2	1411.000000	179.000000	0.022346
679.999002	gene 19.3	1405.000000	174.000000	0.011494
679.999002	gene 19.5	1277.000000	167.000000	0.005988
679.999002	gene 2.5	1166.000000	56.000000	0.017857
679.999002	gene 2.8	1162.000000	56.000000	0.000000
679.999002	gene 3	1098.000000	54.000000	0.018519
679.999002	gene 3.8	1297.000000	63.000000	0.015873
679.999002	gene 4.2	1327.000000	68.000000	0.044118
679.999002	gene 4.3	1364.000000	68.000000	0.014706
679.999002	gene 4.5	1448.000000	80.000000	0.012500
679.999002	gene 4.7	1481.000000	80.000000	0.050000
679.999002	gene 4A	1181.000000	62.000000	0.096774
679.999002	gene 5	1488.000000	86.000000	0.197674
679.999002	gene 5.3	1442.000000	81.000000	0.024691
679.999002	gene 5.5	1362.000000	80.000000	0.012500
679.999002	gene 5.7	1337.000000	77.000000	0.000000
679.999002	gene 5.9	1336.000000	78.000000	0.025641
679.999002	gene 6	1298.000000	78.000000	0.038462
679.999002	gene 6.3	1369.000000	74.000000	0.013514
679.999002	gene 6.5	2293.000000	144.000000	0.034722
679.999002	gene 6.7	2188.000000	144.000000	0.027778
679.999002	gene 7	2179.000000	144.000000	0.027778
679.999002	gene 7.3	2185.000000	144.000000	0.013889
679.999002	gene 7.7	2120.000000	142.000000	0.056338
679.999002	gene 8	2072.000000	139.000000	0.079137
679.999002	gene 9	4431.000000	308.000000	0.055195
679.999002	gp-2	469.000000	50.000000	0.000000
679.999002	lysozyme-3.5	632.000000	55.000000	0.036364
679.999002	nonpref_charged	4102.000000	0.000000	0.000000
679.999002	nonpref_uncharged	10898.000000	0.000000	0.000000
679.999002	pref_charged	23976.000000	0.000000	0.000000
679.999002	pref_uncharged	11024.000000	0.000000	0.000000
679.999002	protein_kinase-0.7	602.000000	11.000000	0.272727
679.999002	rnapol-1	0.000000	10.000000	2.800000
679.999002	rnapol-3.5	329.000000	0.000000	0.000000
684.999001	E. coli B promoter	1.000000	0.000000	0.000000
684.999001	E. coli C promoter	1.000000	0.000000	0.000000
684.999001	E. coli promoter A1	1.000000	0.000000	0.000000
684.999001	E. coli promoter A2	1.000000	0.000000	0.000000
684.999001	E. coli promoter A3	1.000000	0.000000	0.000000
684.999001	T7 promoter phi1.1A	1.000000	0.000000	0.000000
684.999001	T7 promoter phi1.1B	0.000000	0.000000	0.000000
684.999001	T7 promoter phi1.3	1.000000	0.000000	0.000000
684.999001	T7 promoter phi1.5	1.000000	0.000000	0.000000
684.999001	T7 promoter phi1.6	1.000000	0.000000	0.000000
684.999001	T7 promoter phi10	0.000000	0.000000	0.000000
684.999001	T7 promoter phi13	1.000000	0.000000	0.000000
684.999001	T7 promoter phi17	0.000000	0.000000	0.000000
684.999001	T7 promoter phi2.5	1.000000	0.000000	0.000000
684.999001	T7 promoter phi3.8	1.000000	0.000000	0.000000
684.999001	T7 promoter phi4.3	1.000000	0.000000	0.000000
684.999001	T7 promoter phi4.7	0.000000	0.000000	0.000000
684.999001	T7 promoter phi4c	1.000000	0.000000	0.000000
684.999001	T7 promoter phi6.5	1.000000	0.000000	0.000000
684.999001	T7 promoter phi9	1.000000	0.000000	0.000000
684.999001	__gene 0.3_rbs	11.000000	0.000000	0.000000
684.999001	__gene 1.1_rbs	29.000000	0.000000	0.000000
684.999001	__gene 1.2_rbs	20.000000	0.000000	0.000000
684.999001	__gene 1.3_rbs	34.000000	0.000000	0.000000
684.999001	__gene 1.4_rbs	31.000000	0.000000	0.000000
684.999001	__gene 1.7_rbs	50.000000	0.000000	0.000000
684.999001	__gene 1.8_rbs	50.000000	0.000000	0.000000
684.999001	__gene 10A_rbs	687.000000	0.000000	0.000000
684.999001	__gene 11_rbs	121.000000	0.000000	0.000000
684.999001	__gene 12_rbs	120.000000	0.000000	0.000000
684.999001	__gene 13_rbs	201.000000	0.000000	0.000000
684.999001	__gene 14_rbs	197.000000	0.000000	0.000000
684.999001	__gene 15_rbs	190.000000	0.000000	0.000000
684.999001	__gene 16_rbs	174.000000	0.000000	0.000000
684.999001	__gene 17.5_rbs	200.000000	0.000000	0.000000
684.999001	__gene 17_rbs	212.000000	0.000000	0.000000
684.999001	__gene 18.5_rbs	194.000000	0.000000	0.000000
684.999001	__gene 18.7_rbs	192.000000	0.000000	0.000000
684.999001	__gene 18_rbs	196.000000	0.000000	0.000000
684.999001	__gene 19.2_rbs	187.000000	0.000000	0.000000
684.999001	__gene 19.3_rbs	186.000000	0.000000	0.000000
684.999001	__gene 19.5_rbs	176.000000	0.000000	0.000000
684.999001	__gene 19_rbs	192.000000	0.000000	0.000000
684.999001	__gene 2.5_rbs	56.000000	0.000000	0.000000
684.999001	__gene 2.8_rbs	56.000000	0.000000	0.000000
684.999001	__gene 3.8_rbs	64.000000	0.000000	0.000000
684.999001	__gene 3_rbs	56.000000	0.000000	0.000000
684.999001	__gene 4.2_rbs	69.000000	0.000000	0.000000
684.999001	__gene 4.3_rbs	70.000000	0.000000	0.000000
684.999001	__gene 4.5_rbs	81.000000	0.000000	0.000000
684.999001	__gene 4.7_rbs	81.000000	0.000000	0.000000
684.999001	__gene 4A_rbs	63.000000	0.000000	0.000000
684.999001	__gene 5.3_rbs	84.000000	0.000000	0.000000
684.999001	__gene 5.5_rbs	83.000000	0.000000	0.000000
684.999001	__gene 5.7_rbs	82.000000	0.000000	0.000000
684.999001	__gene 5.9_rbs	82.000000	0.000000	0.000000
684.999001	__gene 5_rbs	88.000000	0.000000	0.000000
684.999001	__gene 6.3_rbs	76.000000	0.000000	0.000000
684.999001	__gene 6.5_rbs	144.000000	0.000000	0.000000
684.999001	__gene 6.7_rbs	143.000000	0.000000	0.000000
684.999001	__gene 6_rbs	82.000000	0.000000	0.000000
684.999001	__gene 7.3_rbs	145.000000	0.000000	0.000000
684.999001	__gene 7.7_rbs	144.000000	0.000000	0.000000
684.999001	__gene 7_rbs	143.000000	0.000000	0.000000
684.999001	__gene 8_rbs	142.000000	0.000000	0.000000
684.999001	__gene 9_rbs	316.000000	0.000000	0.000000
684.999001	__gp-2_rbs	49.000000	0.000000	0.000000
684.999001	__lysozyme-3.5_rbs	56.000000	0.000000	0.000000
684.999001	__protein_kinase-0.7_rbs	11.000000	0.000000	0.000000
684.999001	__ribosome	14.000000	0.000000	0.000000
684.999001	__rnapol-1_rbs	10.000000	0.000000	0.000000
684.999001	bound_ecolipol	0.000000	0.000000	0.000000
684.999001	bound_ecolipol_p	1251.000000	0.000000	0.000000
684.999001	bound_ribosome	9140.000000	0.000000	0.000000
684.999001	degraded_transcript	21010.000000	0.000000	0.000000
684.999001	ecoli_genome	549.000000	0.000000	0.000000
684.999001	ecoli_transcript	25119.000000	0.000000	0.000000
684.999001	ecolipol	0.000000	0.000000	0.000000
684.999001	ecolipol-2	0.000000	0.000000	0.000000
684.999001	ecolipol-2-p	525.000000	0.000000	0.000000
684.999001	ecolipol-p	22.000000	0.000000	0.000000
684.999001	gene 0.3	614.000000	11.000000	0.181818
684.999001	gene 1.1	1057.000000	33.000000	0.242424
684.999001	gene 1.2	797.000000	23.000000	3.347826
684.999001	gene 1.3	667.000000	40.000000	8.000000
684.999001	gene 1.4	655.000000	31.000000	0.000000
684.999001	gene 1.7	1059.000000	50.000000	0.020000
684.999001	gene 1.8	1020.000000	50.000000	0.000000
684.999001	gene 10A	9697.000000	690.000000	0.069565
684.999001	gene 11	1505.000000	121.000000	0.066116
684.999001	gene 12	1418.000000	120.000000	0.250000
684.999001	gene 13	2339.000000	201.000000	0.029851
684.999001	gene 14	2121.000000	197.000000	0.040609
684.999001	gene 15	2079.000000	192.000000	0.187500
684.999001	gene 16	1706.000000	174.000000	0.425287
684.999001	gene 17	1956.000000	213.000000	0.089202
684.999001	gene 17.5	1803.000000	200.000000	0.010000
684.999001	gene 18	1715.000000	198.000000	0.025253
684.999001	gene 18.5	1716.000000	195.000000	0.046154
684.999001	gene 18.7	1747.000000	194.000000	0.020619
684.999001	gene 19	1680.000000	192.000000	0.156250
684.999001	gene 19.2	1559.000000	188.000000	0.015957
684.999001	gene 19.3	1518.000000	186.000000	0.005376
684.999001	gene 19.5	1385.000000	177.000000	0.028249
684.999001	gene 2.5	1211.000000	56.000000	0.035714
684.999001	gene 2.8	1190.000000	56.000000	0.000000
684.999001	gene 3	1142.000000	55.000000	0.036364
684.999001	gene 3.8	1339.000000	64.000000	0.015625
684.999001	gene 4.2	1371.000000	70.000000	0.000000
684.999001	gene 4.3	1413.000000	70.000000	0.000000
684.999001	gene 4.5	1500.000000	82.000000	0.024390
684.999001	gene 4.7	1541.000000	81.000000	0.024691
684.999001	gene 4A	1231.000000	63.000000	0.158730
684.999001	gene 5	1544.000000	88.000000	0.170455
684.999001	gene 5.3	1504.000000	84.000000	0.011905
684.999001	gene 5.5	1410.000000	83.000000	0.012048
684.999001	gene 5.7	1396.000000	80.000000	0.025000
684.999001	gene 5.9	1402.000000	82.000000	0.000000
684.999001	gene 6	1339.000000	82.000000	0.073171
684.999001	gene 6.3	1428.000000	77.000000	0.000000
684.999001	gene 6.5	2387.000000	145.000000	0.027586
684.999001	gene 6.7	2293.000000	145.000000	0.020690
684.999001	gene 7	2282.000000	144.000000	0.020833
684.999001	gene 7.3	2276.000000	145.000000	0.020690
684.999001	gene 7.7	2229.000000	144.000000	0.048611
684.999001	gene 8	2169.000000	143.000000	0.160839
684.999001	gene 9	4629.000000	316.000000	0.066456
684.999001	gp-2	463.000000	50.000000	0.060000
684.999001	lysozyme-3.5	660.000000	56.000000	0.053571
684.999001	nonpref_charged	3708.000000	0.000000	0.000000
684.999001	nonpref_uncharged	11292.000000	0.000000	0.000000
684.999001	pref_charged	23345.000000	0.000000	0.000000
684.999001	pref_uncharged	11655.000000	0.000000	0.000000
684.999001	protein_kinase-0.7	606.000000	11.000000	0.454545
684.999001	rnapol-1	0.000000	10.000000	3.100000
684.999001	rnapol-3.5	336.000000	0.000000	0.000000
689.999000	E. coli B promoter	1.000000	0.000000	0.000000
689.999000	E. coli C promoter	1.000000	0.000000	0.000000
689.999000	E. coli promoter A1	1.000000	0.000000	0.000000
689.999000	E. coli promoter A2	1.000000	0.000000	0.000000
689.999000	E. coli promoter A3	1.000000	0.000000	0.000000
689.999000	T7 promoter phi1.1A	1.000000	0.000000	0.000000
689.999000	T7 promoter phi1.1B	1.000000	0.000000	0.000000
689.999000	T7 promoter phi1.3	1.000000	0.000000	0.000000
689.999000	T7 promoter phi1.5	1.000000	0.000000	0.000000
689.999000	T7 promoter phi1.6	1.000000	0.000000	0.000000
689.999000	T7 promoter phi10	0.000000	0.000000	0.000000
689.999000	T7 promoter phi13	1.000000	0.000000	0.000000
689.999000	T7 promoter phi17	0.000000	0.000000	0.000000
689.999000	T7 promoter phi2.5	1.000000	0.000000	0.000000
689.999000	T7 promoter phi3.8	1.000000	0.000000	0.000000
689.999000	T7 promoter phi4.3	1.000000	0.000000	0.000000
689.999000	T7 promoter phi4.7	1.000000	0.000000	0.000000
689.999000	T7 promoter phi4c	1.000000	0.000000	0.000000
689.999000	T7 promoter phi6.5	1.000000	0.000000	0.000000
689.999000	T7 promoter phi9	1.000000	0.000000	0.000000
689.999000	__gene 0.3_rbs	11.000000	0.000000	0.000000
689.999000	__gene 1.1_rbs	31.000000	0.000000	0.000000
689.999000	__gene 1.2_rbs	21.000000	0.000000	0.000000
689.999000	__gene 1.3_rbs	34.000000	0.000000	0.000000
689.999000	__gene 1.4_rbs	31.000000	0.000000	0.000000
689.999000	__gene 1.7_rbs	51.000000	0.000000	0.000000
689.999000	__gene 1.8_rbs	50.000000	0.000000	0.000000
689.999000	__gene 10A_rbs	706.000000	0.000000	0.000000
689.999000	__gene 11_rbs	121.000000	0.000000	0.000000
689.999000	__gene 12_rbs	121.000000	0.000000	0.000000
689.999000	__gene 13_rbs	209.000000	0.000000	0.000000
689.999000	__gene 14_rbs	206.000000	0.000000	0.000000
689.999000	__gene 15_rbs	198.000000	0.000000	0.000000
689.999000	__gene 16_rbs	181.000000	0.000000	0.000000
689.999000	__gene 17.5_rbs	209.000000	0.000000	0.000000
689.999000	__gene 17_rbs	222.000000	0.000000	0.000000
689.999000	__gene 18.5_rbs	203.000000	0.000000	0.000000
689.999000	__gene 18.7_rbs	203.000000	0.000000	0.000000
689.999000	__gene 18_rbs	205.000000	0.000000	0.000000
689.999000	__gene 19.2_rbs	195.000000	0.000000	0.000000
689.999000	__gene 19.3_rbs	191.000000	0.000000	0.000000
689.999000	__gene 19.5_rbs	186.000000	0.000000	0.000000
689.999000	__gene 19_rbs	200.000000	0.000000	0.000000
689.999000	__gene 2.5_rbs	55.000000	0.000000	0.000000
689.999000	__gene 2.8_rbs	56.000000	0.000000	0.000000
689.999000	__gene 3.8_rbs	63.000000	0.000000	0.000000
689.999000	__gene 3_rbs	56.000000	0.000000	0.000000
689.999000	__gene 4.2_rbs	72.000000	0.000000	0.000000
689.999000	__gene 4.3_rbs	71.000000	0.000000	0.000000
689.999000	__gene 4.5_rbs	85.000000	0.000000	0.000000
689.999000	__gene 4.7_rbs	83.000000	0.000000	0.000000
689.999000	__gene 4A_rbs	64.000000	0.000000	0.000000
689.999000	__gene 5.3_rbs	87.000000	0.000000	0.000000
689.999000	__gene 5.5_rbs	86.000000	0.000000	0.000000
689.999000	__gene 5.7_rbs	85.000000	0.000000	0.000000
689.999000	__gene 5.9_rbs	85.000000	0.000000	0.000000
689.999000	__gene 5_rbs	90.000000	0.000000	0.000000
689.999000	__gene 6.3_rbs	82.000000	0.000000	0.000000
689.999000	__gene 6.5_rbs	151.000000	0.000000	0.000000
689.999000	__gene 6.7_rbs	149.000000	0.000000	0.000000
689.999000	__gene 6_rbs	84.000000	0.000000	0.000000
689.999000	__gene 7.3_rbs	144.000000	0.000000	0.000000
689.999000	__gene 7.7_rbs	145.000000	0.000000	0.000000
689.999000	__gene 7_rbs	148.000000	0.000000	0.000000
689.999000	__gene 8_rbs	143.000000	0.000000	0.000000
689.999000	__gene 9_rbs	323.000000	0.000000	0.000000
689.999000	__gp-2_rbs	49.000000	0.000000	0.000000
689.999000	__lysozyme-3.5_rbs	55.000000	0.000000	0.000000
689.999000	__protein_kinase-0.7_rbs	11.000000	0.000000	0.000000
689.999000	__ribosome	9.000000	0.000000	0.000000
689.999000	__rnapol-1_rbs	11.000000	0.000000	0.000000
689.999000	bound_ecolipol	0.000000	0.000000	0.000000
689.999000	bound_ecolipol_p	1262.000000	0.000000	0.000000
689.999000	bound_ribosome	9080.000000	0.000000	0.000000
689.999000	degraded_transcript	21240.000000	0.000000	0.000000
689.999000	ecoli_genome	538.000000	0.000000	0.000000
689.999000	ecoli_transcript	25203.000000	0.000000	0.000000
689.999000	ecolipol	0.000000	0.000000	0.000000
689.999000	ecolipol-2	0.000000	0.000000	0.000000
689.999000	ecolipol-2-p	516.000000	0.000000	0.000000
689.999000	ecolipol-p	20.000000	0.000000	0.000000
689.999000	gene 0.3	623.000000	11.000000	0.000000
689.999000	gene 1.1	1079.000000	35.000000	0.228571
689.999000	gene 1.2	810.000000	25.000000	3.320000
689.999000	gene 1.3	687.000000	40.000000	8.050000
689.999000	gene 1.4	668.000000	31.000000	0.064516
689.999000	gene 1.7	1094.000000	51.000000	0.039216
689.999000	gene 1.8	1053.000000	51.000000	0.039216
689.999000	gene 10A	10185.000000	707.000000	0.062235
689.999000	gene 11	1595.000000	122.000000	0.016393
689.999000	gene 12	1506.000000	121.000000	0.206612
689.999000	gene 13	2488.000000	211.000000	0.033175
689.999000	gene 14	2234.000000	207.000000	0.096618
689.999000	gene 15	2211.000000	201.000000	0.208955
689.999000	gene 16	1814.000000	183.000000	0.519126
689.999000	gene 17	2095.000000	222.000000	0.162162
689.999000	gene 17.5	1958.000000	209.000000	0.023923
689.999000	gene 18	1875.000000	207.000000	0.014493
689.999000	gene 18.5	1848.000000	204.000000	0.053922
689.999000	gene 18.7	1897.000000	204.000000	0.044118
689.999000	gene 19	1813.000000	200.000000	0.125000
689.999000	gene 19.2	1708.000000	196.000000	0.015306
689.999000	gene 19.3	1651.000000	191.000000	0.015707
689.999000	gene 19.5	1543.000000	187.000000	0.016043
689.999000	gene 2.5	1257.000000	56.000000	0.071429
689.999000	gene 2.8	1219.000000	56.000000	0.017857
689.999000	gene 3	1177.000000	55.000000	0.090909
689.999000	gene 3.8	1374.000000	64.000000	0.031250
689.999000	gene 4.2	1409.000000	72.000000	0.027778
689.999000	gene 4.3	1464.000000	71.000000	0.000000
689.999000	gene 4.5	1555.000000	85.000000	0.011765
689.999000	gene 4.7	1585.000000	83.000000	0.036145
689.999000	gene 4A	1284.000000	64.000000	0.187500
689.999000	gene 5	1614.000000	90.000000	0.133333
689.999000	gene 5.3	1550.000000	87.000000	0.057471
689.999000	gene 5.5	1475.000000	86.000000	0.034884
689.999000	gene 5.7	1455.000000	83.000000	0.000000
689.999000	gene 5.9	1451.000000	85.000000	0.011765
689.999000	gene 6	1392.000000	84.000000	0.047619
689.999000	gene 6.3	1485.000000	81.000000	0.012346
689.999000	gene 6.5	2485.000000	152.000000	0.032895
689.999000	gene 6.7	2404.000000	150.000000	0.040000
689.999000	gene 7	2354.000000	147.000000	0.034014
689.999000	gene 7.3	2382.000000	145.000000	0.027586
689.999000	gene 7.7	2327.000000	145.000000	0.020690
689.999000	gene 8	2279.000000	144.000000	0.138889
689.999000	gene 9	4848.000000	324.000000	0.092593
689.999000	gp-2	510.000000	50.000000	0.020000
689.999000	lysozyme-3.5	692.000000	56.000000	0.000000
689.999000	nonpref_charged	3306.000000	0.000000	0.000000
689.999000	nonpref_uncharged	11694.000000	0.000000	0.000000
689.999000	pref_charged	23292.000000	0.000000	0.000000
689.999000	pref_uncharged	11708.000000	0.000000	0.000000
689.999000	protein_kinase-0.7	614.000000	11.000000	0.272727
689.999000	rnapol-1	1.000000	10.000000	2.600000
689.999000	rnapol-3.5	348.000000	0.000000	0.000000
694.999001	E. coli B promoter	1.000000	0.000000	0.000000
694.999001	E. coli C promoter	1.000000	0.000000	0.000000
694.999001	E. coli promoter A1	1.000000	0.000000	0.000000
694.999001	E. coli promoter A2	1.000000	0.000000	0.000000
694.999001	E. coli promoter A3	1.000000	0.000000	0.000000
694.999001	T7 promoter phi1.1A	1.000000	0.000000	0.000000
694.999001	T7 promoter phi1.1B	1.000000	0.000000	0.000000
694.999001	T7 promoter phi1.3	1.000000	0.000000	0.000000
694.999001	T7 promoter phi1.5	1.000000	0.000000	0.000000
694.999001	T7 promoter phi1.6	1.000000	0.000000	0.000000
694.999001	T7 promoter phi10	0.000000	0.000000	0.000000
694.999001	T7 promoter phi13	1.000000	0.000000	0.000000
694.999001	T7 promoter phi17	0.000000	0.000000	0.000000
694.999001	T7 promoter phi2.5	1.000000	0.000000	0.000000
694.999001	T7 promoter phi3.8	1.000000	0.000000	0.000000
694.999001	T7 promoter phi4.3	1.000000	0.000000	0.000000
694.999001	T7 promoter phi4.7	1.000000	0.000000	0.000000
694.999001	T7 promoter phi4c	1.000000	0.000000	0.000000
694.999001	T7 promoter phi6.5	1.000000	0.000000	0.000000
694.999001	T7 promoter phi9	1.000000	0.000000	0.000000
694.999001	__gene 0.3_rbs	11.000000	0.000000	0.000000
694.999001	__gene 1.1_rbs	30.000000	0.000000	0.000000
694.999001	__gene 1.2_rbs	21.000000	0.000000	0.000000
694.999001	__gene 1.3_rbs	33.000000	0.000000	0.000000
694.999001	__gene 1.4_rbs	31.000000	0.000000	0.000000
694.999001	__gene 1.7_rbs	51.000000	0.000000	0.000000
694.999001	__gene 1.8_rbs	49.000000	0.000000	0.000000
694.999001	__gene 10A_rbs	723.000000	0.000000	0.000000
694.999001	__gene 11_rbs	126.000000	0.000000	0.000000
694.999001	__gene 12_rbs	123.000000	0.000000	0.000000
694.999001	__gene 13_rbs	218.000000	0.000000	0.000000
694.999001	__gene 14_rbs	213.000000	0.000000	0.000000
694.999001	__gene 15_rbs	211.000000	0.000000	0.000000
694.999001	__gene 16_rbs	192.000000	0.000000	0.000000
694.999001	__gene 17.5_rbs	217.000000	0.000000	0.000000
694.999001	__gene 17_rbs	234.000000	0.000000	0.000000
694.999001	__gene 18.5_rbs	211.000000	0.000000	0.000000
694.999001	__gene 18.7_rbs	211.000000	0.000000	0.000000
694.999001	__gene 18_rbs	217.000000	0.000000	0.000000
694.999001	__gene 19.2_rbs	202.000000	0.000000	0.000000
694.999001	__gene 19.3_rbs	195.000000	0.000000	0.000000
694.999001	__gene 19.5_rbs	193.000000	0.000000	0.000000
694.999001	__gene 19_rbs	209.000000	0.000000	0.000000
694.999001	__gene 2.5_rbs	56.000000	0.000000	0.000000
694.999001	__gene 2.8_rbs	57.000000	0.000000	0.000000
694.999001	__gene 3.8_rbs	64.000000	0.000000	0.000000
694.999001	__gene 3_rbs	56.000000	0.000000	0.000000
694.999001	__gene 4.2_rbs	72.000000	0.000000	0.000000
694.999001	__gene 4.3_rbs	73.000000	0.000000	0.000000
694.999001	__gene 4.5_rbs	87.000000	0.000000	0.000000
694.999001	__gene 4.7_rbs	86.000000	0.000000	0.000000
694.999001	__gene 4A_rbs	64.000000	0.000000	0.000000
694.999001	__gene 5.3_rbs	88.000000	0.000000	0.000000
694.999001	__gene 5.5_rbs	88.000000	0.000000	0.000000
694.999001	__gene 5.7_rbs	86.000000	0.000000	0.000000
694.999001	__gene 5.9_rbs	85.000000	0.000000	0.000000
694.999001	__gene 5_rbs	92.000000	0.000000	0.000000
694.999001	__gene 6.3_rbs	86.000000	0.000000	0.000000
694.999001	__gene 6.5_rbs	155.000000	0.000000	0.000000
694.999001	__gene 6.7_rbs	152.000000	0.000000	0.000000
694.999001	__gene 6_rbs	86.000000	0.000000	0.000000
694.999001	__gene 7.3_rbs	151.000000	0.000000	0.000000
694.999001	__gene 7.7_rbs	150.000000	0.000000	0.000000
694.999001	__gene 7_rbs	151.000000	0.000000	0.000000
694.999001	__gene 8_rbs	148.000000	0.000000	0.000000
694.999001	__gene 9_rbs	329.000000	0.000000	0.000000
694.999001	__gp-2_rbs	51.000000	0.000000	0.000000
694.999001	__lysozyme-3.5_rbs	56.000000	0.000000	0.000000
694.999001	__protein_kinase-0.7_rbs	11.000000	0.000000	0.000000
694.999001	__ribosome	11.000000	0.000000	0.000000
694.999001	__rnapol-1_rbs	11.000000	0.000000	0.000000
694.999001	bound_ecolipol	0.000000	0.000000	0.000000
694.999001	bound_ecolipol_p	1252.000000	0.000000	0.000000
694.999001	bound_ribosome	9023.000000	0.000000	0.000000
694.999001	degraded_transcript	21500.000000	0.000000	0.000000
694.999001	ecoli_genome	548.000000	0.000000	0.000000
694.999001	ecoli_transcript	25244.000000	0.000000	0.000000
694.999001	ecolipol	0.000000	0.000000	0.000000
694.999001	ecolipol-2	0.000000	0.000000	0.000000
694.999001	ecolipol-2-p	522.000000	0.000000	0.000000
694.999001	ecolipol-p	24.000000	0.000000	0.000000
694.999001	gene 0.3	630.000000	11.000000	0.000000
694.999001	gene 1.1	1103.000000	35.000000	0.228571
694.999001	gene 1.2	820.000000	25.000000	3.600000
694.999001	gene 1.3	706.000000	40.000000	8.025000
694.999001	gene 1.4	691.000000	31.000000	0.032258
694.999001	gene 1.7	1140.000000	51.000000	0.039216
694.999001	gene 1.8	1106.000000	51.000000	0.019608
694.999001	gene 10A	10695.000000	726.000000	0.068871
694.999001	gene 11	1683.000000	126.000000	0.031746
694.999001	gene 12	1574.000000	123.000000	0.252033
694.999001	gene 13	2656.000000	218.000000	0.027523
694.999001	gene 14	2382.000000	216.000000	0.060185
694.999001	gene 15	2348.000000	211.000000	0.260664
694.999001	gene 16	1939.000000	192.000000	0.489583
694.999001	gene 17	2246.000000	235.000000	0.174468
694.999001	gene 17.5	2114.000000	218.000000	0.013761
694.999001	gene 18	2031.000000	217.000000	0.018433
694.999001	gene 18.5	2008.000000	213.000000	0.014085
694.999001	gene 18.7	2052.000000	213.000000	0.028169
694.999001	gene 19	1928.000000	210.000000	0.209524
694.999001	gene 19.2	1838.000000	204.000000	0.039216
694.999001	gene 19.3	1772.000000	200.000000	0.020000
694.999001	gene 19.5	1681.000000	194.000000	0.015464
694.999001	gene 2.5	1308.000000	57.000000	0.052632
694.999001	gene 2.8	1261.000000	57.000000	0.035088
694.999001	gene 3	1220.000000	55.000000	0.054545
694.999001	gene 3.8	1423.000000	64.000000	0.046875
694.999001	gene 4.2	1442.000000	73.000000	0.027397
694.999001	gene 4.3	1513.000000	73.000000	0.041096
694.999001	gene 4.5	1619.000000	87.000000	0.000000
694.999001	gene 4.7	1637.000000	87.000000	0.045977
694.999001	gene 4A	1334.000000	64.000000	0.203125
694.999001	gene 5	1663.000000	93.000000	0.118280
694.999001	gene 5.3	1606.000000	88.000000	0.045455
694.999001	gene 5.5	1548.000000	88.000000	0.034091
694.999001	gene 5.7	1523.000000	85.000000	0.047059
694.999001	gene 5.9	1505.000000	87.000000	0.034483
694.999001	gene 6	1462.000000	87.000000	0.114943
694.999001	gene 6.3	1558.000000	84.000000	0.000000
694.999001	gene 6.5	2605.000000	156.000000	0.025641
694.999001	gene 6.7	2519.000000	154.000000	0.038961
694.999001	gene 7	2473.000000	153.000000	0.019608
694.999001	gene 7.3	2475.000000	152.000000	0.026316
694.999001	gene 7.7	2437.000000	151.000000	0.066225
694.999001	gene 8	2368.000000	146.000000	0.116438
694.999001	gene 9	5081.000000	329.000000	0.072948
694.999001	gp-2	532.000000	51.000000	0.000000
694.999001	lysozyme-3.5	726.000000	56.000000	0.035714
694.999001	nonpref_charged	2899.000000	0.000000	0.000000
694.999001	nonpref_uncharged	12101.000000	0.000000	0.000000
694.999001	pref_charged	22814.000000	0.000000	0.000000
694.999001	pref_uncharged	12186.000000	0.000000	0.000000
694.999001	protein_kinase-0.7	622.000000	11.000000	0.090909
694.999001	rnapol-1	1.000000	11.000000	3.181818
694.999001	rnapol-3.5	352.000000	0.000000	0.000000
699.999000	E. coli B promoter	1.000000	0.000000	0.000000
699.999000	E. coli C promoter	1.000000	0.000000	0.000000
699.999000	E. coli promoter A1	1.000000	0.000000	0.000000
699.999000	E. coli promoter A2	1.000000	0.000000	0.000000
699.999000	E. coli promoter A3	1.000000	0.000000	0.000000
699.999000	T7 promoter phi1.1A	1.000000	0.000000	0.000000
699.999000	T7 promoter phi1.1B	1.000000	0.000000	0.000000
699.999000	T7 promoter phi1.3	1.000000	0.000000	0.000000
699.999000	T7 promoter phi1.5	1.000000	0.000000	0.000000
699.999000	T7 promoter phi1.6	1.000000	0.000000	0.000000
699.999000	T7 promoter phi10	0.000000	0.000000	0.000000
699.999000	T7 promoter phi13	0.000000	0.000000	0.000000
699.999000	T7 promoter phi17	1.000000	0.000000	0.000000
699.999000	T7 promoter phi2.5	1.000000	0.000000	0.000000
699.999000	T7 promoter phi3.8	1.000000	0.000000	0.000000
699.999000	T7 promoter phi4.3	1.000000	0.000000	0.000000
699.999000	T7 promoter phi4.7	1.000000	0.000000	0.000000
699.999000	T7 promoter phi4c	1.000000	0.000000	0.000000
699.999000	T7 promoter phi6.5	1.000000	0.000000	0.000000
699.999000	T7 promoter phi9	0.000000	0.000000	0.000000
699.999000	__gene 0.3_rbs	11.000000	0.000000	0.000000
699.999000	__gene 1.1_rbs	29.000000	0.000000	0.000000
699.999000	__gene 1.2_rbs	21.000000	0.000000	0.000000
699.999000	__gene 1.3_rbs	34.000000	0.000000	0.000000
699.999000	__gene 1.4_rbs	31.000000	0.000000	0.000000
699.999000	__gene 1.7_rbs	52.000000	0.000000	0.000000
699.999000	__gene 1.8_rbs	51.000000	0.000000	0.000000
699.999000	__gene 10A_rbs	741.000000	0.000000	0.000000
699.999000	__gene 11_rbs	125.000000	0.000000	0.000000
699.999000	__gene 12_rbs	124.000000	0.000000	0.000000
699.999000	__gene 13_rbs	221.000000	0.000000	0.000000
699.999000	__gene 14_rbs	218.000000	0.000000	0.000000
699.999000	__gene 15_rbs	217.000000	0.000000	0.000000
699.999000	__gene 16_rbs	201.000000	0.000000	0.000000
699.999000	__gene 17.5_rbs	227.000000	0.000000	0.000000
699.999000	__gene 17_rbs	246.000000	0.000000	0.000000
699.999000	__gene 18.5_rbs	221.000000	0.000000	0.000000
699.999000	__gene 18.7_rbs	220.000000	0.000000	0.000000
699.999000	__gene 18_rbs	226.000000	0.000000	0.000000
699.999000	__gene 19.2_rbs	210.000000	0.000000	0.000000
699.999000	__gene 19.3_rbs	208.000000	0.000000	0.000000
699.999000	__gene 19.5_rbs	202.000000	0.000000	0.000000
699.999000	__gene 19_rbs	218.000000	0.000000	0.000000
699.999000	__gene 2.5_rbs	57.000000	0.000000	0.000000
699.999000	__gene 2.8_rbs	55.000000	0.000000	0.000000
699.999000	__gene 3.8_rbs	64.000000	0.000000	0.000000
699.999000	__gene 3_rbs	57.000000	0.000000	0.000000
699.999000	__gene 4.2_rbs	73.000000	0.000000	0.000000
699.999000	__gene 4.3_rbs	73.000000	0.000000	0.000000
699.999000	__gene 4.5_rbs	89.000000	0.000000	0.000000
699.999000	__gene 4.7_rbs	88.000000	0.000000	0.000000
699.999000	__gene 4A_rbs	64.000000	0.000000	0.000000
699.999000	__gene 5.3_rbs	90.000000	0.000000	0.000000
699.999000	__gene 5.5_rbs	90.000000	0.000000	0.000000
699.999000	__gene 5.7_rbs	89.000000	0.000000	0.000000
699.999000	__gene 5.9_rbs	89.000000	0.000000	0.000000
699.999000	__gene 5_rbs	95.000000	0.000000	0.000000
699.999000	__gene 6.3_rbs	87.000000	0.000000	0.000000
699.999000	__gene 6.5_rbs	158.000000	0.000000	0.000000
699.999000	__gene 6.7_rbs	158.000000	0.000000	0.000000
699.999000	__gene 6_rbs	88.000000	0.000000	0.000000
699.999000	__gene 7.3_rbs	156.000000	0.000000	0.000000
699.999000	__gene 7.7_rbs	155.000000	0.000000	0.000000
699.999000	__gene 7_rbs	157.000000	0.000000	0.000000
699.999000	__gene 8_rbs	152.000000	0.000000	0.000000
699.999000	__gene 9_rbs	333.000000	0.000000	0.000000
699.999000	__gp-2_rbs	50.000000	0.000000	0.000000
699.999000	__lysozyme-3.5_rbs	57.000000	0.000000	0.000000
699.999000	__protein_kinase-0.7_rbs	11.000000	0.000000	0.000000
699.999000	__ribosome	9.000000	0.000000	0.000000
699.999000	__rnapol-1_rbs	11.000000	0.000000	0.000000
699.999000	bound_ecolipol	0.000000	0.000000	0.000000
699.999000	bound_ecolipol_p	1242.000000	0.000000	0.000000
699.999000	bound_ribosome	8942.000000	0.000000	0.000000
699.999000	degraded_transcript	21755.000000	0.000000	0.000000
699.999000	ecoli_genome	558.000000	0.000000	0.000000
699.999000	ecoli_transcript	25333.000000	0.000000	0.000000
699.999000	ecolipol	0.000000	0.000000	0.000000
699.999000	ecolipol-2	0.000000	0.000000	0.000000
699.999000	ecolipol-2-p	535.000000	0.000000	0.000000
699.999000	ecolipol-p	21.000000	0.000000	0.000000
699.999000	gene 0.3	637.000000	11.000000	0.000000
699.999000	gene 1.1	1124.000000	35.000000	0.285714
699.999000	gene 1.2	831.000000	25.000000	3.720000
699.999000	gene 1.3	731.000000	42.000000	7.738095
699.999000	gene 1.4	716.000000	31.000000	0.032258
699.999000	gene 1.7	1176.000000	52.000000	0.057692
699.999000	gene 1.8	1155.000000	51.000000	0.019608
699.999000	gene 10A	11179.000000	745.000000	0.075168
699.999000	gene 11	1763.000000	127.000000	0.062992
699.999000	gene 12	1655.000000	126.000000	0.261905
699.999000	gene 13	2805.000000	222.000000	0.031532
699.999000	gene 14	2535.000000	221.000000	0.063348
699.999000	gene 15	2491.000000	219.000000	0.315068
699.999000	gene 16	2063.000000	201.000000	0.507463
699.999000	gene 17	2432.000000	246.000000	0.231707
699.999000	gene 17.5	2269.000000	228.000000	0.026316
699.999000	gene 18	2165.000000	226.000000	0.035398
699.999000	gene 18.5	2137.000000	223.000000	0.026906
699.999000	gene 18.7	2188.000000	221.000000	0.009050
699.999000	gene 19	2081.000000	218.000000	0.220183
699.999000	gene 19.2	1983.000000	213.000000	0.028169
699.999000	gene 19.3	1919.000000	210.000000	0.019048
699.999000	gene 19.5	1814.000000	203.000000	0.024631
699.999000	gene 2.5	1344.000000	57.000000	0.105263
699.999000	gene 2.8	1296.000000	57.000000	0.070175
699.999000	gene 3	1250.000000	55.000000	0.072727
699.999000	gene 3.8	1464.000000	64.000000	0.000000
699.999000	gene 4.2	1482.000000	74.000000	0.054054
699.999000	gene 4.3	1570.000000	73.000000	0.013699
699.999000	gene 4.5	1684.000000	89.000000	0.000000
699.999000	gene 4.7	1692.000000	88.000000	0.034091
699.999000	gene 4A	1379.000000	64.000000	0.218750
699.999000	gene 5	1714.000000	95.000000	0.210526
699.999000	gene 5.3	1663.000000	90.000000	0.022222
699.999000	gene 5.5	1606.000000	90.000000	0.011111
699.999000	gene 5.7	1575.000000	89.000000	0.000000
699.999000	gene 5.9	1576.000000	89.000000	0.000000
699.999000	gene 6	1519.000000	88.000000	0.079545
699.999000	gene 6.3	1611.000000	85.000000	0.000000
699.999000	gene 6.5	2712.000000	159.000000	0.050314
699.999000	gene 6.7	2614.000000	159.000000	0.025157
699.999000	gene 7	2550.000000	157.000000	0.025478
699.999000	gene 7.3	2587.000000	157.000000	0.019108
699.999000	gene 7.7	2558.000000	155.000000	0.045161
699.999000	gene 8	2453.000000	152.000000	0.164474
699.999000	gene 9	5288.000000	333.000000	0.066066
699.999000	gp-2	542.000000	51.000000	0.019608
699.999000	lysozyme-3.5	745.000000	57.000000	0.017544
699.999000	nonpref_charged	2528.000000	0.000000	0.000000
699.999000	nonpref_uncharged	12472.000000	0.000000	0.000000
699.999000	pref_charged	22347.000000	0.000000	0.000000
699.999000	pref_uncharged	12653.000000	0.000000	0.000000
699.999000	protein_kinase-0.7	629.000000	11.000000	0.454545
699.999000	rnapol-1	0.000000	11.000000	3.545455
699.999000	rnapol-3.5	354.000000	0.000000	0.000000
704.999000	E. coli B promoter	1.000000	0.000000	0.000000
704.999000	E. coli C promoter	1.000000	0.000000	0.000000
704.999000	E. coli promoter A1	1.000000	0.000000	0.000000
704.999000	E. coli promoter A2	1.000000	0.000000	0.000000
704.999000	E. coli promoter A3	1.000000	0.000000	0.000000
704.999000	T7 promoter phi1.1A	1.000000	0.000000	0.000000
704.999000	T7 promoter phi1.1B	1.000000	0.000000	0.000000
704.999000	T7 promoter phi1.3	0.000000	0.000000	0.000000
704.999000	T7 promoter phi1.5	1.000000	0.000000	0.000000
704.999000	T7 promoter phi1.6	1.000000	0.000000	0.000000
704.999000	T7 promoter phi10	0.000000	0.000000	0.000000
704.999000	T7 promoter phi13	0.000000	0.000000	0.000000
704.999000	T7 promoter phi17	0.000000	0.000000	0.000000
704.999000	T7 promoter phi2.5	1.000000	0.000000	0.000000
704.999000	T7 promoter phi3.8	1.000000	0.000000	0.000000
704.999000	T7 promoter phi4.3	1.000000	0.000000	0.000000
704.999000	T7 promoter phi4.7	1.000000	0.000000	0.000000
704.999000	T7 promoter phi4c	1.000000	0.000000	0.000000
704.999000	T7 promoter phi6.5	0.000000	0.000000	0.000000
704.999000	T7 promoter phi9	0.000000	0.000000	0.000000
704.999000	__gene 0.3_rbs	11.000000	0.000000	0.000000
704.999000	__gene 1.1_rbs	30.000000	0.000000	0.000000
704.999000	__gene 1.2_rbs	21.000000	0.000000	0.000000
704.999000	__gene 1.3_rbs	34.000000	0.000000	0.000000
704.999000	__gene 1.4_rbs	31.000000	0.000000	0.000000
704.999000	__gene 1.7_rbs	52.000000	0.000000	0.000000
704.999000	__gene 1.8_rbs	50.000000	0.000000	0.000000
704.999000	__gene 10A_rbs	765.000000	0.000000	0.000000
704.999000	__gene 11_rbs	129.000000	0.000000	0.000000
704.999000	__gene 12_rbs	128.000000	0.000000	0.000000
704.999000	__gene 13_rbs	226.000000	0.000000	0.000000
704.999000	__gene 14_rbs	221.000000	0.000000	0.000000
704.999000	__gene 15_rbs	223.000000	0.000000	0.000000
704.999000	__gene 16_rbs	210.000000	0.000000	0.000000
704.999000	__gene 17.5_rbs	239.000000	0.000000	0.000000
704.999000	__gene 17_rbs	255.000000	0.000000	0.000000
704.999000	__gene 18.5_rbs	232.000000	0.000000	0.000000
704.999000	__gene 18.7_rbs	232.000000	0.000000	0.000000
704.999000	__gene 18_rbs	235.000000	0.000000	0.000000
704.999000	__gene 19.2_rbs	223.000000	0.000000	0.000000
704.999000	__gene 19.3_rbs	214.000000	0.000000	0.000000
704.999000	__gene 19.5_rbs	211.000000	0.000000	0.000000
704.999000	__gene 19_rbs	229.000000	0.000000	0.000000
704.999000	__gene 2.5_rbs	59.000000	0.000000	0.000000
704.999000	__gene 2.8_rbs	57.000000	0.000000	0.000000
704.999000	__gene 3.8_rbs	64.000000	0.000000	0.000000
704.999000	__gene 3_rbs	57.000000	0.000000	0.000000
704.999000	__gene 4.2_rbs	73.000000	0.000000	0.000000
704.999000	__gene 4.3_rbs	74.000000	0.000000	0.000000
704.999000	__gene 4.5_rbs	90.000000	0.000000	0.000000
704.999000	__gene 4.7_rbs	90.000000	0.000000	0.000000
704.999000	__gene 4A_rbs	65.000000	0.000000	0.000000
704.999000	__gene 5.3_rbs	93.000000	0.000000	0.000000
704.999000	__gene 5.5_rbs	93.000000	0.000000	0.000000
704.999000	__gene 5.7_rbs	91.000000	0.000000	0.000000
704.999000	__gene 5.9_rbs	89.000000	0.000000	0.000000
704.999000	__gene 5_rbs	96.000000	0.000000	0.000000
704.999000	__gene 6.3_rbs	87.000000	0.000000	0.000000
704.999000	__gene 6.5_rbs	162.000000	0.000000	0.000000
704.999000	__gene 6.7_rbs	159.000000	0.000000	0.000000
704.999000	__gene 6_rbs	90.000000	0.000000	0.000000
704.999000	__gene 7.3_rbs	159.000000	0.000000	0.000000
704.999000	__gene 7.7_rbs	158.000000	0.000000	0.000000
704.999000	__gene 7_rbs	157.000000	0.000000	0.000000
704.999000	__gene 8_rbs	156.000000	0.000000	0.000000
704.999000	__gene 9_rbs	339.000000	0.000000	0.000000
704.999000	__gp-2_rbs	52.000000	0.000000	0.000000
704.999000	__lysozyme-3.5_rbs	56.000000	0.000000	0.000000
704.999000	__protein_kinase-0.7_rbs	10.000000	0.000000	0.000000
704.999000	__ribosome	7.000000	0.000000	0.000000
704.999000	__rnapol-1_rbs	11.000000	0.000000	0.000000
704.999000	bound_ecolipol	0.000000	0.000000	0.000000
704.999000	bound_ecolipol_p	1239.000000	0.000000	0.000000
704.999000	bound_ribosome	8904.000000	0.000000	0.000000
704.999000	degraded_transcript	22008.000000	0.000000	0.000000
704.999000	ecoli_genome	561.000000	0.000000	0.000000
704.999000	ecoli_transcript	25372.000000	0.000000	0.000000
704.999000	ecolipol	0.000000	0.000000	0.000000
704.999000	ecolipol-2	0.000000	0.000000	0.000000
704.999000	ecolipol-2-p	548.000000	0.000000	0.000000
704.999000	ecolipol-p	11.000000	0.000000	0.000000
704.999000	gene 0.3	643.000000	11.000000	0.000000
704.999000	gene 1.1	1147.000000	35.000000	0.285714
704.999000	gene 1.2	844.000000	25.000000	3.800000
704.999000	gene 1.3	751.000000	42.000000	7.690476
704.999000	gene 1.4	743.000000	31.000000	0.032258
704.999000	gene 1.7	1205.000000	52.000000	0.115385
704.999000	gene 1.8	1191.000000	52.000000	0.057692
704.999000	gene 10A	11685.000000	765.000000	0.065359
704.999000	gene 11	1850.000000	129.000000	0.100775
704.999000	gene 12	1731.000000	128.000000	0.304688
704.999000	gene 13	2981.000000	227.000000	0.052863
704.999000	gene 14	2690.000000	225.000000	0.066667
704.999000	gene 15	2660.000000	223.000000	0.264574
704.999000	gene 16	2191.000000	212.000000	0.419811
704.999000	gene 17	2600.000000	256.000000	0.226562
704.999000	gene 17.5	2411.000000	240.000000	0.025000
704.999000	gene 18	2331.000000	238.000000	0.046218
704.999000	gene 18.5	2281.000000	234.000000	0.064103
704.999000	gene 18.7	2334.000000	233.000000	0.021459
704.999000	gene 19	2230.000000	230.000000	0.186957
704.999000	gene 19.2	2140.000000	223.000000	0.022422
704.999000	gene 19.3	2060.000000	218.000000	0.045872
704.999000	gene 19.5	1961.000000	212.000000	0.014151
704.999000	gene 2.5	1384.000000	59.000000	0.033898
704.999000	gene 2.8	1343.000000	57.000000	0.070175
704.999000	gene 3	1283.000000	57.000000	0.035088
704.999000	gene 3.8	1502.000000	65.000000	0.030769
704.999000	gene 4.2	1525.000000	75.000000	0.053333
704.999000	gene 4.3	1634.000000	75.000000	0.013333
704.999000	gene 4.5	1745.000000	90.000000	0.033333
704.999000	gene 4.7	1755.000000	90.000000	0.044444
704.999000	gene 4A	1414.000000	65.000000	0.184615
704.999000	gene 5	1776.000000	96.000000	0.333333
704.999000	gene 5.3	1728.000000	93.000000	0.032258
704.999000	gene 5.5	1666.000000	93.000000	0.021505
704.999000	gene 5.7	1633.000000	92.000000	0.043478
704.999000	gene 5.9	1641.000000	90.000000	0.011111
704.999000	gene 6	1586.000000	90.000000	0.077778
704.999000	gene 6.3	1683.000000	87.000000	0.022989
704.999000	gene 6.5	2829.000000	162.000000	0.018519
704.999000	gene 6.7	2734.000000	161.000000	0.037267
704.999000	gene 7	2663.000000	160.000000	0.043750
704.999000	gene 7.3	2684.000000	159.000000	0.031447
704.999000	gene 7.7	2664.000000	159.000000	0.050314
704.999000	gene 8	2557.000000	157.000000	0.203822
704.999000	gene 9	5512.000000	341.000000	0.061584
704.999000	gp-2	573.000000	52.000000	0.000000
704.999000	lysozyme-3.5	779.000000	57.000000	0.052632
704.999000	nonpref_charged	2468.000000	0.000000	0.000000
704.999000	nonpref_uncharged	12532.000000	0.000000	0.000000
704.999000	pref_charged	22822.000000	0.000000	0.000000
704.999000	pref_uncharged	12178.000000	0.000000	0.000000
704.999000	protein_kinase-0.7	640.000000	11.000000	0.545455
704.999000	rnapol-1	0.000000	11.000000	3.818182
704.999000	rnapol-3.5	355.000000	0.000000	0.000000
709.999002	E. coli B promoter	1.000000	0.000000	0.000000
709.999002	E. coli C promoter	1.000000	0.000000	0.000000
709.999002	E. coli promoter A1	1.000000	0.000000	0.000000
709.999002	E. coli promoter A2	1.000000	0.000000	0.000000
709.999002	E. coli promoter A3	1.000000	0.000000	0.000000
709.999002	T7 promoter phi1.1A	1.000000	0.000000	0.000000
709.999002	T7 promoter phi1.1B	1.000000	0.000000	0.000000
709.999002	T7 promoter phi1.3	1.000000	0.000000	0.000000
709.999002	T7 promoter phi1.5	1.000000	0.000000	0.000000
709.999002	T7 promoter phi1.6	1.000000	0.000000	0.000000
709.999002	T7 promoter phi10	0.000000	0.000000	0.000000
709.999002	T7 promoter phi13	1.000000	0.000000	0.000000
709.999002	T7 promoter phi17	0.000000	0.000000	0.000000
709.999002	T7 promoter phi2.5	1.000000	0.000000	0.000000
709.999002	T7 promoter phi3.8	1.000000	0.000000	0.000000
709.999002	T7 promoter phi4.3	1.000000	0.000000	0.000000
709.999002	T7 promoter phi4.7	1.000000	0.000000	0.000000
709.999002	T7 promoter phi4c	1.000000	0.000000	0.000000
709.999002	T7 promoter phi6.5	1.000000	0.000000	0.000000
709.999002	T7 promoter phi9	1.000000	0.000000	0.000000
709.999002	__gene 0.3_rbs	11.000000	0.000000	0.000000
709.999002	__gene 1.1_rbs	30.000000	0.000000	0.000000
709.999002	__gene 1.2_rbs	21.000000	0.000000	0.000000
709.999002	__gene 1.3_rbs	35.000000	0.000000	0.000000
709.999002	__gene 1.4_rbs	31.000000	0.000000	0.000000
709.999002	__gene 1.7_rbs	53.000000	0.000000	0.000000
709.999002	__gene 1.8_rbs	52.000000	0.000000	0.000000
709.999002	__gene 10A_rbs	781.000000	0.000000	0.000000
709.999002	__gene 11_rbs	130.000000	0.000000	0.000000
709.999002	__gene 12_rbs	129.000000	0.000000	0.000000
709.999002	__gene 13_rbs	233.000000	0.000000	0.000000
709.999002	__gene 14_rbs	230.000000	0.000000	0.000000
709.999002	__gene 15_rbs	226.000000	0.000000	0.000000
709.999002	__gene 16_rbs	217.000000	0.000000	0.000000
709.999002	__gene 17.5_rbs	249.000000	0.000000	0.000000
709.999002	__gene 17_rbs	264.000000	0.000000	0.000000
709.999002	__gene 18.5_rbs	245.000000	0.000000	0.000000
709.999002	__gene 18.7_rbs	243.000000	0.000000	0.000000
709.999002	__gene 18_rbs	247.000000	0.000000	0.000000
709.999002	__gene 19.2_rbs	234.000000	0.000000	0.000000
709.999002	__gene 19.3_rbs	227.000000	0.000000	0.000000
709.999002	__gene 19.5_rbs	221.000000	0.000000	0.000000
709.999002	__gene 19_rbs	240.000000	0.000000	0.000000
709.999002	__gene 2.5_rbs	59.000000	0.000000	0.000000
709.999002	__gene 2.8_rbs	59.000000	0.000000	0.000000
709.999002	__gene 3.8_rbs	65.000000	0.000000	0.000000
709.999002	__gene 3_rbs	59.000000	0.000000	0.000000
709.999002	__gene 4.2_rbs	76.000000	0.000000	0.000000
709.999002	__gene 4.3_rbs	76.000000	0.000000	0.000000
709.999002	__gene 4.5_rbs	92.000000	0.000000	0.000000
709.999002	__gene 4.7_rbs	92.000000	0.000000	0.000000
709.999002	__gene 4A_rbs	64.000000	0.000000	0.000000
709.999002	__gene 5.3_rbs	95.000000	0.000000	0.000000
709.999002	__gene 5.5_rbs	92.000000	0.000000	0.000000
709.999002	__gene 5.7_rbs	94.000000	0.000000	0.000000
709.999002	__gene 5.9_rbs	94.000000	0.000000	0.000000
709.999002	__gene 5_rbs	99.000000	0.000000	0.000000
709.999002	__gene 6.3_rbs	89.000000	0.000000	0.000000
709.999002	__gene 6.5_rbs	165.000000	0.000000	0.000000
709.999002	__gene 6.7_rbs	163.000000	0.000000	0.000000
709.999002	__gene 6_rbs	93.000000	0.000000	0.000000
709.999002	__gene 7.3_rbs	163.000000	0.000000	0.000000
709.999002	__gene 7.7_rbs	162.000000	0.000000	0.000000
709.999002	__gene 7_rbs	162.000000	0.000000	0.000000
709.999002	__gene 8_rbs	158.000000	0.000000	0.000000
709.999002	__gene 9_rbs	353.000000	0.000000	0.000000
709.999002	__gp-2_rbs	51.000000	0.000000	0.000000
709.999002	__lysozyme-3.5_rbs	58.000000	0.000000	0.000000
709.999002	__protein_kinase-0.7_rbs	10.000000	0.000000	0.000000
709.999002	__ribosome	5.000000	0.000000	0.000000
709.999002	__rnapol-1_rbs	11.000000	0.000000	0.000000
709.999002	bound_ecolipol	0.000000	0.000000	0.000000
709.999002	bound_ecolipol_p	1234.000000	0.000000	0.000000
709.999002	bound_ribosome	8881.000000	0.000000	0.000000
709.999002	degraded_transcript	22246.000000	0.000000	0.000000
709.999002	ecoli_genome	566.000000	0.000000	0.000000
709.999002	ecoli_transcript	25395.000000	0.000000	0.000000
709.999002	ecolipol	0.000000	0.000000	0.000000
709.999002	ecolipol-2	0.000000	0.000000	0.000000
709.999002	ecolipol-2-p	549.000000	0.000000	0.000000
709.999002	ecolipol-p	15.000000	0.000000	0.000000
709.999002	gene 0.3	650.000000	11.000000	0.181818
709.999002	gene 1.1	1164.000000	35.000000	0.314286
709.999002	gene 1.2	851.000000	25.000000	3.960000
709.999002	gene 1.3	771.000000	43.000000	7.627907
709.999002	gene 1.4	765.000000	31.000000	0.000000
709.999002	gene 1.7	1245.000000	53.000000	0.000000
709.999002	gene 1.8	1227.000000	52.000000	0.038462
709.999002	gene 10A	12220.000000	786.000000	0.071247
709.999002	gene 11	1932.000000	131.000000	0.053435
709.999002	gene 12	1820.000000	130.000000	0.307692
709.999002	gene 13	3126.000000	234.000000	0.072650
709.999002	gene 14	2834.000000	232.000000	0.073276
709.999002	gene 15	2812.000000	227.000000	0.198238
709.999002	gene 16	2306.000000	219.000000	0.534247
709.999002	gene 17	2761.000000	265.000000	0.215094
709.999002	gene 17.5	2553.000000	249.000000	0.032129
709.999002	gene 18	2523.000000	248.000000	0.032258
709.999002	gene 18.5	2435.000000	246.000000	0.056911
709.999002	gene 18.7	2517.000000	245.000000	0.028571
709.999002	gene 19	2379.000000	242.000000	0.223140
709.999002	gene 19.2	2272.000000	234.000000	0.029915
709.999002	gene 19.3	2197.000000	229.000000	0.021834
709.999002	gene 19.5	2105.000000	221.000000	0.013575
709.999002	gene 2.5	1408.000000	59.000000	0.084746
709.999002	gene 2.8	1379.000000	59.000000	0.016949
709.999002	gene 3	1310.000000	59.000000	0.033898
709.999002	gene 3.8	1522.000000	65.000000	0.076923
709.999002	gene 4.2	1580.000000	76.000000	0.039474
709.999002	gene 4.3	1683.000000	76.000000	0.000000
709.999002	gene 4.5	1807.000000	92.000000	0.021739
709.999002	gene 4.7	1810.000000	92.000000	0.032609
709.999002	gene 4A	1456.000000	65.000000	0.153846
709.999002	gene 5	1867.000000	99.000000	0.212121
709.999002	gene 5.3	1785.000000	95.000000	0.042105
709.999002	gene 5.5	1743.000000	95.000000	0.073684
709.999002	gene 5.7	1688.000000	93.000000	0.021505
709.999002	gene 5.9	1690.000000	94.000000	0.000000
709.999002	gene 6	1643.000000	94.000000	0.095745
709.999002	gene 6.3	1746.000000	89.000000	0.022472
709.999002	gene 6.5	2921.000000	165.000000	0.024242
709.999002	gene 6.7	2844.000000	164.000000	0.042683
709.999002	gene 7	2773.000000	164.000000	0.042683
709.999002	gene 7.3	2800.000000	163.000000	0.030675
709.999002	gene 7.7	2775.000000	162.000000	0.055556
709.999002	gene 8	2648.000000	159.000000	0.113208
709.999002	gene 9	5746.000000	353.000000	0.113314
709.999002	gp-2	600.000000	52.000000	0.019231
709.999002	lysozyme-3.5	821.000000	58.000000	0.017241
709.999002	nonpref_charged	2432.000000	0.000000	0.000000
709.999002	nonpref_uncharged	12568.000000	0.000000	0.000000
709.999002	pref_charged	22721.000000	0.000000	0.000000
709.999002	pref_uncharged	12279.000000	0.000000	0.000000
709.999002	protein_kinase-0.7	650.000000	11.000000	0.090909
709.999002	rnapol-1	0.000000	11.000000	3.727273
709.999002	rnapol-3.5	361.000000	0.000000	0.000000
714.999001	E. coli B promoter	1.000000	0.000000	0.000000
714.999001	E. coli C promoter	1.000000	0.000000	0.000000
714.999001	E. coli promoter A1	1.000000	0.000000	0.000000
714.999001	E. coli promoter A2	1.000000	0.000000	0.000000
714.999001	E. coli promoter A3	1.000000	0.000000	0.000000
714.999001	T7 promoter phi1.1A	1.000000	0.000000	0.000000
714.999001	T7 promoter phi1.1B	1.000000	0.000000	0.000000
714.999001	T7 promoter phi1.3	1.000000	0.000000	0.000000
714.999001	T7 promoter phi1.5	1.000000	0.000000	0.000000
714.999001	T7 promoter phi1.6	1.000000	0.000000	0.000000
714.999001	T7 promoter phi10	1.000000	0.000000	0.000000
714.999001	T7 promoter phi13	1.000000	0.000000	0.000000
714.999001	T7 promoter phi17	0.000000	0.000000	0.000000
714.999001	T7 promoter phi2.5	1.000000	0.000000	0.000000
714.999001	T7 promoter phi3.8	1.000000	0.000000	0.000000
714.999001	T7 promoter phi4.3	1.000000	0.000000	0.000000
714.999001	T7 promoter phi4.7	1.000000	0.000000	0.000000
714.999001	T7 promoter phi4c	1.000000	0.000000	0.000000
714.999001	T7 promoter phi6.5	1.000000	0.000000	0.000000
714.999001	T7 promoter phi9	0.000000	0.000000	0.000000
714.999001	__gene 0.3_rbs	11.000000	0.000000	0.000000
714.999001	__gene 1.1_rbs	30.000000	0.000000	0.000000
714.999001	__gene 1.2_rbs	21.000000	0.000000	0.000000
714.999001	__gene 1.3_rbs	36.000000	0.000000	0.000000
714.999001	__gene 1.4_rbs	31.000000	0.000000	0.000000
714.999001	__gene 1.7_rbs	53.000000	0.000000	0.000000
714.999001	__gene 1.8_rbs	51.000000	0.000000	0.000000
714.999001	__gene 10A_rbs	799.000000	0.000000	0.000000
714.999001	__gene 11_rbs	130.000000	0.000000	0.000000
714.999001	__gene 12_rbs	131.000000	0.000000	0.000000
714.999001	__gene 13_rbs	236.000000	0.000000	0.000000
714.999001	__gene 14_rbs	232.000000	0.000000	0.000000
714.999001	__gene 15_rbs	233.000000	0.000000	0.000000
714.999001	__gene 16_rbs	223.000000	0.000000	0.000000
714.999001	__gene 17.5_rbs	260.000000	0.000000	0.000000
714.999001	__gene 17_rbs	276.000000	0.000000	0.000000
714.999001	__gene 18.5_rbs	252.000000	0.000000	0.000000
714.999001	__gene 18.7_rbs	252.000000	0.000000	0.000000
714.999001	__gene 18_rbs	254.000000	0.000000	0.000000
714.999001	__gene 19.2_rbs	240.000000	0.000000	0.000000
714.999001	__gene 19.3_rbs	240.000000	0.000000	0.000000
714.999001	__gene 19.5_rbs	232.000000	0.000000	0.000000
714.999001	__gene 19_rbs	248.000000	0.000000	0.000000
714.999001	__gene 2.5_rbs	60.000000	0.000000	0.000000
714.999001	__gene 2.8_rbs	59.000000	0.000000	0.000000
714.999001	__gene 3.8_rbs	66.000000	0.000000	0.000000
714.999001	__gene 3_rbs	58.000000	0.000000	0.000000
714.999001	__gene 4.2_rbs	74.000000	0.000000	0.000000
714.999001	__gene 4.3_rbs	76.000000	0.000000	0.000000
714.999001	__gene 4.5_rbs	93.000000	0.000000	0.000000
714.999001	__gene 4.7_rbs	93.000000	0.000000	0.000000
714.999001	__gene 4A_rbs	66.000000	0.000000	0.000000
714.999001	__gene 5.3_rbs	96.000000	0.000000	0.000000
714.999001	__gene 5.5_rbs	95.000000	0.000000	0.000000
714.999001	__gene 5.7_rbs	94.000000	0.000000	0.000000
714.999001	__gene 5.9_rbs	94.000000	0.000000	0.000000
714.999001	__gene 5_rbs	99.000000	0.000000	0.000000
714.999001	__gene 6.3_rbs	93.000000	0.000000	0.000000
714.999001	__gene 6.5_rbs	168.000000	0.000000	0.000000
714.999001	__gene 6.7_rbs	168.000000	0.000000	0.000000
714.999001	__gene 6_rbs	94.000000	0.000000	0.000000
714.999001	__gene 7.3_rbs	165.000000	0.000000	0.000000
714.999001	__gene 7.7_rbs	164.000000	0.000000	0.000000
714.999001	__gene 7_rbs	166.000000	0.000000	0.000000
714.999001	__gene 8_rbs	163.000000	0.000000	0.000000
714.999001	__gene 9_rbs	357.000000	0.000000	0.000000
714.999001	__gp-2_rbs	53.000000	0.000000	0.000000
714.999001	__lysozyme-3.5_rbs	59.000000	0.000000	0.000000
714.999001	__protein_kinase-0.7_rbs	11.000000	0.000000	0.000000
714.999001	__ribosome	6.000000	0.000000	0.000000
714.999001	__rnapol-1_rbs	11.000000	0.000000	0.000000
714.999001	bound_ecolipol	0.000000	0.000000	0.000000
714.999001	bound_ecolipol_p	1220.000000	0.000000	0.000000
714.999001	bound_ribosome	8864.000000	0.000000	0.000000
714.999001	degraded_transcript	22500.000000	0.000000	0.000000
714.999001	ecoli_genome	580.000000	0.000000	0.000000
714.999001	ecoli_transcript	25388.000000	0.000000	0.000000
714.999001	ecolipol	0.000000	0.000000	0.000000
714.999001	ecolipol-2	0.000000	0.000000	0.000000
714.999001	ecolipol-2-p	558.000000	0.000000	0.000000
714.999001	ecolipol-p	20.000000	0.000000	0.000000
714.999001	gene 0.3	661.000000	11.000000	0.090909
714.999001	gene 1.1	1186.000000	35.000000	0.285714
714.999001	gene 1.2	861.000000	25.000000	3.880000
714.999001	gene 1.3	795.000000	44.000000	7.636364
714.999001	gene 1.4	786.000000	31.000000	0.000000
714.999001	gene 1.7	1285.000000	53.000000	0.150943
714.999001	gene 1.8	1254.000000	52.000000	0.000000
714.999001	gene 10A	12758.000000	802.000000	0.079800
714.999001	gene 11	2005.000000	132.000000	0.128788
714.999001	gene 12	1904.000000	131.000000	0.259542
714.999001	gene 13	3280.000000	237.000000	0.037975
714.999001	gene 14	2983.000000	236.000000	0.055085
714.999001	gene 15	2947.000000	233.000000	0.180258
714.999001	gene 16	2458.000000	223.000000	0.493274
714.999001	gene 17	2927.000000	276.000000	0.177536
714.999001	gene 17.5	2733.000000	261.000000	0.026820
714.999001	gene 18	2684.000000	259.000000	0.027027
714.999001	gene 18.5	2602.000000	255.000000	0.066667
714.999001	gene 18.7	2689.000000	254.000000	0.023622
714.999001	gene 19	2538.000000	249.000000	0.204819
714.999001	gene 19.2	2428.000000	246.000000	0.044715
714.999001	gene 19.3	2367.000000	241.000000	0.024896
714.999001	gene 19.5	2237.000000	233.000000	0.017167
714.999001	gene 2.5	1447.000000	60.000000	0.116667
714.999001	gene 2.8	1420.000000	59.000000	0.050847
714.999001	gene 3	1347.000000	59.000000	0.050847
714.999001	gene 3.8	1565.000000	67.000000	0.074627
714.999001	gene 4.2	1629.000000	76.000000	0.039474
714.999001	gene 4.3	1736.000000	76.000000	0.026316
714.999001	gene 4.5	1862.000000	93.000000	0.000000
714.999001	gene 4.7	1879.000000	93.000000	0.000000
714.999001	gene 4A	1498.000000	66.000000	0.151515
714.999001	gene 5	1929.000000	100.000000	0.250000
714.999001	gene 5.3	1833.000000	97.000000	0.020619
714.999001	gene 5.5	1814.000000	96.000000	0.031250
714.999001	gene 5.7	1741.000000	94.000000	0.042553
714.999001	gene 5.9	1752.000000	95.000000	0.010526
714.999001	gene 6	1696.000000	95.000000	0.063158
714.999001	gene 6.3	1810.000000	94.000000	0.021277
714.999001	gene 6.5	3015.000000	169.000000	0.035503
714.999001	gene 6.7	2973.000000	168.000000	0.041667
714.999001	gene 7	2882.000000	168.000000	0.029762
714.999001	gene 7.3	2924.000000	166.000000	0.042169
714.999001	gene 7.7	2880.000000	165.000000	0.090909
714.999001	gene 8	2745.000000	164.000000	0.164634
714.999001	gene 9	5995.000000	358.000000	0.100559
714.999001	gp-2	630.000000	53.000000	0.037736
714.999001	lysozyme-3.5	857.000000	59.000000	0.000000
714.999001	nonpref_charged	2288.000000	0.000000	0.000000
714.999001	nonpref_uncharged	12712.000000	0.000000	0.000000
714.999001	pref_charged	22286.000000	0.000000	0.000000
714.999001	pref_uncharged	12714.000000	0.000000	0.000000
714.999001	protein_kinase-0.7	654.000000	11.000000	0.272727
714.999001	rnapol-1	0.000000	11.000000	4.272727
714.999001	rnapol-3.5	380.000000	0.000000	0.000000
719.999000	E. coli B promoter	1.000000	0.000000	0.000000
719.999000	E. coli C promoter	1.000000	0.000000	0.000000
719.999000	E. coli promoter A1	1.000000	0.000000	0.000000
719.999000	E. coli promoter A2	1.000000	0.000000	0.000000
719.999000	E. coli promoter A3	1.000000	0.000000	0.000000
719.999000	T7 promoter phi1.1A	1.000000	0.000000	0.000000
719.999000	T7 promoter phi1.1B	1.000000	0.000000	0.000000
719.999000	T7 promoter phi1.3	1.000000	0.000000	0.000000
719.999000	T7 promoter phi1.5	1.000000	0.000000	0.000000
719.999000	T7 promoter phi1.6	1.000000	0.000000	0.000000
719.999000	T7 promoter phi10	0.000000	0.000000	0.000000
719.999000	T7 promoter phi13	1.000000	0.000000	0.000000
719.999000	T7 promoter phi17	0.000000	0.000000	0.000000
719.999000	T7 promoter phi2.5	1.000000	0.000000	0.000000
719.999000	T7 promoter phi3.8	1.000000	0.000000	0.000000
719.999000	T7 promoter phi4.3	0.000000	0.000000	0.000000
719.999000	T7 promoter phi4.7	1.000000	0.000000	0.000000
719.999000	T7 promoter phi4c	1.000000	0.000000	0.000000
719.999000	T7 promoter phi6.5	1.000000	0.000000	0.000000
719.999000	T7 promoter phi9	0.000000	0.000000	0.000000
719.999000	__gene 0.3_rbs	11.000000	0.000000	0.000000
719.999000	__gene 1.1_rbs	30.000000	0.000000	0.000000
719.999000	__gene 1.2_rbs	21.000000	0.000000	0.000000
719.999000	__gene 1.3_rbs	36.000000	0.000000	0.000000
719.999000	__gene 1.4_rbs	31.000000	0.000000	0.000000
719.999000	__gene 1.7_rbs	53.000000	0.000000	0.000000
719.999000	__gene 1.8_rbs	52.000000	0.000000	0.000000
719.999000	__gene 10A_rbs	817.000000	0.000000	0.000000
719.999000	__gene 11_rbs	134.000000	0.000000	0.000000
719.999000	__gene 12_rbs	133.000000	0.000000	0.000000
719.999000	__gene 13_rbs	241.000000	0.000000	0.000000
719.999000	__gene 14_rbs	240.000000	0.000000	0.000000
719.999000	__gene 15_rbs	236.000000	0.000000	0.000000
719.999000	__gene 16_rbs	225.000000	0.000000	0.000000
719.999000	__gene 17.5_rbs	269.000000	0.000000	0.000000
719.999000	__gene 17_rbs	286.000000	0.000000	0.000000
719.999000	__gene 18.5_rbs	264.000000	0.000000	0.000000
719.999000	__gene 18.7_rbs	260.000000	0.000000	0.000000
719.999000	__gene 18_rbs	268.000000	0.000000	0.000000
719.999000	__gene 19.2_rbs	253.000000	0.000000	0.000000
719.999000	__gene 19.3_rbs	244.000000	0.000000	0.000000
719.999000	__gene 19.5_rbs	242.000000	0.000000	0.000000
719.999000	__gene 19_rbs	260.000000	0.000000	0.000000
719.999000	__gene 2.5_rbs	59.000000	0.000000	0.000000
719.999000	__gene 2.8_rbs	60.000000	0.000000	0.000000
719.999000	__gene 3.8_rbs	66.000000	0.000000	0.000000
719.999000	__gene 3_rbs	59.000000	0.000000	0.000000
719.999000	__gene 4.2_rbs	76.000000	0.000000	0.000000
719.999000	__gene 4.3_rbs	76.000000	0.000000	0.000000
719.999000	__gene 4.5_rbs	94.000000	0.000000	0.000000
719.999000	__gene 4.7_rbs	93.000000	0.000000	0.000000
719.999000	__gene 4A_rbs	67.000000	0.000000	0.000000
719.999000	__gene 5.3_rbs	99.000000	0.000000	0.000000
719.999000	__gene 5.5_rbs	99.000000	0.000000	0.000000
719.999000	__gene 5.7_rbs	96.000000	0.000000	0.000000
719.999000	__gene 5.9_rbs	97.000000	0.000000	0.000000
719.999000	__gene 5_rbs	100.000000	0.000000	0.000000
719.999000	__gene 6.3_rbs	93.000000	0.000000	0.000000
719.999000	__gene 6.5_rbs	168.000000	0.000000	0.000000
719.999000	__gene 6.7_rbs	171.000000	0.000000	0.000000
719.999000	__gene 6_rbs	96.000000	0.000000	0.000000
719.999000	__gene 7.3_rbs	168.000000	0.000000	0.000000
719.999000	__gene 7.7_rbs	167.000000	0.000000	0.000000
719.999000	__gene 7_rbs	171.000000	0.000000	0.000000
719.999000	__gene 8_rbs	165.000000	0.000000	0.000000
719.999000	__gene 9_rbs	371.000000	0.000000	0.000000
719.999000	__gp-2_rbs	52.000000	0.000000	0.000000
719.999000	__lysozyme-3.5_rbs	59.000000	0.000000	0.000000
719.999000	__protein_kinase-0.7_rbs	11.000000	0.000000	0.000000
719.999000	__ribosome	4.000000	0.000000	0.000000
719.999000	__rnapol-1_rbs	11.000000	0.000000	0.000000
719.999000	bound_ecolipol	0.000000	0.000000	0.000000
719.999000	bound_ecolipol_p	1206.000000	0.000000	0.000000
719.999000	bound_ribosome	8808.000000	0.000000	0.000000
719.999000	degraded_transcript	22738.000000	0.000000	0.000000
719.999000	ecoli_genome	594.000000	0.000000	0.000000
719.999000	ecoli_transcript	25450.000000	0.000000	0.000000
719.999000	ecolipol	0.000000	0.000000	0.000000
719.999000	ecolipol-2	0.000000	0.000000	0.000000
719.999000	ecolipol-2-p	577.000000	0.000000	0.000000
719.999000	ecolipol-p	15.000000	0.000000	0.000000
719.999000	gene 0.3	667.000000	11.000000	0.000000
719.999000	gene 1.1	1198.000000	35.000000	0.285714
719.999000	gene 1.2	869.000000	25.000000	4.080000
719.999000	gene 1.3	821.000000	44.000000	7.659091
719.999000	gene 1.4	808.000000	31.000000	0.032258
719.999000	gene 1.7	1326.000000	53.000000	0.037736
719.999000	gene 1.8	1295.000000	53.000000	0.056604
719.999000	gene 10A	13300.000000	820.000000	0.078049
719.999000	gene 11	2093.000000	134.000000	0.052239
719.999000	gene 12	1984.000000	133.000000	0.270677
719.999000	gene 13	3436.000000	243.000000	0.049383
719.999000	gene 14	3127.000000	241.000000	0.062241
719.999000	gene 15	3073.000000	236.000000	0.275424
719.999000	gene 16	2596.000000	227.000000	0.515419
719.999000	gene 17	3088.000000	288.000000	0.190972
719.999000	gene 17.5	2892.000000	270.000000	0.025926
719.999000	gene 18	2853.000000	270.000000	0.025926
719.999000	gene 18.5	2774.000000	265.000000	0.064151
719.999000	gene 18.7	2849.000000	265.000000	0.033962
719.999000	gene 19	2695.000000	262.000000	0.255725
719.999000	gene 19.2	2596.000000	255.000000	0.019608
719.999000	gene 19.3	2525.000000	249.000000	0.028112
719.999000	gene 19.5	2365.000000	244.000000	0.028689
719.999000	gene 2.5	1484.000000	60.000000	0.016667
719.999000	gene 2.8	1451.000000	60.000000	0.033333
719.999000	gene 3	1379.000000	60.000000	0.100000
719.999000	gene 3.8	1620.000000	68.000000	0.058824
719.999000	gene 4.2	1673.000000	77.000000	0.012987
719.999000	gene 4.3	1776.000000	76.000000	0.013158
719.999000	gene 4.5	1929.000000	94.000000	0.010638
719.999000	gene 4.7	1928.000000	93.000000	0.043011
719.999000	gene 4A	1532.000000	68.000000	0.176471
719.999000	gene 5	1999.000000	100.000000	0.140000
719.999000	gene 5.3	1884.000000	99.000000	0.030303
719.999000	gene 5.5	1881.000000	99.000000	0.040404
719.999000	gene 5.7	1819.000000	97.000000	0.000000
719.999000	gene 5.9	1816.000000	96.000000	0.010417
719.999000	gene 6	1770.000000	97.000000	0.113402
719.999000	gene 6.3	1874.000000	95.000000	0.031579
719.999000	gene 6.5	3127.000000	171.000000	0.035088
719.999000	gene 6.7	3081.000000	171.000000	0.023392
719.999000	gene 7	2986.000000	169.000000	0.059172
719.999000	gene 7.3	3028.000000	169.000000	0.029586
719.999000	gene 7.7	3002.000000	168.000000	0.053571
719.999000	gene 8	2836.000000	168.000000	0.273810
719.999000	gene 9	6216.000000	373.000000	0.096515
719.999000	gp-2	650.000000	53.000000	0.056604
719.999000	lysozyme-3.5	885.000000	59.000000	0.000000
719.999000	nonpref_charged	2204.000000	0.000000	0.000000
719.999000	nonpref_uncharged	12796.000000	0.000000	0.000000
719.999000	pref_charged	22379.000000	0.000000	0.000000
719.999000	pref_uncharged	12621.000000	0.000000	0.000000
719.999000	protein_kinase-0.7	663.000000	11.000000	0.090909
719.999000	rnapol-1	0.000000	11.000000	4.363636
719.999000	rnapol-3.5	375.000000	0.000000	0.000000
724.999001	E. coli B promoter	1.000000	0.000000	0.000000
724.999001	E. coli C promoter	1.000000	0.000000	0.000000
724.999001	E. coli promoter A1	1.000000	0.000000	0.000000
724.999001	E. coli promoter A2	1.000000	0.000000	0.000000
724.999001	E. coli promoter A3	1.000000	0.000000	0.000000
724.999001	T7 promoter phi1.1A	1.000000	0.000000	0.000000
724.999001	T7 promoter phi1.1B	1.000000	0.000000	0.000000
724.999001	T7 promoter phi1.3	1.000000	0.000000	0.000000
724.999001	T7 promoter phi1.5	1.000000	0.000000	0.000000
724.999001	T7 promoter phi1.6	0.000000	0.000000	0.000000
724.999001	T7 promoter phi10	1.000000	0.000000	0.000000
724.999001	T7 promoter phi13	1.000000	0.000000	0.000000
724.999001	T7 promoter phi17	0.000000	0.000000	0.000000
724.999001	T7 promoter phi2.5	1.000000	0.000000	0.000000
724.999001	T7 promoter phi3.8	1.000000	0.000000	0.000000
724.999001	T7 promoter phi4.3	1.000000	0.000000	0.000000
724.999001	T7 promoter phi4.7	1.000000	0.000000	0.000000
724.999001	T7 promoter phi4c	1.000000	0.000000	0.000000
724.999001	T7 promoter phi6.5	1.000000	0.000000	0.000000
724.999001	T7 promoter phi9	0.000000	0.000000	0.000000
724.999001	__gene 0.3_rbs	11.000000	0.000000	0.000000
724.999001	__gene 1.1_rbs	30.000000	0.000000	0.000000
724.999001	__gene 1.2_rbs	21.000000	0.000000	0.000000
724.999001	__gene 1.3_rbs	35.000000	0.000000	0.000000
724.999001	__gene 1.4_rbs	34.000000	0.000000	0.000000
724.999001	__gene 1.7_rbs	53.000000	0.000000	0.000000
724.999001	__gene 1.8_rbs	52.000000	0.000000	0.000000
724.999001	__gene 10A_rbs	838.000000	0.000000	0.000000
724.999001	__gene 11_rbs	135.000000	0.000000	0.000000
724.999001	__gene 12_rbs	134.000000	0.000000	0.000000
724.999001	__gene 13_rbs	246.000000	0.000000	0.000000
724.999001	__gene 14_rbs	243.000000	0.000000	0.000000
724.999001	__gene 15_rbs	243.000000	0.000000	0.000000
724.999001	__gene 16_rbs	233.000000	0.000000	0.000000
724.999001	__gene 17.5_rbs	283.000000	0.000000	0.000000
724.999001	__gene 17_rbs	300.000000	0.000000	0.000000
724.999001	__gene 18.5_rbs	275.000000	0.000000	0.000000
724.999001	__gene 18.7_rbs	273.000000	0.000000	0.000000
724.999001	__gene 18_rbs	280.000000	0.000000	0.000000
724.999001	__gene 19.2_rbs	263.000000	0.000000	0.000000
724.999001	__gene 19.3_rbs	258.000000	0.000000	0.000000
724.999001	__gene 19.5_rbs	252.000000	0.000000	0.000000
724.999001	__gene 19_rbs	267.000000	0.000000	0.000000
724.999001	__gene 2.5_rbs	60.000000	0.000000	0.000000
724.999001	__gene 2.8_rbs	60.000000	0.000000	0.000000
724.999001	__gene 3.8_rbs	69.000000	0.000000	0.000000
724.999001	__gene 3_rbs	60.000000	0.000000	0.000000
724.999001	__gene 4.2_rbs	79.000000	0.000000	0.000000
724.999001	__gene 4.3_rbs	78.000000	0.000000	0.000000
724.999001	__gene 4.5_rbs	96.000000	0.000000	0.000000
724.999001	__gene 4.7_rbs	95.000000	0.000000	0.000000
724.999001	__gene 4A_rbs	67.000000	0.000000	0.000000
724.999001	__gene 5.3_rbs	99.000000	0.000000	0.000000
724.999001	__gene 5.5_rbs	100.000000	0.000000	0.000000
724.999001	__gene 5.7_rbs	98.000000	0.000000	0.000000
724.999001	__gene 5.9_rbs	98.000000	0.000000	0.000000
724.999001	__gene 5_rbs	100.000000	0.000000	0.000000
724.999001	__gene 6.3_rbs	96.000000	0.000000	0.000000
724.999001	__gene 6.5_rbs	173.000000	0.000000	0.000000
724.999001	__gene 6.7_rbs	171.000000	0.000000	0.000000
724.999001	__gene 6_rbs	99.000000	0.000000	0.000000
724.999001	__gene 7.3_rbs	169.000000	0.000000	0.000000
724.999001	__gene 7.7_rbs	170.000000	0.000000	0.000000
724.999001	__gene 7_rbs	171.000000	0.000000	0.000000
724.999001	__gene 8_rbs	171.000000	0.000000	0.000000
724.999001	__gene 9_rbs	381.000000	0.000000	0.000000
724.999001	__gp-2_rbs	53.000000	0.000000	0.000000
724.999001	__lysozyme-3.5_rbs	60.000000	0.000000	0.000000
724.999001	__protein_kinase-0.7_rbs	11.000000	0.000000	0.000000
724.999001	__ribosome	7.000000	0.000000	0.000000
724.999001	__rnapol-1_rbs	11.000000	0.000000	0.000000
724.999001	bound_ecolipol	0.000000	0.000000	0.000000
724.999001	bound_ecolipol_p	1206.000000	0.000000	0.000000
724.999001	bound_ribosome	8760.000000	0.000000	0.000000
724.999001	degraded_transcript	22971.000000	0.000000	0.000000
724.999001	ecoli_genome	594.000000	0.000000	0.000000
724.999001	ecoli_transcript	25494.000000	0.000000	0.000000
724.999001	ecolipol	0.000000	0.000000	0.000000
724.999001	ecolipol-2	0.000000	0.000000	0.000000
724.999001	ecolipol-2-p	580.000000	0.000000	0.000000
724.999001	ecolipol-p	13.000000	0.000000	0.000000
724.999001	gene 0.3	671.000000	11.000000	0.090909
724.999001	gene 1.1	1214.000000	35.000000	0.285714
724.999001	gene 1.2	874.000000	25.000000	4.080000
724.999001	gene 1.3	850.000000	44.000000	7.477273
724.999001	gene 1.4	826.000000	34.000000	0.029412
724.999001	gene 1.7	1358.000000	53.000000	0.094340
724.999001	gene 1.8	1337.000000	53.000000	0.000000
724.999001	gene 10A	13768.000000	840.000000	0.075000
724.999001	gene 11	2180.000000	136.000000	0.058824
724.999001	gene 12	2076.000000	135.000000	0.288889
724.999001	gene 13	3576.000000	249.000000	0.064257
724.999001	gene 14	3280.000000	247.000000	0.060729
724.999001	gene 15	3223.000000	243.000000	0.390947
724.999001	gene 16	2741.000000	234.000000	0.444444
724.999001	gene 17	3282.000000	300.000000	0.236667
724.999001	gene 17.5	3063.000000	284.000000	0.028169
724.999001	gene 18	3025.000000	281.000000	0.021352
724.999001	gene 18.5	2944.000000	277.000000	0.057762
724.999001	gene 18.7	3006.000000	276.000000	0.028986
724.999001	gene 19	2873.000000	272.000000	0.194853
724.999001	gene 19.2	2747.000000	265.000000	0.030189
724.999001	gene 19.3	2683.000000	262.000000	0.045802
724.999001	gene 19.5	2516.000000	253.000000	0.015810
724.999001	gene 2.5	1514.000000	60.000000	0.066667
724.999001	gene 2.8	1489.000000	60.000000	0.050000
724.999001	gene 3	1420.000000	60.000000	0.050000
724.999001	gene 3.8	1674.000000	69.000000	0.057971
724.999001	gene 4.2	1719.000000	79.000000	0.088608
724.999001	gene 4.3	1822.000000	78.000000	0.000000
724.999001	gene 4.5	1987.000000	96.000000	0.010417
724.999001	gene 4.7	1984.000000	95.000000	0.042105
724.999001	gene 4A	1569.000000	69.000000	0.231884
724.999001	gene 5	2059.000000	102.000000	0.245098
724.999001	gene 5.3	1950.000000	100.000000	0.040000
724.999001	gene 5.5	1950.000000	100.000000	0.040000
724.999001	gene 5.7	1873.000000	98.000000	0.020408
724.999001	gene 5.9	1872.000000	98.000000	0.000000
724.999001	gene 6	1839.000000	99.000000	0.080808
724.999001	gene 6.3	1937.000000	97.000000	0.020619
724.999001	gene 6.5	3218.000000	176.000000	0.056818
724.999001	gene 6.7	3189.000000	174.000000	0.011494
724.999001	gene 7	3084.000000	170.000000	0.041176
724.999001	gene 7.3	3141.000000	171.000000	0.029240
724.999001	gene 7.7	3120.000000	171.000000	0.058480
724.999001	gene 8	2947.000000	171.000000	0.245614
724.999001	gene 9	6432.000000	383.000000	0.109661
724.999001	gp-2	676.000000	53.000000	0.000000
724.999001	lysozyme-3.5	922.000000	60.000000	0.050000
724.999001	nonpref_charged	1979.000000	0.000000	0.000000
724.999001	nonpref_uncharged	13021.000000	0.000000	0.000000
724.999001	pref_charged	21925.000000	0.000000	0.000000
724.999001	pref_uncharged	13075.000000	0.000000	0.000000
724.999001	protein_kinase-0.7	666.000000	11.000000	0.272727
724.999001	rnapol-1	1.000000	11.000000	4.363636
724.999001	rnapol-3.5	380.000000	0.000000	0.000000
729.999002	E. coli B promoter	1.000000	0.000000	0.000000
729.999002	E. coli C promoter	1.000000	0.000000	0.000000
729.999002	E. coli promoter A1	1.000000	0.000000	0.000000
729.999002	E. coli promoter A2	1.000000	0.000000	0.000000
729.999002	E. coli promoter A3	1.000000	0.000000	0.000000
729.999002	T7 promoter phi1.1A	1.000000	0.000000	0.000000
729.999002	T7 promoter phi1.1B	1.000000	0.000000	0.000000
729.999002	T7 promoter phi1.3	1.000000	0.000000	0.000000
729.999002	T7 promoter phi1.5	1.000000	0.000000	0.000000
729.999002	T7 promoter phi1.6	1.000000	0.000000	0.000000
729.999002	T7 promoter phi10	0.000000	0.000000	0.000000
729.999002	T7 promoter phi13	1.000000	0.000000	0.000000
729.999002	T7 promoter phi17	1.000000	0.000000	0.000000
729.999002	T7 promoter phi2.5	0.000000	0.000000	0.000000
729.999002	T7 promoter phi3.8	1.000000	0.000000	0.000000
729.999002	T7 promoter phi4.3	1.000000	0.000000	0.000000
729.999002	T7 promoter phi4.7	1.000000	0.000000	0.000000
729.999002	T7 promoter phi4c	1.000000	0.000000	0.000000
729.999002	T7 promoter phi6.5	1.000000	0.000000	0.000000
729.999002	T7 promoter phi9	1.000000	0.000000	0.000000
729.999002	__gene 0.3_rbs	11.000000	0.000000	0.000000
729.999002	__gene 1.1_rbs	29.000000	0.000000	0.000000
729.999002	__gene 1.2_rbs	21.000000	0.000000	0.000000
729.999002	__gene 1.3_rbs	36.000000	0.000000	0.000000
729.999002	__gene 1.4_rbs	34.000000	0.000000	0.000000
729.999002	__gene 1.7_rbs	56.000000	0.000000	0.000000
729.999002	__gene 1.8_rbs	55.000000	0.000000	0.000000
729.999002	__gene 10A_rbs	858.000000	0.000000	0.000000
729.999002	__gene 11_rbs	139.000000	0.000000	0.000000
729.999002	__gene 12_rbs	136.000000	0.000000	0.000000
729.999002	__gene 13_rbs	252.000000	0.000000	0.000000
729.999002	__gene 14_rbs	249.000000	0.000000	0.000000
729.999002	__gene 15_rbs	248.000000	0.000000	0.000000
729.999002	__gene 16_rbs	235.000000	0.000000	0.000000
729.999002	__gene 17.5_rbs	296.000000	0.000000	0.000000
729.999002	__gene 17_rbs	310.000000	0.000000	0.000000
729.999002	__gene 18.5_rbs	284.000000	0.000000	0.000000
729.999002	__gene 18.7_rbs	285.000000	0.000000	0.000000
729.999002	__gene 18_rbs	289.000000	0.000000	0.000000
729.999002	__gene 19.2_rbs	276.000000	0.000000	0.000000
729.999002	__gene 19.3_rbs	269.000000	0.000000	0.000000
729.999002	__gene 19.5_rbs	265.000000	0.000000	0.000000
729.999002	__gene 19_rbs	283.000000	0.000000	0.000000
729.999002	__gene 2.5_rbs	60.000000	0.000000	0.000000
729.999002	__gene 2.8_rbs	60.000000	0.000000	0.000000
729.999002	__gene 3.8_rbs	67.000000	0.000000	0.000000
729.999002	__gene 3_rbs	60.000000	0.000000	0.000000
729.999002	__gene 4.2_rbs	78.000000	0.000000	0.000000
729.999002	__gene 4.3_rbs	79.000000	0.000000	0.000000
729.999002	__gene 4.5_rbs	97.000000	0.000000	0.000000
729.999002	__gene 4.7_rbs	97.000000	0.000000	0.000000
729.999002	__gene 4A_rbs	68.000000	0.000000	0.000000
729.999002	__gene 5.3_rbs	100.000000	0.000000	0.000000
729.999002	__gene 5.5_rbs	100.000000	0.000000	0.000000
729.999002	__gene 5.7_rbs	99.000000	0.000000	0.000000
729.999002	__gene 5.9_rbs	98.000000	0.000000	0.000000
729.999002	__gene 5_rbs	104.000000	0.000000	0.000000
729.999002	__gene 6.3_rbs	99.000000	0.000000	0.000000
729.999002	__gene 6.5_rbs	179.000000	0.000000	0.000000
729.999002	__gene 6.7_rbs	180.000000	0.000000	0.000000
729.999002	__gene 6_rbs	99.000000	0.000000	0.000000
729.999002	__gene 7.3_rbs	175.000000	0.000000	0.000000
729.999002	__gene 7.7_rbs	175.000000	0.000000	0.000000
729.999002	__gene 7_rbs	180.000000	0.000000	0.000000
729.999002	__gene 8_rbs	171.000000	0.000000	0.000000
729.999002	__gene 9_rbs	392.000000	0.000000	0.000000
729.999002	__gp-2_rbs	56.000000	0.000000	0.000000
729.999002	__lysozyme-3.5_rbs	59.000000	0.000000	0.000000
729.999002	__protein_kinase-0.7_rbs	11.000000	0.000000	0.000000
729.999002	__ribosome	8.000000	0.000000	0.000000
729.999002	__rnapol-1_rbs	11.000000	0.000000	0.000000
729.999002	bound_ecolipol	0.000000	0.000000	0.000000
729.999002	bound_ecolipol_p	1206.000000	0.000000	0.000000
729.999002	bound_ribosome	8641.000000	0.000000	0.000000
729.999002	degraded_transcript	23215.000000	0.000000	0.000000
729.999002	ecoli_genome	594.000000	0.000000	0.000000
729.999002	ecoli_transcript	25576.000000	0.000000	0.000000
729.999002	ecolipol	0.000000	0.000000	0.000000
729.999002	ecolipol-2	0.000000	0.000000	0.000000
729.999002	ecolipol-2-p	576.000000	0.000000	0.000000
729.999002	ecolipol-p	17.000000	0.000000	0.000000
729.999002	gene 0.3	680.000000	11.000000	0.181818
729.999002	gene 1.1	1243.000000	35.000000	0.285714
729.999002	gene 1.2	887.000000	25.000000	4.240000
729.999002	gene 1.3	869.000000	44.000000	7.545455
729.999002	gene 1.4	850.000000	34.000000	0.000000
729.999002	gene 1.7	1391.000000	57.000000	0.122807
729.999002	gene 1.8	1372.000000	56.000000	0.053571
729.999002	gene 10A	14282.000000	862.000000	0.104408
729.999002	gene 11	2261.000000	140.000000	0.057143
729.999002	gene 12	2166.000000	138.000000	0.369565
729.999002	gene 13	3745.000000	253.000000	0.035573
729.999002	gene 14	3437.000000	253.000000	0.067194
729.999002	gene 15	3397.000000	249.000000	0.393574
729.999002	gene 16	2865.000000	238.000000	0.617647
729.999002	gene 17	3458.000000	310.000000	0.212903
729.999002	gene 17.5	3244.000000	296.000000	0.037162
729.999002	gene 18	3222.000000	293.000000	0.023891
729.999002	gene 18.5	3108.000000	288.000000	0.069444
729.999002	gene 18.7	3174.000000	286.000000	0.052448
729.999002	gene 19	3020.000000	284.000000	0.211268
729.999002	gene 19.2	2908.000000	277.000000	0.025271
729.999002	gene 19.3	2875.000000	271.000000	0.018450
729.999002	gene 19.5	2685.000000	265.000000	0.015094
729.999002	gene 2.5	1550.000000	60.000000	0.033333
729.999002	gene 2.8	1525.000000	60.000000	0.000000
729.999002	gene 3	1454.000000	60.000000	0.066667
729.999002	gene 3.8	1721.000000	69.000000	0.057971
729.999002	gene 4.2	1778.000000	79.000000	0.037975
729.999002	gene 4.3	1867.000000	79.000000	0.012658
729.999002	gene 4.5	2040.000000	97.000000	0.051546
729.999002	gene 4.7	2033.000000	97.000000	0.051546
729.999002	gene 4A	1605.000000	69.000000	0.347826
729.999002	gene 5	2111.000000	104.000000	0.201923
729.999002	gene 5.3	2023.000000	100.000000	0.020000
729.999002	gene 5.5	2016.000000	100.000000	0.050000
729.999002	gene 5.7	1927.000000	99.000000	0.030303
729.999002	gene 5.9	1947.000000	99.000000	0.020202
729.999002	gene 6	1898.000000	100.000000	0.080000
729.999002	gene 6.3	1987.000000	99.000000	0.010101
729.999002	gene 6.5	3322.000000	182.000000	0.032967
729.999002	gene 6.7	3305.000000	181.000000	0.027624
729.999002	gene 7	3197.000000	177.000000	0.033898
729.999002	gene 7.3	3264.000000	176.000000	0.051136
729.999002	gene 7.7	3226.000000	176.000000	0.096591
729.999002	gene 8	3051.000000	173.000000	0.196532
729.999002	gene 9	6664.000000	394.000000	0.109137
729.999002	gp-2	712.000000	56.000000	0.017857
729.999002	lysozyme-3.5	965.000000	60.000000	0.166667
729.999002	nonpref_charged	1682.000000	0.000000	0.000000
729.999002	nonpref_uncharged	13318.000000	0.000000	0.000000
729.999002	pref_charged	21537.000000	0.000000	0.000000
729.999002	pref_uncharged	13463.000000	0.000000	0.000000
729.999002	protein_kinase-0.7	670.000000	11.000000	0.090909
729.999002	rnapol-1	0.000000	11.000000	4.909091
729.999002	rnapol-3.5	379.000000	0.000000	0.000000
734.999000	E. coli B promoter	1.000000	0.000000	0.000000
734.999000	E. coli C promoter	1.000000	0.000000	0.000000
734.999000	E. coli promoter A1	1.000000	0.000000	0.000000
734.999000	E. coli promoter A2	1.000000	0.000000	0.000000
734.999000	E. coli promoter A3	1.000000	0.000000	0.000000
734.999000	T7 promoter phi1.1A	1.000000	0.000000	0.000000
734.999000	T7 promoter phi1.1B	1.000000	0.000000	0.000000
734.999000	T7 promoter phi1.3	1.000000	0.000000	0.000000
734.999000	T7 promoter phi1.5	1.000000	0.000000	0.000000
734.999000	T7 promoter phi1.6	1.000000	0.000000	0.000000
734.999000	T7 promoter phi10	0.000000	0.000000	0.000000
734.999000	T7 promoter phi13	0.000000	0.000000	0.000000
734.999000	T7 promoter phi17	1.000000	0.000000	0.000000
734.999000	T7 promoter phi2.5	1.000000	0.000000	0.000000
734.999000	T7 promoter phi3.8	1.000000	0.000000	0.000000
734.999000	T7 promoter phi4.3	1.000000	0.000000	0.000000
734.999000	T7 promoter phi4.7	1.000000	0.000000	0.000000
734.999000	T7 promoter phi4c	1.000000	0.000000	0.000000
734.999000	T7 promoter phi6.5	1.000000	0.000000	0.000000
734.999000	T7 promoter phi9	0.000000	0.000000	0.000000
734.999000	__gene 0.3_rbs	11.000000	0.000000	0.000000
734.999000	__gene 1.1_rbs	30.000000	0.000000	0.000000
734.999000	__gene 1.2_rbs	20.000000	0.000000	0.000000
734.999000	__gene 1.3_rbs	36.000000	0.000000	0.000000
734.999000	__gene 1.4_rbs	34.000000	0.000000	0.000000
734.999000	__gene 1.7_rbs	57.000000	0.000000	0.000000
734.999000	__gene 1.8_rbs	56.000000	0.000000	0.000000
734.999000	__gene 10A_rbs	880.000000	0.000000	0.000000
734.999000	__gene 11_rbs	143.000000	0.000000	0.000000
734.999000	__gene 12_rbs	140.000000	0.000000	0.000000
734.999000	__gene 13_rbs	252.000000	0.000000	0.000000
734.999000	__gene 14_rbs	256.000000	0.000000	0.000000
734.999000	__gene 15_rbs	250.000000	0.000000	0.000000
734.999000	__gene 16_rbs	243.000000	0.000000	0.000000
734.999000	__gene 17.5_rbs	304.000000	0.000000	0.000000
734.999000	__gene 17_rbs	312.000000	0.000000	0.000000
734.999000	__gene 18.5_rbs	299.000000	0.000000	0.000000
734.999000	__gene 18.7_rbs	292.000000	0.000000	0.000000
734.999000	__gene 18_rbs	299.000000	0.000000	0.000000
734.999000	__gene 19.2_rbs	285.000000	0.000000	0.000000
734.999000	__gene 19.3_rbs	280.000000	0.000000	0.000000
734.999000	__gene 19.5_rbs	272.000000	0.000000	0.000000
734.999000	__gene 19_rbs	294.000000	0.000000	0.000000
734.999000	__gene 2.5_rbs	64.000000	0.000000	0.000000
734.999000	__gene 2.8_rbs	63.000000	0.000000	0.000000
734.999000	__gene 3.8_rbs	70.000000	0.000000	0.000000
734.999000	__gene 3_rbs	58.000000	0.000000	0.000000
734.999000	__gene 4.2_rbs	79.000000	0.000000	0.000000
734.999000	__gene 4.3_rbs	80.000000	0.000000	0.000000
734.999000	__gene 4.5_rbs	98.000000	0.000000	0.000000
734.999000	__gene 4.7_rbs	97.000000	0.000000	0.000000
734.999000	__gene 4A_rbs	69.000000	0.000000	0.000000
734.999000	__gene 5.3_rbs	102.000000	0.000000	0.000000
734.999000	__gene 5.5_rbs	102.000000	0.000000	0.000000
734.999000	__gene 5.7_rbs	99.000000	0.000000	0.000000
734.999000	__gene 5.9_rbs	99.000000	0.000000	0.000000
734.999000	__gene 5_rbs	104.000000	0.000000	0.000000
734.999000	__gene 6.3_rbs	99.000000	0.000000	0.000000
734.999000	__gene 6.5_rbs	187.000000	0.000000	0.000000
734.999000	__gene 6.7_rbs	185.000000	0.000000	0.000000
734.999000	__gene 6_rbs	99.000000	0.000000	0.000000
734.999000	__gene 7.3_rbs	182.000000	0.000000	0.000000
734.999000	__gene 7.7_rbs	180.000000	0.000000	0.000000
734.999000	__gene 7_rbs	183.000000	0.000000	0.000000
734.999000	__gene 8_rbs	178.000000	0.000000	0.000000
734.999000	__gene 9_rbs	401.000000	0.000000	0.000000
734.999000	__gp-2_rbs	57.000000	0.000000	0.000000
734.999000	__lysozyme-3.5_rbs	59.000000	0.000000	0.000000
734.999000	__protein_kinase-0.7_rbs	11.000000	0.000000	0.000000
734.999000	__ribosome	10.000000	0.000000	0.000000
734.999000	__rnapol-1_rbs	11.000000	0.000000	0.000000
734.999000	bound_ecolipol	0.000000	0.000000	0.000000
734.999000	bound_ecolipol_p	1184.000000	0.000000	0.000000
734.999000	bound_ribosome	8579.000000	0.000000	0.000000
734.999000	degraded_transcript	23471.000000	0.000000	0.000000
734.999000	ecoli_genome	616.000000	0.000000	0.000000
734.999000	ecoli_transcript	25632.000000	0.000000	0.000000
734.999000	ecolipol	0.000000	0.000000	0.000000
734.999000	ecolipol-2	0.000000	0.000000	0.000000
734.999000	ecolipol-2-p	599.000000	0.000000	0.000000
734.999000	ecolipol-p	16.000000	0.000000	0.000000
734.999000	gene 0.3	687.000000	11.000000	0.181818
734.999000	gene 1.1	1262.000000	35.000000	0.285714
734.999000	gene 1.2	898.000000	25.000000	4.440000
734.999000	gene 1.3	891.000000	44.000000	7.636364
734.999000	gene 1.4	864.000000	34.000000	0.029412
734.999000	gene 1.7	1432.000000	57.000000	0.087719
734.999000	gene 1.8	1419.000000	57.000000	0.035088
734.999000	gene 10A	14825.000000	883.000000	0.100793
734.999000	gene 11	2342.000000	144.000000	0.048611
734.999000	gene 12	2253.000000	141.000000	0.354610
734.999000	gene 13	3890.000000	258.000000	0.085271
734.999000	gene 14	3592.000000	257.000000	0.066148
734.999000	gene 15	3574.000000	252.000000	0.329365
734.999000	gene 16	3014.000000	244.000000	0.598361
734.999000	gene 17	3623.000000	316.000000	0.231013
734.999000	gene 17.5	3451.000000	305.000000	0.036066
734.999000	gene 18	3401.000000	304.000000	0.032895
734.999000	gene 18.5	3287.000000	300.000000	0.090000
734.999000	gene 18.7	3358.000000	300.000000	0.056667
734.999000	gene 19	3192.000000	297.000000	0.262626
734.999000	gene 19.2	3067.000000	288.000000	0.041667
734.999000	gene 19.3	3069.000000	284.000000	0.024648
734.999000	gene 19.5	2855.000000	275.000000	0.021818
734.999000	gene 2.5	1579.000000	64.000000	0.109375
734.999000	gene 2.8	1563.000000	63.000000	0.095238
734.999000	gene 3	1492.000000	60.000000	0.083333
734.999000	gene 3.8	1764.000000	70.000000	0.057143
734.999000	gene 4.2	1816.000000	80.000000	0.062500
734.999000	gene 4.3	1911.000000	80.000000	0.037500
734.999000	gene 4.5	2092.000000	98.000000	0.030612
734.999000	gene 4.7	2088.000000	98.000000	0.051020
734.999000	gene 4A	1650.000000	70.000000	0.200000
734.999000	gene 5	2164.000000	104.000000	0.278846
734.999000	gene 5.3	2090.000000	102.000000	0.049020
734.999000	gene 5.5	2081.000000	102.000000	0.058824
734.999000	gene 5.7	1988.000000	99.000000	0.030303
734.999000	gene 5.9	1997.000000	100.000000	0.000000
734.999000	gene 6	1960.000000	100.000000	0.120000
734.999000	gene 6.3	2050.000000	100.000000	0.010000
734.999000	gene 6.5	3425.000000	187.000000	0.048128
734.999000	gene 6.7	3416.000000	185.000000	0.043243
734.999000	gene 7	3310.000000	184.000000	0.038043
734.999000	gene 7.3	3380.000000	180.000000	0.011111
734.999000	gene 7.7	3353.000000	181.000000	0.093923
734.999000	gene 8	3146.000000	179.000000	0.212291
734.999000	gene 9	6917.000000	403.000000	0.099256
734.999000	gp-2	713.000000	57.000000	0.000000
734.999000	lysozyme-3.5	1005.000000	60.000000	0.066667
734.999000	nonpref_charged	1674.000000	0.000000	0.000000
734.999000	nonpref_uncharged	13326.000000	0.000000	0.000000
734.999000	pref_charged	21704.000000	0.000000	0.000000
734.999000	pref_uncharged	13296.000000	0.000000	0.000000
734.999000	protein_kinase-0.7	677.000000	11.000000	0.181818
734.999000	rnapol-1	0.000000	11.000000	4.909091
734.999000	rnapol-3.5	381.000000	0.000000	0.000000
739.999001	E. coli B promoter	1.000000	0.000000	0.000000
739.999001	E. coli C promoter	1.000000	0.000000	0.000000
739.999001	E. coli promoter A1	1.000000	0.000000	0.000000
739.999001	E. coli promoter A2	1.000000	0.000000	0.000000
739.999001	E. coli promoter A3	1.000000	0.000000	0.000000
739.999001	T7 promoter phi1.1A	1.000000	0.000000	0.000000
739.999001	T7 promoter phi1.1B	1.000000	0.000000	0.000000
739.999001	T7 promoter phi1.3	1.000000	0.000000	0.000000
739.999001	T7 promoter phi1.5	1.000000	0.000000	0.000000
739.999001	T7 promoter phi1.6	1.000000	0.000000	0.000000
739.999001	T7 promoter phi10	1.000000	0.000000	0.000000
739.999001	T7 promoter phi13	1.000000	0.000000	0.000000
739.999001	T7 promoter phi17	0.000000	0.000000	0.000000
739.999001	T7 promoter phi2.5	1.000000	0.000000	0.000000
739.999001	T7 promoter phi3.8	1.000000	0.000000	0.000000
739.999001	T7 promoter phi4.3	1.000000	0.000000	0.000000
739.999001	T7 promoter phi4.7	1.000000	0.000000	0.000000
739.999001	T7 promoter phi4c	1.000000	0.000000	0.000000
739.999001	T7 promoter phi6.5	1.000000	0.000000	0.000000
739.999001	T7 promoter phi9	1.000000	0.000000	0.000000
739.999001	__gene 0.3_rbs	11.000000	0.000000	0.000000
739.999001	__gene 1.1_rbs	30.000000	0.000000	0.000000
739.999001	__gene 1.2_rbs	20.000000	0.000000	0.000000
739.999001	__gene 1.3_rbs	37.000000	0.000000	0.000000
739.999001	__gene 1.4_rbs	34.000000	0.000000	0.000000
739.999001	__gene 1.7_rbs	57.000000	0.000000	0.000000
739.999001	__gene 1.8_rbs	56.000000	0.000000	0.000000
739.999001	__gene 10A_rbs	902.000000	0.000000	0.000000
739.999001	__gene 11_rbs	150.000000	0.000000	0.000000
739.999001	__gene 12_rbs	146.000000	0.000000	0.000000
739.999001	__gene 13_rbs	265.000000	0.000000	0.000000
739.999001	__gene 14_rbs	257.000000	0.000000	0.000000
739.999001	__gene 15_rbs	255.000000	0.000000	0.000000
739.999001	__gene 16_rbs	249.000000	0.000000	0.000000
739.999001	__gene 17.5_rbs	313.000000	0.000000	0.000000
739.999001	__gene 17_rbs	324.000000	0.000000	0.000000
739.999001	__gene 18.5_rbs	307.000000	0.000000	0.000000
739.999001	__gene 18.7_rbs	304.000000	0.000000	0.000000
739.999001	__gene 18_rbs	304.000000	0.000000	0.000000
739.999001	__gene 19.2_rbs	292.000000	0.000000	0.000000
739.999001	__gene 19.3_rbs	291.000000	0.000000	0.000000
739.999001	__gene 19.5_rbs	283.000000	0.000000	0.000000
739.999001	__gene 19_rbs	305.000000	0.000000	0.000000
739.999001	__gene 2.5_rbs	63.000000	0.000000	0.000000
739.999001	__gene 2.8_rbs	63.000000	0.000000	0.000000
739.999001	__gene 3.8_rbs	72.000000	0.000000	0.000000
739.999001	__gene 3_rbs	63.000000	0.000000	0.000000
739.999001	__gene 4.2_rbs	78.000000	0.000000	0.000000
739.999001	__gene 4.3_rbs	79.000000	0.000000	0.000000
739.999001	__gene 4.5_rbs	98.000000	0.000000	0.000000
739.999001	__gene 4.7_rbs	98.000000	0.000000	0.000000
739.999001	__gene 4A_rbs	67.000000	0.000000	0.000000
739.999001	__gene 5.3_rbs	104.000000	0.000000	0.000000
739.999001	__gene 5.5_rbs	103.000000	0.000000	0.000000
739.999001	__gene 5.7_rbs	101.000000	0.000000	0.000000
739.999001	__gene 5.9_rbs	103.000000	0.000000	0.000000
739.999001	__gene 5_rbs	105.000000	0.000000	0.000000
739.999001	__gene 6.3_rbs	99.000000	0.000000	0.000000
739.999001	__gene 6.5_rbs	187.000000	0.000000	0.000000
739.999001	__gene 6.7_rbs	184.000000	0.000000	0.000000
739.999001	__gene 6_rbs	101.000000	0.000000	0.000000
739.999001	__gene 7.3_rbs	186.000000	0.000000	0.000000
739.999001	__gene 7.7_rbs	182.000000	0.000000	0.000000
739.999001	__gene 7_rbs	185.000000	0.000000	0.000000
739.999001	__gene 8_rbs	183.000000	0.000000	0.000000
739.999001	__gene 9_rbs	408.000000	0.000000	0.000000
739.999001	__gp-2_rbs	57.000000	0.000000	0.000000
739.999001	__lysozyme-3.5_rbs	63.000000	0.000000	0.000000
739.999001	__protein_kinase-0.7_rbs	11.000000	0.000000	0.000000
739.999001	__ribosome	5.000000	0.000000	0.000000
739.999001	__rnapol-1_rbs	11.000000	0.000000	0.000000
739.999001	bound_ecolipol	0.000000	0.000000	0.000000
739.999001	bound_ecolipol_p	1180.000000	0.000000	0.000000
739.999001	bound_ribosome	8397.000000	0.000000	0.000000
739.999001	degraded_transcript	23698.000000	0.000000	0.000000
739.999001	ecoli_genome	620.000000	0.000000	0.000000
739.999001	ecoli_transcript	25817.000000	0.000000	0.000000
739.999001	ecolipol	0.000000	0.000000	0.000000
739.999001	ecolipol-2	0.000000	0.000000	0.000000
739.999001	ecolipol-2-p	603.000000	0.000000	0.000000
739.999001	ecolipol-p	16.000000	0.000000	0.000000
739.999001	gene 0.3	694.000000	11.000000	0.000000
739.999001	gene 1.1	1287.000000	36.000000	0.277778
739.999001	gene 1.2	910.000000	25.000000	4.520000
739.999001	gene 1.3	911.000000	45.000000	7.488889
739.999001	gene 1.4	882.000000	34.000000	0.000000
739.999001	gene 1.7	1467.000000	57.000000	0.087719
739.999001	gene 1.8	1454.000000	57.000000	0.000000
739.999001	gene 10A	15335.000000	903.000000	0.114064
739.999001	gene 11	2434.000000	150.000000	0.100000
739.999001	gene 12	2342.000000	148.000000	0.351351
739.999001	gene 13	4056.000000	266.000000	0.097744
739.999001	gene 14	3734.000000	261.000000	0.068966
739.999001	gene 15	3716.000000	259.000000	0.378378
739.999001	gene 16	3152.000000	250.000000	0.640000
739.999001	gene 17	3813.000000	324.000000	0.293210
739.999001	gene 17.5	3629.000000	314.000000	0.041401
739.999001	gene 18	3585.000000	310.000000	0.038710
739.999001	gene 18.5	3459.000000	310.000000	0.100000
739.999001	gene 18.7	3548.000000	309.000000	0.061489
739.999001	gene 19	3362.000000	307.000000	0.338762
739.999001	gene 19.2	3254.000000	300.000000	0.063333
739.999001	gene 19.3	3253.000000	296.000000	0.010135
739.999001	gene 19.5	3010.000000	286.000000	0.024476
739.999001	gene 2.5	1624.000000	64.000000	0.093750
739.999001	gene 2.8	1604.000000	64.000000	0.109375
739.999001	gene 3	1535.000000	63.000000	0.079365
739.999001	gene 3.8	1809.000000	73.000000	0.123288
739.999001	gene 4.2	1862.000000	81.000000	0.074074
739.999001	gene 4.3	1958.000000	80.000000	0.025000
739.999001	gene 4.5	2142.000000	98.000000	0.061224
739.999001	gene 4.7	2147.000000	98.000000	0.040816
739.999001	gene 4A	1687.000000	70.000000	0.185714
739.999001	gene 5	2231.000000	105.000000	0.409524
739.999001	gene 5.3	2159.000000	104.000000	0.009615
739.999001	gene 5.5	2133.000000	103.000000	0.048544
739.999001	gene 5.7	2056.000000	103.000000	0.038835
739.999001	gene 5.9	2060.000000	103.000000	0.029126
739.999001	gene 6	2022.000000	102.000000	0.147059
739.999001	gene 6.3	2094.000000	100.000000	0.010000
739.999001	gene 6.5	3542.000000	189.000000	0.063492
739.999001	gene 6.7	3538.000000	188.000000	0.058511
739.999001	gene 7	3430.000000	187.000000	0.074866
739.999001	gene 7.3	3488.000000	185.000000	0.037838
739.999001	gene 7.7	3482.000000	186.000000	0.064516
739.999001	gene 8	3250.000000	185.000000	0.227027
739.999001	gene 9	7146.000000	411.000000	0.138686
739.999001	gp-2	751.000000	57.000000	0.017544
739.999001	lysozyme-3.5	1035.000000	64.000000	0.093750
739.999001	nonpref_charged	1432.000000	0.000000	0.000000
739.999001	nonpref_uncharged	13568.000000	0.000000	0.000000
739.999001	pref_charged	21522.000000	0.000000	0.000000
739.999001	pref_uncharged	13478.000000	0.000000	0.000000
739.999001	protein_kinase-0.7	682.000000	11.000000	0.454545
739.999001	rnapol-1	2.000000	11.000000	5.545455
739.999001	rnapol-3.5	384.000000	0.000000	0.000000
744.999001	E. coli B promoter	1.000000	0.000000	0.000000
744.999001	E. coli C promoter	1.000000	0.000000	0.000000
744.999001	E. coli promoter A1	1.000000	0.000000	0.000000
744.999001	E. coli promoter A2	1.000000	0.000000	0.000000
744.999001	E. coli promoter A3	1.000000	0.000000	0.000000
744.999001	T7 promoter phi1.1A	1.000000	0.000000	0.000000
744.999001	T7 promoter phi1.1B	1.000000	0.000000	0.000000
744.999001	T7 promoter phi1.3	1.000000	0.000000	0.000000
744.999001	T7 promoter phi1.5	1.000000	0.000000	0.000000
744.999001	T7 promoter phi1.6	1.000000	0.000000	0.000000
744.999001	T7 promoter phi10	0.000000	0.000000	0.000000
744.999001	T7 promoter phi13	1.000000	0.000000	0.000000
744.999001	T7 promoter phi17	1.000000	0.000000	0.000000
744.999001	T7 promoter phi2.5	1.000000	0.000000	0.000000
744.999001	T7 promoter phi3.8	1.000000	0.000000	0.000000
744.999001	T7 promoter phi4.3	1.000000	0.000000	0.000000
744.999001	T7 promoter phi4.7	0.000000	0.000000	0.000000
744.999001	T7 promoter phi4c	1.000000	0.000000	0.000000
744.999001	T7 promoter phi6.5	0.000000	0.000000	0.000000
744.999001	T7 promoter phi9	1.000000	0.000000	0.000000
744.999001	__gene 0.3_rbs	11.000000	0.000000	0.000000
744.999001	__gene 1.1_rbs	30.000000	0.000000	0.000000
744.999001	__gene 1.2_rbs	20.000000	0.000000	0.000000
744.999001	__gene 1.3_rbs	38.000000	0.000000	0.000000
744.999001	__gene 1.4_rbs	35.000000	0.000000	0.000000
744.999001	__gene 1.7_rbs	59.000000	0.000000	0.000000
744.999001	__gene 1.8_rbs	57.000000	0.000000	0.000000
744.999001	__gene 10A_rbs	920.000000	0.000000	0.000000
744.999001	__gene 11_rbs	150.000000	0.000000	0.000000
744.999001	__gene 12_rbs	149.000000	0.000000	0.000000
744.999001	__gene 13_rbs	269.000000	0.000000	0.000000
744.999001	__gene 14_rbs	269.000000	0.000000	0.000000
744.999001	__gene 15_rbs	261.000000	0.000000	0.000000
744.999001	__gene 16_rbs	252.000000	0.000000	0.000000
744.999001	__gene 17.5_rbs	315.000000	0.000000	0.000000
744.999001	__gene 17_rbs	331.000000	0.000000	0.000000
744.999001	__gene 18.5_rbs	314.000000	0.000000	0.000000
744.999001	__gene 18.7_rbs	311.000000	0.000000	0.000000
744.999001	__gene 18_rbs	312.000000	0.000000	0.000000
744.999001	__gene 19.2_rbs	305.000000	0.000000	0.000000
744.999001	__gene 19.3_rbs	299.000000	0.000000	0.000000
744.999001	__gene 19.5_rbs	299.000000	0.000000	0.000000
744.999001	__gene 19_rbs	310.000000	0.000000	0.000000
744.999001	__gene 2.5_rbs	64.000000	0.000000	0.000000
744.999001	__gene 2.8_rbs	64.000000	0.000000	0.000000
744.999001	__gene 3.8_rbs	73.000000	0.000000	0.000000
744.999001	__gene 3_rbs	64.000000	0.000000	0.000000
744.999001	__gene 4.2_rbs	81.000000	0.000000	0.000000
744.999001	__gene 4.3_rbs	80.000000	0.000000	0.000000
744.999001	__gene 4.5_rbs	100.000000	0.000000	0.000000
744.999001	__gene 4.7_rbs	98.000000	0.000000	0.000000
744.999001	__gene 4A_rbs	71.000000	0.000000	0.000000
744.999001	__gene 5.3_rbs	102.000000	0.000000	0.000000
744.999001	__gene 5.5_rbs	102.000000	0.000000	0.000000
744.999001	__gene 5.7_rbs	104.000000	0.000000	0.000000
744.999001	__gene 5.9_rbs	102.000000	0.000000	0.000000
744.999001	__gene 5_rbs	106.000000	0.000000	0.000000
744.999001	__gene 6.3_rbs	103.000000	0.000000	0.000000
744.999001	__gene 6.5_rbs	188.000000	0.000000	0.000000
744.999001	__gene 6.7_rbs	187.000000	0.000000	0.000000
744.999001	__gene 6_rbs	102.000000	0.000000	0.000000
744.999001	__gene 7.3_rbs	186.000000	0.000000	0.000000
744.999001	__gene 7.7_rbs	187.000000	0.000000	0.000000
744.999001	__gene 7_rbs	191.000000	0.000000	0.000000
744.999001	__gene 8_rbs	187.000000	0.000000	0.000000
744.999001	__gene 9_rbs	417.000000	0.000000	0.000000
744.999001	__gp-2_rbs	57.000000	0.000000	0.000000
744.999001	__lysozyme-3.5_rbs	63.000000	0.000000	0.000000
744.999001	__protein_kinase-0.7_rbs	10.000000	0.000000	0.000000
744.999001	__ribosome	11.000000	0.000000	0.000000
744.999001	__rnapol-1_rbs	11.000000	0.000000	0.000000
744.999001	bound_ecolipol	0.000000	0.000000	0.000000
744.999001	bound_ecolipol_p	1158.000000	0.000000	0.000000
744.999001	bound_ribosome	8264.000000	0.000000	0.000000
744.999001	degraded_transcript	23951.000000	0.000000	0.000000
744.999001	ecoli_genome	642.000000	0.000000	0.000000
744.999001	ecoli_transcript	25930.000000	0.000000	0.000000
744.999001	ecolipol	0.000000	0.000000	0.000000
744.999001	ecolipol-2	0.000000	0.000000	0.000000
744.999001	ecolipol-2-p	625.000000	0.000000	0.000000
744.999001	ecolipol-p	16.000000	0.000000	0.000000
744.999001	gene 0.3	698.000000	11.000000	0.090909
744.999001	gene 1.1	1301.000000	36.000000	0.277778
744.999001	gene 1.2	920.000000	25.000000	4.800000
744.999001	gene 1.3	927.000000	46.000000	7.521739
744.999001	gene 1.4	900.000000	35.000000	0.057143
744.999001	gene 1.7	1505.000000	59.000000	0.067797
744.999001	gene 1.8	1493.000000	57.000000	0.087719
744.999001	gene 10A	15886.000000	921.000000	0.109663
744.999001	gene 11	2518.000000	153.000000	0.150327
744.999001	gene 12	2418.000000	151.000000	0.483444
744.999001	gene 13	4228.000000	273.000000	0.087912
744.999001	gene 14	3878.000000	272.000000	0.121324
744.999001	gene 15	3874.000000	265.000000	0.403774
744.999001	gene 16	3286.000000	253.000000	0.703557
744.999001	gene 17	4022.000000	332.000000	0.268072
744.999001	gene 17.5	3832.000000	319.000000	0.047022
744.999001	gene 18	3778.000000	317.000000	0.025237
744.999001	gene 18.5	3654.000000	316.000000	0.079114
744.999001	gene 18.7	3762.000000	315.000000	0.085714
744.999001	gene 19	3554.000000	314.000000	0.321656
744.999001	gene 19.2	3430.000000	310.000000	0.051613
744.999001	gene 19.3	3439.000000	305.000000	0.036066
744.999001	gene 19.5	3184.000000	299.000000	0.010033
744.999001	gene 2.5	1674.000000	64.000000	0.125000
744.999001	gene 2.8	1653.000000	64.000000	0.078125
744.999001	gene 3	1566.000000	63.000000	0.079365
744.999001	gene 3.8	1853.000000	74.000000	0.067568
744.999001	gene 4.2	1904.000000	81.000000	0.086420
744.999001	gene 4.3	1998.000000	81.000000	0.061728
744.999001	gene 4.5	2201.000000	100.000000	0.010000
744.999001	gene 4.7	2211.000000	100.000000	0.050000
744.999001	gene 4A	1724.000000	73.000000	0.315068
744.999001	gene 5	2303.000000	106.000000	0.349057
744.999001	gene 5.3	2210.000000	104.000000	0.067308
744.999001	gene 5.5	2181.000000	104.000000	0.105769
744.999001	gene 5.7	2119.000000	104.000000	0.019231
744.999001	gene 5.9	2133.000000	104.000000	0.028846
744.999001	gene 6	2079.000000	104.000000	0.144231
744.999001	gene 6.3	2143.000000	102.000000	0.029412
744.999001	gene 6.5	3667.000000	192.000000	0.072917
744.999001	gene 6.7	3665.000000	192.000000	0.067708
744.999001	gene 7	3549.000000	191.000000	0.073298
744.999001	gene 7.3	3593.000000	188.000000	0.053191
744.999001	gene 7.7	3584.000000	188.000000	0.079787
744.999001	gene 8	3341.000000	188.000000	0.250000
744.999001	gene 9	7413.000000	421.000000	0.161520
744.999001	gp-2	759.000000	57.000000	0.052632
744.999001	lysozyme-3.5	1066.000000	64.000000	0.140625
744.999001	nonpref_charged	1235.000000	0.000000	0.000000
744.999001	nonpref_uncharged	13765.000000	0.000000	0.000000
744.999001	pref_charged	21232.000000	0.000000	0.000000
744.999001	pref_uncharged	13768.000000	0.000000	0.000000
744.999001	protein_kinase-0.7	690.000000	11.000000	0.454545
744.999001	rnapol-1	0.000000	11.000000	5.727273
744.999001	rnapol-3.5	398.000000	0.000000	0.000000
749.999001	E. coli B promoter	1.000000	0.000000	0.000000
749.999001	E. coli C promoter	1.000000	0.000000	0.000000
749.999001	E. coli promoter A1	1.000000	0.000000	0.000000
749.999001	E. coli promoter A2	1.000000	0.000000	0.000000
749.999001	E. coli promoter A3	1.000000	0.000000	0.000000
749.999001	T7 promoter phi1.1A	1.000000	0.000000	0.000000
749.999001	T7 promoter phi1.1B	0.000000	0.000000	0.000000
749.999001	T7 promoter phi1.3	1.000000	0.000000	0.000000
749.999001	T7 promoter phi1.5	1.000000	0.000000	0.000000
749.999001	T7 promoter phi1.6	1.000000	0.000000	0.000000
749.999001	T7 promoter phi10	0.000000	0.000000	0.000000
749.999001	T7 promoter phi13	1.000000	0.000000	0.000000
749.999001	T7 promoter phi17	1.000000	0.000000	0.000000
749.999001	T7 promoter phi2.5	1.000000	0.000000	0.000000
749.999001	T7 promoter phi3.8	1.000000	0.000000	0.000000
749.999001	T7 promoter phi4.3	1.000000	0.000000	0.000000
749.999001	T7 promoter phi4.7	1.000000	0.000000	0.000000
749.999001	T7 promoter phi4c	1.000000	0.000000	0.000000
749.999001	T7 promoter phi6.5	1.000000	0.000000	0.000000
749.999001	T7 promoter phi9	1.000000	0.000000	0.000000
749.999001	__gene 0.3_rbs	11.000000	0.000000	0.000000
749.999001	__gene 1.1_rbs	31.000000	0.000000	0.000000
749.999001	__gene 1.2_rbs	21.000000	0.000000	0.000000
749.999001	__gene 1.3_rbs	39.000000	0.000000	0.000000
749.999001	__gene 1.4_rbs	36.000000	0.000000	0.000000
749.999001	__gene 1.7_rbs	60.000000	0.000000	0.000000
749.999001	__gene 1.8_rbs	58.000000	0.000000	0.000000
749.999001	__gene 10A_rbs	935.000000	0.000000	0.000000
749.999001	__gene 11_rbs	155.000000	0.000000	0.000000
749.999001	__gene 12_rbs	153.000000	0.000000	0.000000
749.999001	__gene 13_rbs	279.000000	0.000000	0.000000
749.999001	__gene 14_rbs	270.000000	0.000000	0.000000
749.999001	__gene 15_rbs	269.000000	0.000000	0.000000
749.999001	__gene 16_rbs	257.000000	0.000000	0.000000
749.999001	__gene 17.5_rbs	324.000000	0.000000	0.000000
749.999001	__gene 17_rbs	342.000000	0.000000	0.000000
749.999001	__gene 18.5_rbs	320.000000	0.000000	0.000000
749.999001	__gene 18.7_rbs	318.000000	0.000000	0.000000
749.999001	__gene 18_rbs	326.000000	0.000000	0.000000
749.999001	__gene 19.2_rbs	309.000000	0.000000	0.000000
749.999001	__gene 19.3_rbs	307.000000	0.000000	0.000000
749.999001	__gene 19.5_rbs	305.000000	0.000000	0.000000
749.999001	__gene 19_rbs	318.000000	0.000000	0.000000
749.999001	__gene 2.5_rbs	66.000000	0.000000	0.000000
749.999001	__gene 2.8_rbs	65.000000	0.000000	0.000000
749.999001	__gene 3.8_rbs	75.000000	0.000000	0.000000
749.999001	__gene 3_rbs	61.000000	0.000000	0.000000
749.999001	__gene 4.2_rbs	82.000000	0.000000	0.000000
749.999001	__gene 4.3_rbs	83.000000	0.000000	0.000000
749.999001	__gene 4.5_rbs	102.000000	0.000000	0.000000
749.999001	__gene 4.7_rbs	100.000000	0.000000	0.000000
749.999001	__gene 4A_rbs	70.000000	0.000000	0.000000
749.999001	__gene 5.3_rbs	105.000000	0.000000	0.000000
749.999001	__gene 5.5_rbs	104.000000	0.000000	0.000000
749.999001	__gene 5.7_rbs	104.000000	0.000000	0.000000
749.999001	__gene 5.9_rbs	104.000000	0.000000	0.000000
749.999001	__gene 5_rbs	106.000000	0.000000	0.000000
749.999001	__gene 6.3_rbs	102.000000	0.000000	0.000000
749.999001	__gene 6.5_rbs	196.000000	0.000000	0.000000
749.999001	__gene 6.7_rbs	195.000000	0.000000	0.000000
749.999001	__gene 6_rbs	102.000000	0.000000	0.000000
749.999001	__gene 7.3_rbs	193.000000	0.000000	0.000000
749.999001	__gene 7.7_rbs	190.000000	0.000000	0.000000
749.999001	__gene 7_rbs	192.000000	0.000000	0.000000
749.999001	__gene 8_rbs	190.000000	0.000000	0.000000
749.999001	__gene 9_rbs	428.000000	0.000000	0.000000
749.999001	__gp-2_rbs	58.000000	0.000000	0.000000
749.999001	__lysozyme-3.5_rbs	62.000000	0.000000	0.000000
749.999001	__protein_kinase-0.7_rbs	11.000000	0.000000	0.000000
749.999001	__ribosome	6.000000	0.000000	0.000000
749.999001	__rnapol-1_rbs	11.000000	0.000000	0.000000
749.999001	bound_ecolipol	0.000000	0.000000	0.000000
749.999001	bound_ecolipol_p	1177.000000	0.000000	0.000000
749.999001	bound_ribosome	8216.000000	0.000000	0.000000
749.999001	degraded_transcript	24204.000000	0.000000	0.000000
749.999001	ecoli_genome	623.000000	0.000000	0.000000
749.999001	ecoli_transcript	25947.000000	0.000000	0.000000
749.999001	ecolipol	0.000000	0.000000	0.000000
749.999001	ecolipol-2	0.000000	0.000000	0.000000
749.999001	ecolipol-2-p	610.000000	0.000000	0.000000
749.999001	ecolipol-p	12.000000	0.000000	0.000000
749.999001	gene 0.3	703.000000	11.000000	0.272727
749.999001	gene 1.1	1325.000000	37.000000	0.270270
749.999001	gene 1.2	935.000000	25.000000	4.600000
749.999001	gene 1.3	958.000000	47.000000	7.212766
749.999001	gene 1.4	924.000000	36.000000	0.055556
749.999001	gene 1.7	1534.000000	60.000000	0.116667
749.999001	gene 1.8	1530.000000	58.000000	0.034483
749.999001	gene 10A	16412.000000	940.000000	0.135106
749.999001	gene 11	2612.000000	155.000000	0.058065
749.999001	gene 12	2510.000000	154.000000	0.461039
749.999001	gene 13	4406.000000	282.000000	0.106383
749.999001	gene 14	4028.000000	278.000000	0.122302
749.999001	gene 15	4016.000000	273.000000	0.468864
749.999001	gene 16	3423.000000	259.000000	0.779923
749.999001	gene 17	4203.000000	343.000000	0.276968
749.999001	gene 17.5	4025.000000	328.000000	0.045732
749.999001	gene 18	3955.000000	328.000000	0.048780
749.999001	gene 18.5	3855.000000	324.000000	0.077160
749.999001	gene 18.7	3960.000000	323.000000	0.068111
749.999001	gene 19	3733.000000	321.000000	0.308411
749.999001	gene 19.2	3625.000000	316.000000	0.063291
749.999001	gene 19.3	3616.000000	314.000000	0.035032
749.999001	gene 19.5	3354.000000	308.000000	0.042208
749.999001	gene 2.5	1716.000000	66.000000	0.075758
749.999001	gene 2.8	1690.000000	65.000000	0.092308
749.999001	gene 3	1600.000000	64.000000	0.046875
749.999001	gene 3.8	1897.000000	75.000000	0.080000
749.999001	gene 4.2	1951.000000	85.000000	0.023529
749.999001	gene 4.3	2052.000000	84.000000	0.023810
749.999001	gene 4.5	2256.000000	102.000000	0.029412
749.999001	gene 4.7	2265.000000	100.000000	0.020000
749.999001	gene 4A	1768.000000	73.000000	0.342466
749.999001	gene 5	2372.000000	107.000000	0.383178
749.999001	gene 5.3	2272.000000	105.000000	0.047619
749.999001	gene 5.5	2259.000000	105.000000	0.114286
749.999001	gene 5.7	2184.000000	105.000000	0.057143
749.999001	gene 5.9	2203.000000	105.000000	0.028571
749.999001	gene 6	2141.000000	104.000000	0.115385
749.999001	gene 6.3	2209.000000	103.000000	0.009709
749.999001	gene 6.5	3771.000000	199.000000	0.070352
749.999001	gene 6.7	3774.000000	198.000000	0.030303
749.999001	gene 7	3664.000000	196.000000	0.076531
749.999001	gene 7.3	3718.000000	193.000000	0.020725
749.999001	gene 7.7	3690.000000	192.000000	0.088542
749.999001	gene 8	3441.000000	192.000000	0.296875
749.999001	gene 9	7706.000000	431.000000	0.146172
749.999001	gp-2	801.000000	59.000000	0.000000
749.999001	lysozyme-3.5	1111.000000	64.000000	0.093750
749.999001	nonpref_charged	1174.000000	0.000000	0.000000
749.999001	nonpref_uncharged	13826.000000	0.000000	0.000000
749.999001	pref_charged	21119.000000	0.000000	0.000000
749.999001	pref_uncharged	13881.000000	0.000000	0.000000
749.999001	protein_kinase-0.7	695.000000	11.000000	0.454545
749.999001	rnapol-1	0.000000	11.000000	5.636364
749.999001	rnapol-3.5	402.000000	0.000000	0.000000
754.999000	E. coli B promoter	1.000000	0.000000	0.000000
754.999000	E. coli C promoter	1.000000	0.000000	0.000000
754.999000	E. coli promoter A1	1.000000	0.000000	0.000000
754.999000	E. coli promoter A2	1.000000	0.000000	0.000000
754.999000	E. coli promoter A3	1.000000	0.000000	0.000000
754.999000	T7 promoter phi1.1A	1.000000	0.000000	0.000000
754.999000	T7 promoter phi1.1B	1.000000	0.000000	0.000000
754.999000	T7 promoter phi1.3	1.000000	0.000000	0.000000
754.999000	T7 promoter phi1.5	1.000000	0.000000	0.000000
754.999000	T7 promoter phi1.6	1.000000	0.000000	0.000000
754.999000	T7 promoter phi10	0.000000	0.000000	0.000000
754.999000	T7 promoter phi13	1.000000	0.000000	0.000000
754.999000	T7 promoter phi17	1.000000	0.000000	0.000000
754.999000	T7 promoter phi2.5	1.000000	0.000000	0.000000
754.999000	T7 promoter phi3.8	1.000000	0.000000	0.000000
754.999000	T7 promoter phi4.3	1.000000	0.000000	0.000000
754.999000	T7 promoter phi4.7	1.000000	0.000000	0.000000
754.999000	T7 promoter phi4c	0.000000	0.000000	0.000000
754.999000	T7 promoter phi6.5	1.000000	0.000000	0.000000
754.999000	T7 promoter phi9	1.000000	0.000000	0.000000
754.999000	__gene 0.3_rbs	10.000000	0.000000	0.000000
754.999000	__gene 1.1_rbs	32.000000	0.000000	0.000000
754.999000	__gene 1.2_rbs	21.000000	0.000000	0.000000
754.999000	__gene 1.3_rbs	39.000000	0.000000	0.000000
754.999000	__gene 1.4_rbs	37.000000	0.000000	0.000000
754.999000	__gene 1.7_rbs	61.000000	0.000000	0.000000
754.999000	__gene 1.8_rbs	58.000000	0.000000	0.000000
754.999000	__gene 10A_rbs	953.000000	0.000000	0.000000
754.999000	__gene 11_rbs	155.000000	0.000000	0.000000
754.999000	__gene 12_rbs	153.000000	0.000000	0.000000
754.999000	__gene 13_rbs	289.000000	0.000000	0.000000
754.999000	__gene 14_rbs	280.000000	0.000000	0.000000
754.999000	__gene 15_rbs	280.000000	0.000000	0.000000
754.999000	__gene 16_rbs	264.000000	0.000000	0.000000
754.999000	__gene 17.5_rbs	334.000000	0.000000	0.000000
754.999000	__gene 17_rbs	347.000000	0.000000	0.000000
754.999000	__gene 18.5_rbs	332.000000	0.000000	0.000000
754.999000	__gene 18.7_rbs	326.000000	0.000000	0.000000
754.999000	__gene 18_rbs	328.000000	0.000000	0.000000
754.999000	__gene 19.2_rbs	317.000000	0.000000	0.000000
754.999000	__gene 19.3_rbs	313.000000	0.000000	0.000000
754.999000	__gene 19.5_rbs	310.000000	0.000000	0.000000
754.999000	__gene 19_rbs	326.000000	0.000000	0.000000
754.999000	__gene 2.5_rbs	67.000000	0.000000	0.000000
754.999000	__gene 2.8_rbs	66.000000	0.000000	0.000000
754.999000	__gene 3.8_rbs	75.000000	0.000000	0.000000
754.999000	__gene 3_rbs	65.000000	0.000000	0.000000
754.999000	__gene 4.2_rbs	83.000000	0.000000	0.000000
754.999000	__gene 4.3_rbs	83.000000	0.000000	0.000000
754.999000	__gene 4.5_rbs	102.000000	0.000000	0.000000
754.999000	__gene 4.7_rbs	103.000000	0.000000	0.000000
754.999000	__gene 4A_rbs	74.000000	0.000000	0.000000
754.999000	__gene 5.3_rbs	106.000000	0.000000	0.000000
754.999000	__gene 5.5_rbs	105.000000	0.000000	0.000000
754.999000	__gene 5.7_rbs	103.000000	0.000000	0.000000
754.999000	__gene 5.9_rbs	102.000000	0.000000	0.000000
754.999000	__gene 5_rbs	111.000000	0.000000	0.000000
754.999000	__gene 6.3_rbs	103.000000	0.000000	0.000000
754.999000	__gene 6.5_rbs	199.000000	0.000000	0.000000
754.999000	__gene 6.7_rbs	197.000000	0.000000	0.000000
754.999000	__gene 6_rbs	102.000000	0.000000	0.000000
754.999000	__gene 7.3_rbs	195.000000	0.000000	0.000000
754.999000	__gene 7.7_rbs	197.000000	0.000000	0.000000
754.999000	__gene 7_rbs	195.000000	0.000000	0.000000
754.999000	__gene 8_rbs	189.000000	0.000000	0.000000
754.999000	__gene 9_rbs	438.000000	0.000000	0.000000
754.999000	__gp-2_rbs	59.000000	0.000000	0.000000
754.999000	__lysozyme-3.5_rbs	64.000000	0.000000	0.000000
754.999000	__protein_kinase-0.7_rbs	11.000000	0.000000	0.000000
754.999000	__ribosome	8.000000	0.000000	0.000000
754.999000	__rnapol-1_rbs	11.000000	0.000000	0.000000
754.999000	bound_ecolipol	0.000000	0.000000	0.000000
754.999000	bound_ecolipol_p	1140.000000	0.000000	0.000000
754.999000	bound_ribosome	8160.000000	0.000000	0.000000
754.999000	degraded_transcript	24442.000000	0.000000	0.000000
754.999000	ecoli_genome	660.000000	0.000000	0.000000
754.999000	ecoli_transcript	26007.000000	0.000000	0.000000
754.999000	ecolipol	0.000000	0.000000	0.000000
754.999000	ecolipol-2	0.000000	0.000000	0.000000
754.999000	ecolipol-2-p	639.000000	0.000000	0.000000
754.999000	ecolipol-p	20.000000	0.000000	0.000000
754.999000	gene 0.3	710.000000	11.000000	0.272727
754.999000	gene 1.1	1352.000000	38.000000	0.289474
754.999000	gene 1.2	946.000000	26.000000	4.538462
754.999000	gene 1.3	978.000000	47.000000	7.297872
754.999000	gene 1.4	944.000000	37.000000	0.000000
754.999000	gene 1.7	1565.000000	61.000000	0.081967
754.999000	gene 1.8	1568.000000	60.000000	0.066667
754.999000	gene 10A	16990.000000	960.000000	0.132292
754.999000	gene 11	2685.000000	157.000000	0.114650
754.999000	gene 12	2606.000000	156.000000	0.391026
754.999000	gene 13	4570.000000	290.000000	0.089655
754.999000	gene 14	4193.000000	285.000000	0.119298
754.999000	gene 15	4176.000000	283.000000	0.448763
754.999000	gene 16	3578.000000	266.000000	0.819549
754.999000	gene 17	4390.000000	348.000000	0.278736
754.999000	gene 17.5	4215.000000	337.000000	0.056380
754.999000	gene 18	4177.000000	335.000000	0.050746
754.999000	gene 18.5	4052.000000	332.000000	0.075301
754.999000	gene 18.7	4150.000000	332.000000	0.048193
754.999000	gene 19	3915.000000	329.000000	0.373860
754.999000	gene 19.2	3816.000000	324.000000	0.058642
754.999000	gene 19.3	3802.000000	320.000000	0.053125
754.999000	gene 19.5	3525.000000	314.000000	0.035032
754.999000	gene 2.5	1752.000000	67.000000	0.134328
754.999000	gene 2.8	1727.000000	66.000000	0.075758
754.999000	gene 3	1632.000000	66.000000	0.090909
754.999000	gene 3.8	1931.000000	75.000000	0.040000
754.999000	gene 4.2	1992.000000	85.000000	0.094118
754.999000	gene 4.3	2107.000000	85.000000	0.058824
754.999000	gene 4.5	2309.000000	104.000000	0.076923
754.999000	gene 4.7	2325.000000	104.000000	0.086538
754.999000	gene 4A	1809.000000	74.000000	0.405405
754.999000	gene 5	2429.000000	111.000000	0.288288
754.999000	gene 5.3	2343.000000	106.000000	0.075472
754.999000	gene 5.5	2334.000000	105.000000	0.057143
754.999000	gene 5.7	2239.000000	105.000000	0.028571
754.999000	gene 5.9	2275.000000	105.000000	0.038095
754.999000	gene 6	2189.000000	105.000000	0.152381
754.999000	gene 6.3	2277.000000	103.000000	0.058252
754.999000	gene 6.5	3884.000000	200.000000	0.035000
754.999000	gene 6.7	3879.000000	199.000000	0.035176
754.999000	gene 7	3783.000000	198.000000	0.085859
754.999000	gene 7.3	3826.000000	198.000000	0.030303
754.999000	gene 7.7	3809.000000	199.000000	0.095477
754.999000	gene 8	3550.000000	197.000000	0.253807
754.999000	gene 9	7944.000000	441.000000	0.113379
754.999000	gp-2	796.000000	61.000000	0.049180
754.999000	lysozyme-3.5	1142.000000	65.000000	0.123077
754.999000	nonpref_charged	1146.000000	0.000000	0.000000
754.999000	nonpref_uncharged	13854.000000	0.000000	0.000000
754.999000	pref_charged	20937.000000	0.000000	0.000000
754.999000	pref_uncharged	14063.000000	0.000000	0.000000
754.999000	protein_kinase-0.7	702.000000	11.000000	0.272727
754.999000	rnapol-1	0.000000	11.000000	5.909091
754.999000	rnapol-3.5	406.000000	0.000000	0.000000
759.999001	E. coli B promoter	1.000000	0.000000	0.000000
759.999001	E. coli C promoter	1.000000	0.000000	0.000000
759.999001	E. coli promoter A1	1.000000	0.000000	0.000000
759.999001	E. coli promoter A2	1.000000	0.000000	0.000000
759.999001	E. coli promoter A3	1.000000	0.000000	0.000000
759.999001	T7 promoter phi1.1A	1.000000	0.000000	0.000000
759.999001	T7 promoter phi1.1B	1.000000	0.000000	0.000000
759.999001	T7 promoter phi1.3	0.000000	0.000000	0.000000
759.999001	T7 promoter phi1.5	1.000000	0.000000	0.000000
759.999001	T7 promoter phi1.6	1.000000	0.000000	0.000000
759.999001	T7 promoter phi10	0.000000	0.000000	0.000000
759.999001	T7 promoter phi13	0.000000	0.000000	0.000000
759.999001	T7 promoter phi17	1.000000	0.000000	0.000000
759.999001	T7 promoter phi2.5	1.000000	0.000000	0.000000
759.999001	T7 promoter phi3.8	1.000000	0.000000	0.000000
759.999001	T7 promoter phi4.3	1.000000	0.000000	0.000000
759.999001	T7 promoter phi4.7	0.000000	0.000000	0.000000
759.999001	T7 promoter phi4c	1.000000	0.000000	0.000000
759.999001	T7 promoter phi6.5	1.000000	0.000000	0.000000
759.999001	T7 promoter phi9	1.000000	0.000000	0.000000
759.999001	__gene 0.3_rbs	11.000000	0.000000	0.000000
759.999001	__gene 1.1_rbs	31.000000	0.000000	0.000000
759.999001	__gene 1.2_rbs	21.000000	0.000000	0.000000
759.999001	__gene 1.3_rbs	40.000000	0.000000	0.000000
759.999001	__gene 1.4_rbs	37.000000	0.000000	0.000000
759.999001	__gene 1.7_rbs	63.000000	0.000000	0.000000
759.999001	__gene 1.8_rbs	61.000000	0.000000	0.000000
759.999001	__gene 10A_rbs	975.000000	0.000000	0.000000
759.999001	__gene 11_rbs	159.000000	0.000000	0.000000
759.999001	__gene 12_rbs	156.000000	0.000000	0.000000
759.999001	__gene 13_rbs	292.000000	0.000000	0.000000
759.999001	__gene 14_rbs	290.000000	0.000000	0.000000
759.999001	__gene 15_rbs	290.000000	0.000000	0.000000
759.999001	__gene 16_rbs	271.000000	0.000000	0.000000
759.999001	__gene 17.5_rbs	346.000000	0.000000	0.000000
759.999001	__gene 17_rbs	359.000000	0.000000	0.000000
759.999001	__gene 18.5_rbs	337.000000	0.000000	0.000000
759.999001	__gene 18.7_rbs	337.000000	0.000000	0.000000
759.999001	__gene 18_rbs	339.000000	0.000000	0.000000
759.999001	__gene 19.2_rbs	322.000000	0.000000	0.000000
759.999001	__gene 19.3_rbs	323.000000	0.000000	0.000000
759.999001	__gene 19.5_rbs	319.000000	0.000000	0.000000
759.999001	__gene 19_rbs	336.000000	0.000000	0.000000
759.999001	__gene 2.5_rbs	68.000000	0.000000	0.000000
759.999001	__gene 2.8_rbs	67.000000	0.000000	0.000000
759.999001	__gene 3.8_rbs	77.000000	0.000000	0.000000
759.999001	__gene 3_rbs	65.000000	0.000000	0.000000
759.999001	__gene 4.2_rbs	85.000000	0.000000	0.000000
759.999001	__gene 4.3_rbs	86.000000	0.000000	0.000000
759.999001	__gene 4.5_rbs	105.000000	0.000000	0.000000
759.999001	__gene 4.7_rbs	104.000000	0.000000	0.000000
759.999001	__gene 4A_rbs	77.000000	0.000000	0.000000
759.999001	__gene 5.3_rbs	107.000000	0.000000	0.000000
759.999001	__gene 5.5_rbs	105.000000	0.000000	0.000000
759.999001	__gene 5.7_rbs	103.000000	0.000000	0.000000
759.999001	__gene 5.9_rbs	105.000000	0.000000	0.000000
759.999001	__gene 5_rbs	110.000000	0.000000	0.000000
759.999001	__gene 6.3_rbs	102.000000	0.000000	0.000000
759.999001	__gene 6.5_rbs	202.000000	0.000000	0.000000
759.999001	__gene 6.7_rbs	200.000000	0.000000	0.000000
759.999001	__gene 6_rbs	105.000000	0.000000	0.000000
759.999001	__gene 7.3_rbs	200.000000	0.000000	0.000000
759.999001	__gene 7.7_rbs	196.000000	0.000000	0.000000
759.999001	__gene 7_rbs	199.000000	0.000000	0.000000
759.999001	__gene 8_rbs	197.000000	0.000000	0.000000
759.999001	__gene 9_rbs	450.000000	0.000000	0.000000
759.999001	__gp-2_rbs	61.000000	0.000000	0.000000
759.999001	__lysozyme-3.5_rbs	67.000000	0.000000	0.000000
759.999001	__protein_kinase-0.7_rbs	11.000000	0.000000	0.000000
759.999001	__ribosome	6.000000	0.000000	0.000000
759.999001	__rnapol-1_rbs	11.000000	0.000000	0.000000
759.999001	bound_ecolipol	0.000000	0.000000	0.000000
759.999001	bound_ecolipol_p	1146.000000	0.000000	0.000000
759.999001	bound_ribosome	8085.000000	0.000000	0.000000
759.999001	degraded_transcript	24727.000000	0.000000	0.000000
759.999001	ecoli_genome	654.000000	0.000000	0.000000
759.999001	ecoli_transcript	26029.000000	0.000000	0.000000
759.999001	ecolipol	0.000000	0.000000	0.000000
759.999001	ecolipol-2	0.000000	0.000000	0.000000
759.999001	ecolipol-2-p	640.000000	0.000000	0.000000
759.999001	ecolipol-p	13.000000	0.000000	0.000000
759.999001	gene 0.3	720.000000	11.000000	0.181818
759.999001	gene 1.1	1368.000000	38.000000	0.289474
759.999001	gene 1.2	960.000000	26.000000	4.692308
759.999001	gene 1.3	1002.000000	48.000000	7.125000
759.999001	gene 1.4	961.000000	37.000000	0.027027
759.999001	gene 1.7	1602.000000	63.000000	0.095238
759.999001	gene 1.8	1599.000000	61.000000	0.065574
759.999001	gene 10A	17549.000000	979.000000	0.110317
759.999001	gene 11	2779.000000	160.000000	0.093750
759.999001	gene 12	2688.000000	158.000000	0.518987
759.999001	gene 13	4733.000000	295.000000	0.088136
759.999001	gene 14	4375.000000	294.000000	0.129252
759.999001	gene 15	4329.000000	291.000000	0.491409
759.999001	gene 16	3732.000000	273.000000	0.776557
759.999001	gene 17	4575.000000	361.000000	0.340720
759.999001	gene 17.5	4421.000000	347.000000	0.043228
759.999001	gene 18	4380.000000	345.000000	0.049275
759.999001	gene 18.5	4251.000000	342.000000	0.102339
759.999001	gene 18.7	4348.000000	342.000000	0.035088
759.999001	gene 19	4112.000000	338.000000	0.307692
759.999001	gene 19.2	4025.000000	332.000000	0.066265
759.999001	gene 19.3	4005.000000	329.000000	0.045593
759.999001	gene 19.5	3719.000000	323.000000	0.043344
759.999001	gene 2.5	1791.000000	69.000000	0.057971
759.999001	gene 2.8	1761.000000	68.000000	0.073529
759.999001	gene 3	1666.000000	67.000000	0.089552
759.999001	gene 3.8	1984.000000	78.000000	0.102564
759.999001	gene 4.2	2040.000000	86.000000	0.081395
759.999001	gene 4.3	2160.000000	86.000000	0.034884
759.999001	gene 4.5	2380.000000	105.000000	0.028571
759.999001	gene 4.7	2380.000000	104.000000	0.057692
759.999001	gene 4A	1862.000000	75.000000	0.253333
759.999001	gene 5	2480.000000	111.000000	0.459459
759.999001	gene 5.3	2397.000000	107.000000	0.065421
759.999001	gene 5.5	2389.000000	107.000000	0.074766
759.999001	gene 5.7	2299.000000	107.000000	0.037383
759.999001	gene 5.9	2330.000000	107.000000	0.046729
759.999001	gene 6	2245.000000	106.000000	0.188679
759.999001	gene 6.3	2347.000000	104.000000	0.038462
759.999001	gene 6.5	3989.000000	203.000000	0.073892
759.999001	gene 6.7	3983.000000	203.000000	0.049261
759.999001	gene 7	3903.000000	202.000000	0.094059
759.999001	gene 7.3	3938.000000	201.000000	0.034826
759.999001	gene 7.7	3914.000000	199.000000	0.105528
759.999001	gene 8	3652.000000	198.000000	0.282828
759.999001	gene 9	8183.000000	451.000000	0.168514
759.999001	gp-2	826.000000	62.000000	0.032258
759.999001	lysozyme-3.5	1185.000000	67.000000	0.074627
759.999001	nonpref_charged	1146.000000	0.000000	0.000000
759.999001	nonpref_uncharged	13854.000000	0.000000	0.000000
759.999001	pref_charged	21123.000000	0.000000	0.000000
759.999001	pref_uncharged	13877.000000	0.000000	0.000000
759.999001	protein_kinase-0.7	706.000000	11.000000	0.181818
759.999001	rnapol-1	1.000000	11.000000	6.090909
759.999001	rnapol-3.5	399.000000	0.000000	0.000000
764.999001	E. coli B promoter	1.000000	0.000000	0.000000
764.999001	E. coli C promoter	1.000000	0.000000	0.000000
764.999001	E. coli promoter A1	1.000000	0.000000	0.000000
764.999001	E. coli promoter A2	1.000000	0.000000	0.000000
764.999001	E. coli promoter A3	1.000000	0.000000	0.000000
764.999001	T7 promoter phi1.1A	1.000000	0.000000	0.000000
764.999001	T7 promoter phi1.1B	1.000000	0.000000	0.000000
764.999001	T7 promoter phi1.3	1.000000	0.000000	0.000000
764.999001	T7 promoter phi1.5	1.000000	0.000000	0.000000
764.999001	T7 promoter phi1.6	0.000000	0.000000	0.000000
764.999001	T7 promoter phi10	0.000000	0.000000	0.000000
764.999001	T7 promoter phi13	1.000000	0.000000	0.000000
764.999001	T7 promoter phi17	1.000000	0.000000	0.000000
764.999001	T7 promoter phi2.5	1.000000	0.000000	0.000000
764.999001	T7 promoter phi3.8	0.000000	0.000000	0.000000
764.999001	T7 promoter phi4.3	0.000000	0.000000	0.000000
764.999001	T7 promoter phi4.7	1.000000	0.000000	0.000000
764.999001	T7 promoter phi4c	1.000000	0.000000	0.000000
764.999001	T7 promoter phi6.5	0.000000	0.000000	0.000000
764.999001	T7 promoter phi9	1.000000	0.000000	0.000000
764.999001	__gene 0.3_rbs	11.000000	0.000000	0.000000
764.999001	__gene 1.1_rbs	31.000000	0.000000	0.000000
764.999001	__gene 1.2_rbs	21.000000	0.000000	0.000000
764.999001	__gene 1.3_rbs	42.000000	0.000000	0.000000
764.999001	__gene 1.4_rbs	38.000000	0.000000	0.000000
764.999001	__gene 1.7_rbs	65.000000	0.000000	0.000000
764.999001	__gene 1.8_rbs	61.000000	0.000000	0.000000
764.999001	__gene 10A_rbs	993.000000	0.000000	0.000000
764.999001	__gene 11_rbs	163.000000	0.000000	0.000000
764.999001	__gene 12_rbs	160.000000	0.000000	0.000000
764.999001	__gene 13_rbs	298.000000	0.000000	0.000000
764.999001	__gene 14_rbs	294.000000	0.000000	0.000000
764.999001	__gene 15_rbs	292.000000	0.000000	0.000000
764.999001	__gene 16_rbs	282.000000	0.000000	0.000000
764.999001	__gene 17.5_rbs	355.000000	0.000000	0.000000
764.999001	__gene 17_rbs	366.000000	0.000000	0.000000
764.999001	__gene 18.5_rbs	346.000000	0.000000	0.000000
764.999001	__gene 18.7_rbs	333.000000	0.000000	0.000000
764.999001	__gene 18_rbs	348.000000	0.000000	0.000000
764.999001	__gene 19.2_rbs	336.000000	0.000000	0.000000
764.999001	__gene 19.3_rbs	333.000000	0.000000	0.000000
764.999001	__gene 19.5_rbs	328.000000	0.000000	0.000000
764.999001	__gene 19_rbs	347.000000	0.000000	0.000000
764.999001	__gene 2.5_rbs	72.000000	0.000000	0.000000
764.999001	__gene 2.8_rbs	65.000000	0.000000	0.000000
764.999001	__gene 3.8_rbs	77.000000	0.000000	0.000000
764.999001	__gene 3_rbs	69.000000	0.000000	0.000000
764.999001	__gene 4.2_rbs	87.000000	0.000000	0.000000
764.999001	__gene 4.3_rbs	87.000000	0.000000	0.000000
764.999001	__gene 4.5_rbs	105.000000	0.000000	0.000000
764.999001	__gene 4.7_rbs	103.000000	0.000000	0.000000
764.999001	__gene 4A_rbs	78.000000	0.000000	0.000000
764.999001	__gene 5.3_rbs	111.000000	0.000000	0.000000
764.999001	__gene 5.5_rbs	110.000000	0.000000	0.000000
764.999001	__gene 5.7_rbs	107.000000	0.000000	0.000000
764.999001	__gene 5.9_rbs	104.000000	0.000000	0.000000
764.999001	__gene 5_rbs	112.000000	0.000000	0.000000
764.999001	__gene 6.3_rbs	107.000000	0.000000	0.000000
764.999001	__gene 6.5_rbs	204.000000	0.000000	0.000000
764.999001	__gene 6.7_rbs	204.000000	0.000000	0.000000
764.999001	__gene 6_rbs	103.000000	0.000000	0.000000
764.999001	__gene 7.3_rbs	203.000000	0.000000	0.000000
764.999001	__gene 7.7_rbs	200.000000	0.000000	0.000000
764.999001	__gene 7_rbs	199.000000	0.000000	0.000000
764.999001	__gene 8_rbs	199.000000	0.000000	0.000000
764.999001	__gene 9_rbs	463.000000	0.000000	0.000000
764.999001	__gp-2_rbs	63.000000	0.000000	0.000000
764.999001	__lysozyme-3.5_rbs	68.000000	0.000000	0.000000
764.999001	__protein_kinase-0.7_rbs	11.000000	0.000000	0.000000
764.999001	__ribosome	9.000000	0.000000	0.000000
764.999001	__rnapol-1_rbs	11.000000	0.000000	0.000000
764.999001	bound_ecolipol	0.000000	0.000000	0.000000
764.999001	bound_ecolipol_p	1154.000000	0.000000	0.000000
764.999001	bound_ribosome	7943.000000	0.000000	0.000000
764.999001	degraded_transcript	24963.000000	0.000000	0.000000
764.999001	ecoli_genome	646.000000	0.000000	0.000000
764.999001	ecoli_transcript	26167.000000	0.000000	0.000000
764.999001	ecolipol	0.000000	0.000000	0.000000
764.999001	ecolipol-2	0.000000	0.000000	0.000000
764.999001	ecolipol-2-p	629.000000	0.000000	0.000000
764.999001	ecolipol-p	16.000000	0.000000	0.000000
764.999001	gene 0.3	730.000000	11.000000	0.272727
764.999001	gene 1.1	1383.000000	39.000000	0.358974
764.999001	gene 1.2	975.000000	26.000000	4.769231
764.999001	gene 1.3	1019.000000	49.000000	7.020408
764.999001	gene 1.4	974.000000	38.000000	0.078947
764.999001	gene 1.7	1635.000000	65.000000	0.200000
764.999001	gene 1.8	1642.000000	64.000000	0.062500
764.999001	gene 10A	18095.000000	999.000000	0.148148
764.999001	gene 11	2864.000000	163.000000	0.098160
764.999001	gene 12	2783.000000	162.000000	0.487654
764.999001	gene 13	4908.000000	303.000000	0.132013
764.999001	gene 14	4548.000000	300.000000	0.133333
764.999001	gene 15	4488.000000	296.000000	0.479730
764.999001	gene 16	3888.000000	283.000000	0.749117
764.999001	gene 17	4781.000000	368.000000	0.301630
764.999001	gene 17.5	4597.000000	356.000000	0.050562
764.999001	gene 18	4592.000000	353.000000	0.059490
764.999001	gene 18.5	4449.000000	349.000000	0.100287
764.999001	gene 18.7	4510.000000	347.000000	0.100865
764.999001	gene 19	4297.000000	347.000000	0.380403
764.999001	gene 19.2	4201.000000	343.000000	0.034985
764.999001	gene 19.3	4194.000000	338.000000	0.035503
764.999001	gene 19.5	3919.000000	331.000000	0.030211
764.999001	gene 2.5	1833.000000	72.000000	0.097222
764.999001	gene 2.8	1797.000000	70.000000	0.142857
764.999001	gene 3	1709.000000	70.000000	0.100000
764.999001	gene 3.8	2030.000000	79.000000	0.101266
764.999001	gene 4.2	2103.000000	88.000000	0.068182
764.999001	gene 4.3	2202.000000	87.000000	0.034483
764.999001	gene 4.5	2439.000000	105.000000	0.104762
764.999001	gene 4.7	2439.000000	105.000000	0.123810
764.999001	gene 4A	1900.000000	76.000000	0.315789
764.999001	gene 5	2544.000000	112.000000	0.383929
764.999001	gene 5.3	2453.000000	111.000000	0.063063
764.999001	gene 5.5	2456.000000	110.000000	0.063636
764.999001	gene 5.7	2361.000000	107.000000	0.037383
764.999001	gene 5.9	2390.000000	107.000000	0.084112
764.999001	gene 6	2308.000000	107.000000	0.140187
764.999001	gene 6.3	2398.000000	107.000000	0.028037
764.999001	gene 6.5	4110.000000	206.000000	0.063107
764.999001	gene 6.7	4087.000000	206.000000	0.067961
764.999001	gene 7	4014.000000	204.000000	0.107843
764.999001	gene 7.3	4041.000000	202.000000	0.019802
764.999001	gene 7.7	4030.000000	203.000000	0.083744
764.999001	gene 8	3756.000000	202.000000	0.410891
764.999001	gene 9	8454.000000	464.000000	0.144397
764.999001	gp-2	875.000000	64.000000	0.046875
764.999001	lysozyme-3.5	1206.000000	68.000000	0.102941
764.999001	nonpref_charged	971.000000	0.000000	0.000000
764.999001	nonpref_uncharged	14029.000000	0.000000	0.000000
764.999001	pref_charged	20693.000000	0.000000	0.000000
764.999001	pref_uncharged	14307.000000	0.000000	0.000000
764.999001	protein_kinase-0.7	711.000000	11.000000	0.454545
764.999001	rnapol-1	0.000000	11.000000	6.181818
764.999001	rnapol-3.5	401.000000	0.000000	0.000000
769.999001	E. coli B promoter	1.000000	0.000000	0.000000
769.999001	E. coli C promoter	1.000000	0.000000	0.000000
769.999001	E. coli promoter A1	1.000000	0.000000	0.000000
769.999001	E. coli promoter A2	1.000000	0.000000	0.000000
769.999001	E. coli promoter A3	1.000000	0.000000	0.000000
769.999001	T7 promoter phi1.1A	1.000000	0.000000	0.000000
769.999001	T7 promoter phi1.1B	1.000000	0.000000	0.000000
769.999001	T7 promoter phi1.3	1.000000	0.000000	0.000000
769.999001	T7 promoter phi1.5	1.000000	0.000000	0.000000
769.999001	T7 promoter phi1.6	1.000000	0.000000	0.000000
769.999001	T7 promoter phi10	0.000000	0.000000	0.000000
769.999001	T7 promoter phi13	1.000000	0.000000	0.000000
769.999001	T7 promoter phi17	0.000000	0.000000	0.000000
769.999001	T7 promoter phi2.5	0.000000	0.000000	0.000000
769.999001	T7 promoter phi3.8	1.000000	0.000000	0.000000
769.999001	T7 promoter phi4.3	1.000000	0.000000	0.000000
769.999001	T7 promoter phi4.7	1.000000	0.000000	0.000000
769.999001	T7 promoter phi4c	1.000000	0.000000	0.000000
769.999001	T7 promoter phi6.5	1.000000	0.000000	0.000000
769.999001	T7 promoter phi9	0.000000	0.000000	0.000000
769.999001	__gene 0.3_rbs	11.000000	0.000000	0.000000
769.999001	__gene 1.1_rbs	32.000000	0.000000	0.000000
769.999001	__gene 1.2_rbs	22.000000	0.000000	0.000000
769.999001	__gene 1.3_rbs	43.000000	0.000000	0.000000
769.999001	__gene 1.4_rbs	38.000000	0.000000	0.000000
769.999001	__gene 1.7_rbs	67.000000	0.000000	0.000000
769.999001	__gene 1.8_rbs	65.000000	0.000000	0.000000
769.999001	__gene 10A_rbs	1015.000000	0.000000	0.000000
769.999001	__gene 11_rbs	163.000000	0.000000	0.000000
769.999001	__gene 12_rbs	158.000000	0.000000	0.000000
769.999001	__gene 13_rbs	306.000000	0.000000	0.000000
769.999001	__gene 14_rbs	299.000000	0.000000	0.000000
769.999001	__gene 15_rbs	293.000000	0.000000	0.000000
769.999001	__gene 16_rbs	289.000000	0.000000	0.000000
769.999001	__gene 17.5_rbs	362.000000	0.000000	0.000000
769.999001	__gene 17_rbs	373.000000	0.000000	0.000000
769.999001	__gene 18.5_rbs	358.000000	0.000000	0.000000
769.999001	__gene 18.7_rbs	356.000000	0.000000	0.000000
769.999001	__gene 18_rbs	357.000000	0.000000	0.000000
769.999001	__gene 19.2_rbs	341.000000	0.000000	0.000000
769.999001	__gene 19.3_rbs	338.000000	0.000000	0.000000
769.999001	__gene 19.5_rbs	338.000000	0.000000	0.000000
769.999001	__gene 19_rbs	352.000000	0.000000	0.000000
769.999001	__gene 2.5_rbs	73.000000	0.000000	0.000000
769.999001	__gene 2.8_rbs	71.000000	0.000000	0.000000
769.999001	__gene 3.8_rbs	82.000000	0.000000	0.000000
769.999001	__gene 3_rbs	71.000000	0.000000	0.000000
769.999001	__gene 4.2_rbs	90.000000	0.000000	0.000000
769.999001	__gene 4.3_rbs	89.000000	0.000000	0.000000
769.999001	__gene 4.5_rbs	108.000000	0.000000	0.000000
769.999001	__gene 4.7_rbs	107.000000	0.000000	0.000000
769.999001	__gene 4A_rbs	77.000000	0.000000	0.000000
769.999001	__gene 5.3_rbs	111.000000	0.000000	0.000000
769.999001	__gene 5.5_rbs	107.000000	0.000000	0.000000
769.999001	__gene 5.7_rbs	108.000000	0.000000	0.000000
769.999001	__gene 5.9_rbs	109.000000	0.000000	0.000000
769.999001	__gene 5_rbs	112.000000	0.000000	0.000000
769.999001	__gene 6.3_rbs	104.000000	0.000000	0.000000
769.999001	__gene 6.5_rbs	210.000000	0.000000	0.000000
769.999001	__gene 6.7_rbs	203.000000	0.000000	0.000000
769.999001	__gene 6_rbs	108.000000	0.000000	0.000000
769.999001	__gene 7.3_rbs	207.000000	0.000000	0.000000
769.999001	__gene 7.7_rbs	202.000000	0.000000	0.000000
769.999001	__gene 7_rbs	202.000000	0.000000	0.000000
769.999001	__gene 8_rbs	200.000000	0.000000	0.000000
769.999001	__gene 9_rbs	475.000000	0.000000	0.000000
769.999001	__gp-2_rbs	65.000000	0.000000	0.000000
769.999001	__lysozyme-3.5_rbs	70.000000	0.000000	0.000000
769.999001	__protein_kinase-0.7_rbs	11.000000	0.000000	0.000000
769.999001	__ribosome	7.000000	0.000000	0.000000
769.999001	__rnapol-1_rbs	11.000000	0.000000	0.000000
769.999001	bound_ecolipol	0.000000	0.000000	0.000000
769.999001	bound_ecolipol_p	1143.000000	0.000000	0.000000
769.999001	bound_ribosome	7854.000000	0.000000	0.000000
769.999001	degraded_transcript	25233.000000	0.000000	0.000000
769.999001	ecoli_genome	657.000000	0.000000	0.000000
769.999001	ecoli_transcript	26191.000000	0.000000	0.000000
769.999001	ecolipol	0.000000	0.000000	0.000000
769.999001	ecolipol-2	0.000000	0.000000	0.000000
769.999001	ecolipol-2-p	640.000000	0.000000	0.000000
769.999001	ecolipol-p	16.000000	0.000000	0.000000
769.999001	gene 0.3	735.000000	11.000000	0.090909
769.999001	gene 1.1	1403.000000	40.000000	0.325000
769.999001	gene 1.2	985.000000	27.000000	4.592593
769.999001	gene 1.3	1041.000000	51.000000	6.941176
769.999001	gene 1.4	994.000000	38.000000	0.052632
769.999001	gene 1.7	1683.000000	67.000000	0.179104
769.999001	gene 1.8	1676.000000	67.000000	0.029851
769.999001	gene 10A	18682.000000	1018.000000	0.124754
769.999001	gene 11	2958.000000	165.000000	0.103030
769.999001	gene 12	2864.000000	164.000000	0.560976
769.999001	gene 13	5083.000000	309.000000	0.080906
769.999001	gene 14	4732.000000	305.000000	0.131148
769.999001	gene 15	4642.000000	303.000000	0.528053
769.999001	gene 16	4020.000000	291.000000	0.835052
769.999001	gene 17	4956.000000	373.000000	0.361930
769.999001	gene 17.5	4809.000000	364.000000	0.046703
769.999001	gene 18	4799.000000	363.000000	0.066116
769.999001	gene 18.5	4651.000000	361.000000	0.077562
769.999001	gene 18.7	4697.000000	360.000000	0.050000
769.999001	gene 19	4483.000000	357.000000	0.397759
769.999001	gene 19.2	4389.000000	349.000000	0.063037
769.999001	gene 19.3	4360.000000	347.000000	0.063401
769.999001	gene 19.5	4089.000000	342.000000	0.049708
769.999001	gene 2.5	1869.000000	74.000000	0.081081
769.999001	gene 2.8	1842.000000	72.000000	0.055556
769.999001	gene 3	1745.000000	72.000000	0.138889
769.999001	gene 3.8	2074.000000	82.000000	0.097561
769.999001	gene 4.2	2140.000000	91.000000	0.054945
769.999001	gene 4.3	2246.000000	90.000000	0.044444
769.999001	gene 4.5	2508.000000	109.000000	0.018349
769.999001	gene 4.7	2503.000000	108.000000	0.111111
769.999001	gene 4A	1939.000000	79.000000	0.455696
769.999001	gene 5	2602.000000	114.000000	0.385965
769.999001	gene 5.3	2498.000000	111.000000	0.036036
769.999001	gene 5.5	2506.000000	111.000000	0.090090
769.999001	gene 5.7	2423.000000	111.000000	0.027027
769.999001	gene 5.9	2452.000000	111.000000	0.036036
769.999001	gene 6	2369.000000	111.000000	0.207207
769.999001	gene 6.3	2480.000000	107.000000	0.037383
769.999001	gene 6.5	4231.000000	211.000000	0.080569
769.999001	gene 6.7	4195.000000	210.000000	0.076190
769.999001	gene 7	4126.000000	207.000000	0.082126
769.999001	gene 7.3	4146.000000	205.000000	0.058537
769.999001	gene 7.7	4133.000000	206.000000	0.126214
769.999001	gene 8	3885.000000	204.000000	0.352941
769.999001	gene 9	8688.000000	477.000000	0.169811
769.999001	gp-2	906.000000	67.000000	0.014925
769.999001	lysozyme-3.5	1243.000000	70.000000	0.042857
769.999001	nonpref_charged	968.000000	0.000000	0.000000
769.999001	nonpref_uncharged	14032.000000	0.000000	0.000000
769.999001	pref_charged	21413.000000	0.000000	0.000000
769.999001	pref_uncharged	13587.000000	0.000000	0.000000
769.999001	protein_kinase-0.7	716.000000	11.000000	0.727273
769.999001	rnapol-1	0.000000	11.000000	6.363636
769.999001	rnapol-3.5	398.000000	0.000000	0.000000
774.999001	E. coli B promoter	1.000000	0.000000	0.000000
774.999001	E. coli C promoter	1.000000	0.000000	0.000000
774.999001	E. coli promoter A1	1.000000	0.000000	0.000000
774.999001	E. coli promoter A2	1.000000	0.000000	0.000000
774.999001	E. coli promoter A3	1.000000	0.000000	0.000000
774.999001	T7 promoter phi1.1A	1.000000	0.000000	0.000000
774.999001	T7 promoter phi1.1B	1.000000	0.000000	0.000000
774.999001	T7 promoter phi1.3	1.000000	0.000000	0.000000
774.999001	T7 promoter phi1.5	1.000000	0.000000	0.000000
774.999001	T7 promoter phi1.6	1.000000	0.000000	0.000000
774.999001	T7 promoter phi10	0.000000	0.000000	0.000000
774.999001	T7 promoter phi13	1.000000	0.000000	0.000000
774.999001	T7 promoter phi17	1.000000	0.000000	0.000000
774.999001	T7 promoter phi2.5	1.000000	0.000000	0.000000
774.999001	T7 promoter phi3.8	1.000000	0.000000	0.000000
774.999001	T7 promoter phi4.3	1.000000	0.000000	0.000000
774.999001	T7 promoter phi4.7	1.000000	0.000000	0.000000
774.999001	T7 promoter phi4c	0.000000	0.000000	0.000000
774.999001	T7 promoter phi6.5	1.000000	0.000000	0.000000
774.999001	T7 promoter phi9	0.000000	0.000000	0.000000
774.999001	__gene 0.3_rbs	11.000000	0.000000	0.000000
774.999001	__gene 1.1_rbs	34.000000	0.000000	0.000000
774.999001	__gene 1.2_rbs	23.000000	0.000000	0.000000
774.999001	__gene 1.3_rbs	43.000000	0.000000	0.000000
774.999001	__gene 1.4_rbs	38.000000	0.000000	0.000000
774.999001	__gene 1.7_rbs	67.000000	0.000000	0.000000
774.999001	__gene 1.8_rbs	65.000000	0.000000	0.000000
774.999001	__gene 10A_rbs	1036.000000	0.000000	0.000000
774.999001	__gene 11_rbs	163.000000	0.000000	0.000000
774.999001	__gene 12_rbs	158.000000	0.000000	0.000000
774.999001	__gene 13_rbs	316.000000	0.000000	0.000000
774.999001	__gene 14_rbs	309.000000	0.000000	0.000000
774.999001	__gene 15_rbs	306.000000	0.000000	0.000000
774.999001	__gene 16_rbs	291.000000	0.000000	0.000000
774.999001	__gene 17.5_rbs	368.000000	0.000000	0.000000
774.999001	__gene 17_rbs	384.000000	0.000000	0.000000
774.999001	__gene 18.5_rbs	365.000000	0.000000	0.000000
774.999001	__gene 18.7_rbs	361.000000	0.000000	0.000000
774.999001	__gene 18_rbs	360.000000	0.000000	0.000000
774.999001	__gene 19.2_rbs	355.000000	0.000000	0.000000
774.999001	__gene 19.3_rbs	345.000000	0.000000	0.000000
774.999001	__gene 19.5_rbs	346.000000	0.000000	0.000000
774.999001	__gene 19_rbs	363.000000	0.000000	0.000000
774.999001	__gene 2.5_rbs	77.000000	0.000000	0.000000
774.999001	__gene 2.8_rbs	74.000000	0.000000	0.000000
774.999001	__gene 3.8_rbs	83.000000	0.000000	0.000000
774.999001	__gene 3_rbs	75.000000	0.000000	0.000000
774.999001	__gene 4.2_rbs	93.000000	0.000000	0.000000
774.999001	__gene 4.3_rbs	92.000000	0.000000	0.000000
774.999001	__gene 4.5_rbs	110.000000	0.000000	0.000000
774.999001	__gene 4.7_rbs	110.000000	0.000000	0.000000
774.999001	__gene 4A_rbs	83.000000	0.000000	0.000000
774.999001	__gene 5.3_rbs	111.000000	0.000000	0.000000
774.999001	__gene 5.5_rbs	111.000000	0.000000	0.000000
774.999001	__gene 5.7_rbs	111.000000	0.000000	0.000000
774.999001	__gene 5.9_rbs	108.000000	0.000000	0.000000
774.999001	__gene 5_rbs	117.000000	0.000000	0.000000
774.999001	__gene 6.3_rbs	108.000000	0.000000	0.000000
774.999001	__gene 6.5_rbs	215.000000	0.000000	0.000000
774.999001	__gene 6.7_rbs	212.000000	0.000000	0.000000
774.999001	__gene 6_rbs	106.000000	0.000000	0.000000
774.999001	__gene 7.3_rbs	205.000000	0.000000	0.000000
774.999001	__gene 7.7_rbs	208.000000	0.000000	0.000000
774.999001	__gene 7_rbs	212.000000	0.000000	0.000000
774.999001	__gene 8_rbs	205.000000	0.000000	0.000000
774.999001	__gene 9_rbs	482.000000	0.000000	0.000000
774.999001	__gp-2_rbs	64.000000	0.000000	0.000000
774.999001	__lysozyme-3.5_rbs	72.000000	0.000000	0.000000
774.999001	__protein_kinase-0.7_rbs	11.000000	0.000000	0.000000
774.999001	__ribosome	4.000000	0.000000	0.000000
774.999001	__rnapol-1_rbs	11.000000	0.000000	0.000000
774.999001	bound_ecolipol	0.000000	0.000000	0.000000
774.999001	bound_ecolipol_p	1116.000000	0.000000	0.000000
774.999001	bound_ribosome	7747.000000	0.000000	0.000000
774.999001	degraded_transcript	25504.000000	0.000000	0.000000
774.999001	ecoli_genome	684.000000	0.000000	0.000000
774.999001	ecoli_transcript	26252.000000	0.000000	0.000000
774.999001	ecolipol	0.000000	0.000000	0.000000
774.999001	ecolipol-2	0.000000	0.000000	0.000000
774.999001	ecolipol-2-p	664.000000	0.000000	0.000000
774.999001	ecolipol-p	19.000000	0.000000	0.000000
774.999001	gene 0.3	739.000000	11.000000	0.090909
774.999001	gene 1.1	1415.000000	41.000000	0.292683
774.999001	gene 1.2	999.000000	28.000000	4.392857
774.999001	gene 1.3	1066.000000	52.000000	6.826923
774.999001	gene 1.4	1011.000000	38.000000	0.000000
774.999001	gene 1.7	1722.000000	67.000000	0.179104
774.999001	gene 1.8	1710.000000	67.000000	0.059701
774.999001	gene 10A	19208.000000	1040.000000	0.150962
774.999001	gene 11	3050.000000	167.000000	0.107784
774.999001	gene 12	2960.000000	166.000000	0.469880
774.999001	gene 13	5246.000000	320.000000	0.112500
774.999001	gene 14	4905.000000	314.000000	0.121019
774.999001	gene 15	4808.000000	310.000000	0.554839
774.999001	gene 16	4172.000000	296.000000	0.895270
774.999001	gene 17	5151.000000	385.000000	0.355844
774.999001	gene 17.5	4988.000000	372.000000	0.064516
774.999001	gene 18	4972.000000	370.000000	0.059459
774.999001	gene 18.5	4849.000000	369.000000	0.102981
774.999001	gene 18.7	4907.000000	368.000000	0.076087
774.999001	gene 19	4685.000000	365.000000	0.424658
774.999001	gene 19.2	4599.000000	361.000000	0.077562
774.999001	gene 19.3	4540.000000	356.000000	0.056180
774.999001	gene 19.5	4242.000000	347.000000	0.025937
774.999001	gene 2.5	1907.000000	77.000000	0.116883
774.999001	gene 2.8	1877.000000	74.000000	0.067568
774.999001	gene 3	1773.000000	75.000000	0.120000
774.999001	gene 3.8	2118.000000	85.000000	0.082353
774.999001	gene 4.2	2184.000000	93.000000	0.086022
774.999001	gene 4.3	2280.000000	92.000000	0.032609
774.999001	gene 4.5	2575.000000	110.000000	0.009091
774.999001	gene 4.7	2563.000000	110.000000	0.045455
774.999001	gene 4A	1990.000000	84.000000	0.369048
774.999001	gene 5	2656.000000	117.000000	0.435897
774.999001	gene 5.3	2558.000000	112.000000	0.098214
774.999001	gene 5.5	2573.000000	112.000000	0.053571
774.999001	gene 5.7	2479.000000	112.000000	0.035714
774.999001	gene 5.9	2509.000000	111.000000	0.063063
774.999001	gene 6	2434.000000	111.000000	0.171171
774.999001	gene 6.3	2550.000000	110.000000	0.027273
774.999001	gene 6.5	4344.000000	217.000000	0.064516
774.999001	gene 6.7	4330.000000	216.000000	0.064815
774.999001	gene 7	4220.000000	214.000000	0.060748
774.999001	gene 7.3	4254.000000	209.000000	0.066986
774.999001	gene 7.7	4257.000000	211.000000	0.085308
774.999001	gene 8	3990.000000	208.000000	0.403846
774.999001	gene 9	8943.000000	486.000000	0.172840
774.999001	gp-2	920.000000	67.000000	0.059701
774.999001	lysozyme-3.5	1275.000000	73.000000	0.123288
774.999001	nonpref_charged	876.000000	0.000000	0.000000
774.999001	nonpref_uncharged	14124.000000	0.000000	0.000000
774.999001	pref_charged	21181.000000	0.000000	0.000000
774.999001	pref_uncharged	13819.000000	0.000000	0.000000
774.999001	protein_kinase-0.7	726.000000	11.000000	0.727273
774.999001	rnapol-1	0.000000	11.000000	6.909091
774.999001	rnapol-3.5	404.000000	0.000000	0.000000
779.999000	E. coli B promoter	1.000000	0.000000	0.000000
779.999000	E. coli C promoter	1.000000	0.000000	0.000000
779.999000	E. coli promoter A1	1.000000	0.000000	0.000000
779.999000	E. coli promoter A2	1.000000	0.000000	0.000000
779.999000	E. coli promoter A3	1.000000	0.000000	0.000000
779.999000	T7 promoter phi1.1A	1.000000	0.000000	0.000000
779.999000	T7 promoter phi1.1B	1.000000	0.000000	0.000000
779.999000	T7 promoter phi1.3	1.000000	0.000000	0.000000
779.999000	T7 promoter phi1.5	1.000000	0.000000	0.000000
779.999000	T7 promoter phi1.6	1.000000	0.000000	0.000000
779.999000	T7 promoter phi10	0.000000	0.000000	0.000000
779.999000	T7 promoter phi13	1.000000	0.000000	0.000000
779.999000	T7 promoter phi17	0.000000	0.000000	0.000000
779.999000	T7 promoter phi2.5	1.000000	0.000000	0.000000
779.999000	T7 promoter phi3.8	1.000000	0.000000	0.000000
779.999000	T7 promoter phi4.3	1.000000	0.000000	0.000000
779.999000	T7 promoter phi4.7	1.000000	0.000000	0.000000
779.999000	T7 promoter phi4c	1.000000	0.000000	0.000000
779.999000	T7 promoter phi6.5	0.000000	0.000000	0.000000
779.999000	T7 promoter phi9	1.000000	0.000000	0.000000
779.999000	__gene 0.3_rbs	11.000000	0.000000	0.000000
779.999000	__gene 1.1_rbs	35.000000	0.000000	0.000000
779.999000	__gene 1.2_rbs	24.000000	0.000000	0.000000
779.999000	__gene 1.3_rbs	45.000000	0.000000	0.000000
779.999000	__gene 1.4_rbs	38.000000	0.000000	0.000000
779.999000	__gene 1.7_rbs	68.000000	0.000000	0.000000
779.999000	__gene 1.8_rbs	67.000000	0.000000	0.000000
779.999000	__gene 10A_rbs	1053.000000	0.000000	0.000000
779.999000	__gene 11_rbs	170.000000	0.000000	0.000000
779.999000	__gene 12_rbs	165.000000	0.000000	0.000000
779.999000	__gene 13_rbs	323.000000	0.000000	0.000000
779.999000	__gene 14_rbs	321.000000	0.000000	0.000000
779.999000	__gene 15_rbs	314.000000	0.000000	0.000000
779.999000	__gene 16_rbs	301.000000	0.000000	0.000000
779.999000	__gene 17.5_rbs	375.000000	0.000000	0.000000
779.999000	__gene 17_rbs	395.000000	0.000000	0.000000
779.999000	__gene 18.5_rbs	371.000000	0.000000	0.000000
779.999000	__gene 18.7_rbs	362.000000	0.000000	0.000000
779.999000	__gene 18_rbs	369.000000	0.000000	0.000000
779.999000	__gene 19.2_rbs	362.000000	0.000000	0.000000
779.999000	__gene 19.3_rbs	360.000000	0.000000	0.000000
779.999000	__gene 19.5_rbs	357.000000	0.000000	0.000000
779.999000	__gene 19_rbs	370.000000	0.000000	0.000000
779.999000	__gene 2.5_rbs	78.000000	0.000000	0.000000
779.999000	__gene 2.8_rbs	77.000000	0.000000	0.000000
779.999000	__gene 3.8_rbs	89.000000	0.000000	0.000000
779.999000	__gene 3_rbs	77.000000	0.000000	0.000000
779.999000	__gene 4.2_rbs	95.000000	0.000000	0.000000
779.999000	__gene 4.3_rbs	93.000000	0.000000	0.000000
779.999000	__gene 4.5_rbs	113.000000	0.000000	0.000000
779.999000	__gene 4.7_rbs	111.000000	0.000000	0.000000
779.999000	__gene 4A_rbs	84.000000	0.000000	0.000000
779.999000	__gene 5.3_rbs	114.000000	0.000000	0.000000
779.999000	__gene 5.5_rbs	110.000000	0.000000	0.000000
779.999000	__gene 5.7_rbs	110.000000	0.000000	0.000000
779.999000	__gene 5.9_rbs	111.000000	0.000000	0.000000
779.999000	__gene 5_rbs	119.000000	0.000000	0.000000
779.999000	__gene 6.3_rbs	107.000000	0.000000	0.000000
779.999000	__gene 6.5_rbs	217.000000	0.000000	0.000000
779.999000	__gene 6.7_rbs	214.000000	0.000000	0.000000
779.999000	__gene 6_rbs	110.000000	0.000000	0.000000
779.999000	__gene 7.3_rbs	211.000000	0.000000	0.000000
779.999000	__gene 7.7_rbs	215.000000	0.000000	0.000000
779.999000	__gene 7_rbs	215.000000	0.000000	0.000000
779.999000	__gene 8_rbs	212.000000	0.000000	0.000000
779.999000	__gene 9_rbs	498.000000	0.000000	0.000000
779.999000	__gp-2_rbs	68.000000	0.000000	0.000000
779.999000	__lysozyme-3.5_rbs	77.000000	0.000000	0.000000
779.999000	__protein_kinase-0.7_rbs	11.000000	0.000000	0.000000
779.999000	__ribosome	12.000000	0.000000	0.000000
779.999000	__rnapol-1_rbs	11.000000	0.000000	0.000000
779.999000	bound_ecolipol	0.000000	0.000000	0.000000
779.999000	bound_ecolipol_p	1121.000000	0.000000	0.000000
779.999000	bound_ribosome	7705.000000	0.000000	0.000000
779.999000	degraded_transcript	25750.000000	0.000000	0.000000
779.999000	ecoli_genome	679.000000	0.000000	0.000000
779.999000	ecoli_transcript	26272.000000	0.000000	0.000000
779.999000	ecolipol	0.000000	0.000000	0.000000
779.999000	ecolipol-2	0.000000	0.000000	0.000000
779.999000	ecolipol-2-p	666.000000	0.000000	0.000000
779.999000	ecolipol-p	12.000000	0.000000	0.000000
779.999000	gene 0.3	743.000000	11.000000	0.090909
779.999000	gene 1.1	1426.000000	42.000000	0.309524
779.999000	gene 1.2	1008.000000	29.000000	4.310345
779.999000	gene 1.3	1083.000000	54.000000	6.611111
779.999000	gene 1.4	1030.000000	38.000000	0.052632
779.999000	gene 1.7	1764.000000	69.000000	0.130435
779.999000	gene 1.8	1746.000000	68.000000	0.058824
779.999000	gene 10A	19760.000000	1060.000000	0.142453
779.999000	gene 11	3144.000000	172.000000	0.104651
779.999000	gene 12	3033.000000	169.000000	0.538462
779.999000	gene 13	5418.000000	325.000000	0.095385
779.999000	gene 14	5053.000000	323.000000	0.092879
779.999000	gene 15	4985.000000	320.000000	0.487500
779.999000	gene 16	4322.000000	303.000000	0.920792
779.999000	gene 17	5354.000000	395.000000	0.384810
779.999000	gene 17.5	5179.000000	379.000000	0.060686
779.999000	gene 18	5185.000000	377.000000	0.079576
779.999000	gene 18.5	5051.000000	374.000000	0.131016
779.999000	gene 18.7	5114.000000	373.000000	0.058981
779.999000	gene 19	4891.000000	373.000000	0.361930
779.999000	gene 19.2	4796.000000	369.000000	0.054201
779.999000	gene 19.3	4742.000000	365.000000	0.043836
779.999000	gene 19.5	4415.000000	360.000000	0.050000
779.999000	gene 2.5	1948.000000	79.000000	0.126582
779.999000	gene 2.8	1921.000000	77.000000	0.103896
779.999000	gene 3	1815.000000	76.000000	0.144737
779.999000	gene 3.8	2174.000000	89.000000	0.089888
779.999000	gene 4.2	2242.000000	96.000000	0.104167
779.999000	gene 4.3	2336.000000	94.000000	0.021277
779.999000	gene 4.5	2625.000000	113.000000	0.061947
779.999000	gene 4.7	2612.000000	112.000000	0.080357
779.999000	gene 4A	2037.000000	86.000000	0.313953
779.999000	gene 5	2715.000000	119.000000	0.588235
779.999000	gene 5.3	2623.000000	114.000000	0.096491
779.999000	gene 5.5	2629.000000	112.000000	0.080357
779.999000	gene 5.7	2542.000000	112.000000	0.026786
779.999000	gene 5.9	2560.000000	112.000000	0.035714
779.999000	gene 6	2489.000000	112.000000	0.294643
779.999000	gene 6.3	2619.000000	110.000000	0.027273
779.999000	gene 6.5	4465.000000	220.000000	0.072727
779.999000	gene 6.7	4447.000000	219.000000	0.059361
779.999000	gene 7	4326.000000	217.000000	0.105991
779.999000	gene 7.3	4369.000000	216.000000	0.064815
779.999000	gene 7.7	4363.000000	217.000000	0.096774
779.999000	gene 8	4098.000000	215.000000	0.362791
779.999000	gene 9	9191.000000	500.000000	0.154000
779.999000	gp-2	958.000000	68.000000	0.073529
779.999000	lysozyme-3.5	1313.000000	77.000000	0.064935
779.999000	nonpref_charged	865.000000	0.000000	0.000000
779.999000	nonpref_uncharged	14135.000000	0.000000	0.000000
779.999000	pref_charged	20901.000000	0.000000	0.000000
779.999000	pref_uncharged	14099.000000	0.000000	0.000000
779.999000	protein_kinase-0.7	735.000000	11.000000	0.000000
779.999000	rnapol-1	1.000000	11.000000	6.727273
779.999000	rnapol-3.5	395.000000	0.000000	0.000000
784.999000	E. coli B promoter	1.000000	0.000000	0.000000
784.999000	E. coli C promoter	1.000000	0.000000	0.000000
784.999000	E. coli promoter A1	1.000000	0.000000	0.000000
784.999000	E. coli promoter A2	1.000000	0.000000	0.000000
784.999000	E. coli promoter A3	1.000000	0.000000	0.000000
784.999000	T7 promoter phi1.1A	1.000000	0.000000	0.000000
784.999000	T7 promoter phi1.1B	1.000000	0.000000	0.000000
784.999000	T7 promoter phi1.3	0.000000	0.000000	0.000000
784.999000	T7 promoter phi1.5	1.000000	0.000000	0.000000
784.999000	T7 promoter phi1.6	1.000000	0.000000	0.000000
784.999000	T7 promoter phi10	0.000000	0.000000	0.000000
784.999000	T7 promoter phi13	1.000000	0.000000	0.000000
784.999000	T7 promoter phi17	0.000000	0.000000	0.000000
784.999000	T7 promoter phi2.5	1.000000	0.000000	0.000000
784.999000	T7 promoter phi3.8	1.000000	0.000000	0.000000
784.999000	T7 promoter phi4.3	1.000000	0.000000	0.000000
784.999000	T7 promoter phi4.7	1.000000	0.000000	0.000000
784.999000	T7 promoter phi4c	0.000000	0.000000	0.000000
784.999000	T7 promoter phi6.5	1.000000	0.000000	0.000000
784.999000	T7 promoter phi9	0.000000	0.000000	0.000000
784.999000	__gene 0.3_rbs	10.000000	0.000000	0.000000
784.999000	__gene 1.1_rbs	35.000000	0.000000	0.000000
784.999000	__gene 1.2_rbs	24.000000	0.000000	0.000000
784.999000	__gene 1.3_rbs	46.000000	0.000000	0.000000
784.999000	__gene 1.4_rbs	38.000000	0.000000	0.000000
784.999000	__gene 1.7_rbs	68.000000	0.000000	0.000000
784.999000	__gene 1.8_rbs	69.000000	0.000000	0.000000
784.999000	__gene 10A_rbs	1070.000000	0.000000	0.000000
784.999000	__gene 11_rbs	173.000000	0.000000	0.000000
784.999000	__gene 12_rbs	171.000000	0.000000	0.000000
784.999000	__gene 13_rbs	328.000000	0.000000	0.000000
784.999000	__gene 14_rbs	320.000000	0.000000	0.000000
784.999000	__gene 15_rbs	320.000000	0.000000	0.000000
784.999000	__gene 16_rbs	309.000000	0.000000	0.000000
784.999000	__gene 17.5_rbs	388.000000	0.000000	0.000000
784.999000	__gene 17_rbs	404.000000	0.000000	0.000000
784.999000	__gene 18.5_rbs	380.000000	0.000000	0.000000
784.999000	__gene 18.7_rbs	378.000000	0.000000	0.000000
784.999000	__gene 18_rbs	378.000000	0.000000	0.000000
784.999000	__gene 19.2_rbs	368.000000	0.000000	0.000000
784.999000	__gene 19.3_rbs	365.000000	0.000000	0.000000
784.999000	__gene 19.5_rbs	362.000000	0.000000	0.000000
784.999000	__gene 19_rbs	378.000000	0.000000	0.000000
784.999000	__gene 2.5_rbs	80.000000	0.000000	0.000000
784.999000	__gene 2.8_rbs	77.000000	0.000000	0.000000
784.999000	__gene 3.8_rbs	92.000000	0.000000	0.000000
784.999000	__gene 3_rbs	78.000000	0.000000	0.000000
784.999000	__gene 4.2_rbs	95.000000	0.000000	0.000000
784.999000	__gene 4.3_rbs	96.000000	0.000000	0.000000
784.999000	__gene 4.5_rbs	118.000000	0.000000	0.000000
784.999000	__gene 4.7_rbs	118.000000	0.000000	0.000000
784.999000	__gene 4A_rbs	90.000000	0.000000	0.000000
784.999000	__gene 5.3_rbs	116.000000	0.000000	0.000000
784.999000	__gene 5.5_rbs	116.000000	0.000000	0.000000
784.999000	__gene 5.7_rbs	114.000000	0.000000	0.000000
784.999000	__gene 5.9_rbs	113.000000	0.000000	0.000000
784.999000	__gene 5_rbs	123.000000	0.000000	0.000000
784.999000	__gene 6.3_rbs	110.000000	0.000000	0.000000
784.999000	__gene 6.5_rbs	222.000000	0.000000	0.000000
784.999000	__gene 6.7_rbs	220.000000	0.000000	0.000000
784.999000	__gene 6_rbs	113.000000	0.000000	0.000000
784.999000	__gene 7.3_rbs	219.000000	0.000000	0.000000
784.999000	__gene 7.7_rbs	218.000000	0.000000	0.000000
784.999000	__gene 7_rbs	214.000000	0.000000	0.000000
784.999000	__gene 8_rbs	210.000000	0.000000	0.000000
784.999000	__gene 9_rbs	500.000000	0.000000	0.000000
784.999000	__gp-2_rbs	69.000000	0.000000	0.000000
784.999000	__lysozyme-3.5_rbs	77.000000	0.000000	0.000000
784.999000	__protein_kinase-0.7_rbs	11.000000	0.000000	0.000000
784.999000	__ribosome	10.000000	0.000000	0.000000
784.999000	__rnapol-1_rbs	10.000000	0.000000	0.000000
784.999000	bound_ecolipol	0.000000	0.000000	0.000000
784.999000	bound_ecolipol_p	1106.000000	0.000000	0.000000
784.999000	bound_ribosome	7566.000000	0.000000	0.000000
784.999000	degraded_transcript	26012.000000	0.000000	0.000000
784.999000	ecoli_genome	694.000000	0.000000	0.000000
784.999000	ecoli_transcript	26383.000000	0.000000	0.000000
784.999000	ecolipol	0.000000	0.000000	0.000000
784.999000	ecolipol-2	0.000000	0.000000	0.000000
784.999000	ecolipol-2-p	673.000000	0.000000	0.000000
784.999000	ecolipol-p	20.000000	0.000000	0.000000
784.999000	gene 0.3	750.000000	11.000000	0.363636
784.999000	gene 1.1	1447.000000	42.000000	0.333333
784.999000	gene 1.2	1016.000000	29.000000	4.413793
784.999000	gene 1.3	1109.000000	55.000000	6.472727
784.999000	gene 1.4	1049.000000	38.000000	0.078947
784.999000	gene 1.7	1800.000000	69.000000	0.130435
784.999000	gene 1.8	1791.000000	69.000000	0.000000
784.999000	gene 10A	20298.000000	1079.000000	0.164968
784.999000	gene 11	3236.000000	173.000000	0.121387
784.999000	gene 12	3121.000000	172.000000	0.500000
784.999000	gene 13	5580.000000	334.000000	0.122754
784.999000	gene 14	5218.000000	327.000000	0.094801
784.999000	gene 15	5131.000000	325.000000	0.541538
784.999000	gene 16	4475.000000	310.000000	0.945161
784.999000	gene 17	5558.000000	407.000000	0.373464
784.999000	gene 17.5	5411.000000	390.000000	0.051282
784.999000	gene 18	5376.000000	388.000000	0.061856
784.999000	gene 18.5	5272.000000	385.000000	0.114286
784.999000	gene 18.7	5301.000000	385.000000	0.075325
784.999000	gene 19	5064.000000	380.000000	0.376316
784.999000	gene 19.2	4969.000000	374.000000	0.053476
784.999000	gene 19.3	4935.000000	373.000000	0.075067
784.999000	gene 19.5	4624.000000	368.000000	0.046196
784.999000	gene 2.5	1989.000000	80.000000	0.162500
784.999000	gene 2.8	1963.000000	79.000000	0.050633
784.999000	gene 3	1857.000000	78.000000	0.102564
784.999000	gene 3.8	2222.000000	92.000000	0.119565
784.999000	gene 4.2	2310.000000	99.000000	0.060606
784.999000	gene 4.3	2394.000000	97.000000	0.041237
784.999000	gene 4.5	2676.000000	118.000000	0.101695
784.999000	gene 4.7	2669.000000	118.000000	0.067797
784.999000	gene 4A	2075.000000	91.000000	0.373626
784.999000	gene 5	2793.000000	124.000000	0.483871
784.999000	gene 5.3	2686.000000	117.000000	0.102564
784.999000	gene 5.5	2694.000000	117.000000	0.094017
784.999000	gene 5.7	2606.000000	117.000000	0.051282
784.999000	gene 5.9	2620.000000	116.000000	0.025862
784.999000	gene 6	2546.000000	115.000000	0.252174
784.999000	gene 6.3	2679.000000	111.000000	0.045045
784.999000	gene 6.5	4577.000000	224.000000	0.084821
784.999000	gene 6.7	4570.000000	223.000000	0.058296
784.999000	gene 7	4458.000000	222.000000	0.139640
784.999000	gene 7.3	4492.000000	220.000000	0.054545
784.999000	gene 7.7	4472.000000	220.000000	0.127273
784.999000	gene 8	4201.000000	218.000000	0.412844
784.999000	gene 9	9471.000000	507.000000	0.191321
784.999000	gp-2	988.000000	69.000000	0.028986
784.999000	lysozyme-3.5	1346.000000	78.000000	0.064103
784.999000	nonpref_charged	851.000000	0.000000	0.000000
784.999000	nonpref_uncharged	14149.000000	0.000000	0.000000
784.999000	pref_charged	20681.000000	0.000000	0.000000
784.999000	pref_uncharged	14319.000000	0.000000	0.000000
784.999000	protein_kinase-0.7	737.000000	11.000000	0.181818
784.999000	rnapol-1	0.000000	11.000000	7.454545
784.999000	rnapol-3.5	396.000000	0.000000	0.000000
789.999000	E. coli B promoter	1.000000	0.000000	0.000000
789.999000	E. coli C promoter	1.000000	0.000000	0.000000
789.999000	E. coli promoter A1	1.000000	0.000000	0.000000
789.999000	E. coli promoter A2	1.000000	0.000000	0.000000
789.999000	E. coli promoter A3	1.000000	0.000000	0.000000
789.999000	T7 promoter phi1.1A	1.000000	0.000000	0.000000
789.999000	T7 promoter phi1.1B	1.000000	0.000000	0.000000
789.999000	T7 promoter phi1.3	1.000000	0.000000	0.000000
789.999000	T7 promoter phi1.5	1.000000	0.000000	0.000000
789.999000	T7 promoter phi1.6	1.000000	0.000000	0.000000
789.999000	T7 promoter phi10	0.000000	0.000000	0.000000
789.999000	T7 promoter phi13	1.000000	0.000000	0.000000
789.999000	T7 promoter phi17	1.000000	0.000000	0.000000
789.999000	T7 promoter phi2.5	1.000000	0.000000	0.000000
789.999000	T7 promoter phi3.8	1.000000	0.000000	0.000000
789.999000	T7 promoter phi4.3	0.000000	0.000000	0.000000
789.999000	T7 promoter phi4.7	1.000000	0.000000	0.000000
789.999000	T7 promoter phi4c	1.000000	0.000000	0.000000
789.999000	T7 promoter phi6.5	1.000000	0.000000	0.000000
789.999000	T7 promoter phi9	0.000000	0.000000	0.000000
789.999000	__gene 0.3_rbs	11.000000	0.000000	0.000000
789.999000	__gene 1.1_rbs	36.000000	0.000000	0.000000
789.999000	__gene 1.2_rbs	24.000000	0.000000	0.000000
789.999000	__gene 1.3_rbs	48.000000	0.000000	0.000000
789.999000	__gene 1.4_rbs	44.000000	0.000000	0.000000
789.999000	__gene 1.7_rbs	75.000000	0.000000	0.000000
789.999000	__gene 1.8_rbs	68.000000	0.000000	0.000000
789.999000	__gene 10A_rbs	1094.000000	0.000000	0.000000
789.999000	__gene 11_rbs	177.000000	0.000000	0.000000
789.999000	__gene 12_rbs	171.000000	0.000000	0.000000
789.999000	__gene 13_rbs	340.000000	0.000000	0.000000
789.999000	__gene 14_rbs	330.000000	0.000000	0.000000
789.999000	__gene 15_rbs	328.000000	0.000000	0.000000
789.999000	__gene 16_rbs	317.000000	0.000000	0.000000
789.999000	__gene 17.5_rbs	402.000000	0.000000	0.000000
789.999000	__gene 17_rbs	417.000000	0.000000	0.000000
789.999000	__gene 18.5_rbs	388.000000	0.000000	0.000000
789.999000	__gene 18.7_rbs	388.000000	0.000000	0.000000
789.999000	__gene 18_rbs	389.000000	0.000000	0.000000
789.999000	__gene 19.2_rbs	376.000000	0.000000	0.000000
789.999000	__gene 19.3_rbs	372.000000	0.000000	0.000000
789.999000	__gene 19.5_rbs	371.000000	0.000000	0.000000
789.999000	__gene 19_rbs	387.000000	0.000000	0.000000
789.999000	__gene 2.5_rbs	80.000000	0.000000	0.000000
789.999000	__gene 2.8_rbs	80.000000	0.000000	0.000000
789.999000	__gene 3.8_rbs	93.000000	0.000000	0.000000
789.999000	__gene 3_rbs	75.000000	0.000000	0.000000
789.999000	__gene 4.2_rbs	101.000000	0.000000	0.000000
789.999000	__gene 4.3_rbs	99.000000	0.000000	0.000000
789.999000	__gene 4.5_rbs	122.000000	0.000000	0.000000
789.999000	__gene 4.7_rbs	120.000000	0.000000	0.000000
789.999000	__gene 4A_rbs	94.000000	0.000000	0.000000
789.999000	__gene 5.3_rbs	120.000000	0.000000	0.000000
789.999000	__gene 5.5_rbs	118.000000	0.000000	0.000000
789.999000	__gene 5.7_rbs	113.000000	0.000000	0.000000
789.999000	__gene 5.9_rbs	114.000000	0.000000	0.000000
789.999000	__gene 5_rbs	124.000000	0.000000	0.000000
789.999000	__gene 6.3_rbs	116.000000	0.000000	0.000000
789.999000	__gene 6.5_rbs	230.000000	0.000000	0.000000
789.999000	__gene 6.7_rbs	226.000000	0.000000	0.000000
789.999000	__gene 6_rbs	118.000000	0.000000	0.000000
789.999000	__gene 7.3_rbs	222.000000	0.000000	0.000000
789.999000	__gene 7.7_rbs	223.000000	0.000000	0.000000
789.999000	__gene 7_rbs	223.000000	0.000000	0.000000
789.999000	__gene 8_rbs	212.000000	0.000000	0.000000
789.999000	__gene 9_rbs	513.000000	0.000000	0.000000
789.999000	__gp-2_rbs	68.000000	0.000000	0.000000
789.999000	__lysozyme-3.5_rbs	78.000000	0.000000	0.000000
789.999000	__protein_kinase-0.7_rbs	11.000000	0.000000	0.000000
789.999000	__ribosome	8.000000	0.000000	0.000000
789.999000	__rnapol-1_rbs	11.000000	0.000000	0.000000
789.999000	bound_ecolipol	0.000000	0.000000	0.000000
789.999000	bound_ecolipol_p	1094.000000	0.000000	0.000000
789.999000	bound_ribosome	7483.000000	0.000000	0.000000
789.999000	degraded_transcript	26266.000000	0.000000	0.000000
789.999000	ecoli_genome	706.000000	0.000000	0.000000
789.999000	ecoli_transcript	26442.000000	0.000000	0.000000
789.999000	ecolipol	0.000000	0.000000	0.000000
789.999000	ecolipol-2	0.000000	0.000000	0.000000
789.999000	ecolipol-2-p	698.000000	0.000000	0.000000
789.999000	ecolipol-p	8.000000	0.000000	0.000000
789.999000	gene 0.3	755.000000	11.000000	0.181818
789.999000	gene 1.1	1468.000000	43.000000	0.302326
789.999000	gene 1.2	1026.000000	29.000000	4.482759
789.999000	gene 1.3	1130.000000	57.000000	6.368421
789.999000	gene 1.4	1076.000000	44.000000	0.022727
789.999000	gene 1.7	1840.000000	75.000000	0.160000
789.999000	gene 1.8	1817.000000	69.000000	0.014493
789.999000	gene 10A	20871.000000	1097.000000	0.146764
789.999000	gene 11	3328.000000	177.000000	0.146893
789.999000	gene 12	3198.000000	176.000000	0.551136
789.999000	gene 13	5754.000000	341.000000	0.076246
789.999000	gene 14	5379.000000	335.000000	0.158209
789.999000	gene 15	5286.000000	334.000000	0.583832
789.999000	gene 16	4638.000000	321.000000	0.890966
789.999000	gene 17	5761.000000	418.000000	0.430622
789.999000	gene 17.5	5604.000000	404.000000	0.044554
789.999000	gene 18	5562.000000	399.000000	0.082707
789.999000	gene 18.5	5461.000000	395.000000	0.116456
789.999000	gene 18.7	5481.000000	394.000000	0.101523
789.999000	gene 19	5250.000000	390.000000	0.400000
789.999000	gene 19.2	5149.000000	386.000000	0.054404
789.999000	gene 19.3	5133.000000	379.000000	0.060686
789.999000	gene 19.5	4815.000000	373.000000	0.040214
789.999000	gene 2.5	2040.000000	80.000000	0.162500
789.999000	gene 2.8	2001.000000	80.000000	0.075000
789.999000	gene 3	1892.000000	79.000000	0.139241
789.999000	gene 3.8	2286.000000	94.000000	0.106383
789.999000	gene 4.2	2351.000000	104.000000	0.105769
789.999000	gene 4.3	2439.000000	101.000000	0.069307
789.999000	gene 4.5	2755.000000	122.000000	0.024590
789.999000	gene 4.7	2747.000000	120.000000	0.091667
789.999000	gene 4A	2122.000000	94.000000	0.351064
789.999000	gene 5	2855.000000	127.000000	0.519685
789.999000	gene 5.3	2732.000000	119.000000	0.067227
789.999000	gene 5.5	2763.000000	119.000000	0.075630
789.999000	gene 5.7	2686.000000	118.000000	0.059322
789.999000	gene 5.9	2678.000000	118.000000	0.050847
789.999000	gene 6	2617.000000	118.000000	0.186441
789.999000	gene 6.3	2744.000000	116.000000	0.000000
789.999000	gene 6.5	4703.000000	232.000000	0.090517
789.999000	gene 6.7	4677.000000	229.000000	0.069869
789.999000	gene 7	4596.000000	227.000000	0.127753
789.999000	gene 7.3	4614.000000	226.000000	0.044248
789.999000	gene 7.7	4587.000000	224.000000	0.107143
789.999000	gene 8	4306.000000	223.000000	0.385650
789.999000	gene 9	9743.000000	517.000000	0.183752
789.999000	gp-2	996.000000	69.000000	0.043478
789.999000	lysozyme-3.5	1386.000000	79.000000	0.177215
789.999000	nonpref_charged	745.000000	0.000000	0.000000
789.999000	nonpref_uncharged	14255.000000	0.000000	0.000000
789.999000	pref_charged	20889.000000	0.000000	0.000000
789.999000	pref_uncharged	14111.000000	0.000000	0.000000
789.999000	protein_kinase-0.7	739.000000	11.000000	0.181818
789.999000	rnapol-1	1.000000	11.000000	8.000000
789.999000	rnapol-3.5	395.000000	0.000000	0.000000
794.999000	E. coli B promoter	1.000000	0.000000	0.000000
794.999000	E. coli C promoter	1.000000	0.000000	0.000000
794.999000	E. coli promoter A1	1.000000	0.000000	0.000000
794.999000	E. coli promoter A2	1.000000	0.000000	0.000000
794.999000	E. coli promoter A3	1.000000	0.000000	0.000000
794.999000	T7 promoter phi1.1A	1.000000	0.000000	0.000000
794.999000	T7 promoter phi1.1B	1.000000	0.000000	0.000000
794.999000	T7 promoter phi1.3	1.000000	0.000000	0.000000
794.999000	T7 promoter phi1.5	1.000000	0.000000	0.000000
794.999000	T7 promoter phi1.6	1.000000	0.000000	0.000000
794.999000	T7 promoter phi10	1.000000	0.000000	0.000000
794.999000	T7 promoter phi13	1.000000	0.000000	0.000000
794.999000	T7 promoter phi17	0.000000	0.000000	0.000000
794.999000	T7 promoter phi2.5	1.000000	0.000000	0.000000
794.999000	T7 promoter phi3.8	1.000000	0.000000	0.000000
794.999000	T7 promoter phi4.3	1.000000	0.000000	0.000000
794.999000	T7 promoter phi4.7	1.000000	0.000000	0.000000
794.999000	T7 promoter phi4c	1.000000	0.000000	0.000000
794.999000	T7 promoter phi6.5	1.000000	0.000000	0.000000
794.999000	T7 promoter phi9	1.000000	0.000000	0.000000
794.999000	__gene 0.3_rbs	11.000000	0.000000	0.000000
794.999000	__gene 1.1_rbs	35.000000	0.000000	0.000000
794.999000	__gene 1.2_rbs	23.000000	0.000000	0.000000
794.999000	__gene 1.3_rbs	48.000000	0.000000	0.000000
794.999000	__gene 1.4_rbs	44.000000	0.000000	0.000000
794.999000	__gene 1.7_rbs	77.000000	0.000000	0.000000
794.999000	__gene 1.8_rbs	73.000000	0.000000	0.000000
794.999000	__gene 10A_rbs	1108.000000	0.000000	0.000000
794.999000	__gene 11_rbs	178.000000	0.000000	0.000000
794.999000	__gene 12_rbs	176.000000	0.000000	0.000000
794.999000	__gene 13_rbs	342.000000	0.000000	0.000000
794.999000	__gene 14_rbs	339.000000	0.000000	0.000000
794.999000	__gene 15_rbs	336.000000	0.000000	0.000000
794.999000	__gene 16_rbs	325.000000	0.000000	0.000000
794.999000	__gene 17.5_rbs	410.000000	0.000000	0.000000
794.999000	__gene 17_rbs	422.000000	0.000000	0.000000
794.999000	__gene 18.5_rbs	403.000000	0.000000	0.000000
794.999000	__gene 18.7_rbs	394.000000	0.000000	0.000000
794.999000	__gene 18_rbs	405.000000	0.000000	0.000000
794.999000	__gene 19.2_rbs	383.000000	0.000000	0.000000
794.999000	__gene 19.3_rbs	382.000000	0.000000	0.000000
794.999000	__gene 19.5_rbs	377.000000	0.000000	0.000000
794.999000	__gene 19_rbs	401.000000	0.000000	0.000000
794.999000	__gene 2.5_rbs	84.000000	0.000000	0.000000
794.999000	__gene 2.8_rbs	79.000000	0.000000	0.000000
794.999000	__gene 3.8_rbs	94.000000	0.000000	0.000000
794.999000	__gene 3_rbs	77.000000	0.000000	0.000000
794.999000	__gene 4.2_rbs	102.000000	0.000000	0.000000
794.999000	__gene 4.3_rbs	104.000000	0.000000	0.000000
794.999000	__gene 4.5_rbs	124.000000	0.000000	0.000000
794.999000	__gene 4.7_rbs	124.000000	0.000000	0.000000
794.999000	__gene 4A_rbs	93.000000	0.000000	0.000000
794.999000	__gene 5.3_rbs	124.000000	0.000000	0.000000
794.999000	__gene 5.5_rbs	123.000000	0.000000	0.000000
794.999000	__gene 5.7_rbs	121.000000	0.000000	0.000000
794.999000	__gene 5.9_rbs	116.000000	0.000000	0.000000
794.999000	__gene 5_rbs	131.000000	0.000000	0.000000
794.999000	__gene 6.3_rbs	116.000000	0.000000	0.000000
794.999000	__gene 6.5_rbs	230.000000	0.000000	0.000000
794.999000	__gene 6.7_rbs	227.000000	0.000000	0.000000
794.999000	__gene 6_rbs	116.000000	0.000000	0.000000
794.999000	__gene 7.3_rbs	230.000000	0.000000	0.000000
794.999000	__gene 7.7_rbs	230.000000	0.000000	0.000000
794.999000	__gene 7_rbs	230.000000	0.000000	0.000000
794.999000	__gene 8_rbs	223.000000	0.000000	0.000000
794.999000	__gene 9_rbs	524.000000	0.000000	0.000000
794.999000	__gp-2_rbs	73.000000	0.000000	0.000000
794.999000	__lysozyme-3.5_rbs	79.000000	0.000000	0.000000
794.999000	__protein_kinase-0.7_rbs	11.000000	0.000000	0.000000
794.999000	__ribosome	5.000000	0.000000	0.000000
794.999000	__rnapol-1_rbs	11.000000	0.000000	0.000000
794.999000	bound_ecolipol	0.000000	0.000000	0.000000
794.999000	bound_ecolipol_p	1082.000000	0.000000	0.000000
794.999000	bound_ribosome	7300.000000	0.000000	0.000000
794.999000	degraded_transcript	26539.000000	0.000000	0.000000
794.999000	ecoli_genome	718.000000	0.000000	0.000000
794.999000	ecoli_transcript	26568.000000	0.000000	0.000000
794.999000	ecolipol	0.000000	0.000000	0.000000
794.999000	ecolipol-2	0.000000	0.000000	0.000000
794.999000	ecolipol-2-p	705.000000	0.000000	0.000000
794.999000	ecolipol-p	13.000000	0.000000	0.000000
794.999000	gene 0.3	763.000000	11.000000	0.181818
794.999000	gene 1.1	1482.000000	43.000000	0.302326
794.999000	gene 1.2	1036.000000	29.000000	4.517241
794.999000	gene 1.3	1159.000000	58.000000	6.310345
794.999000	gene 1.4	1101.000000	46.000000	0.043478
794.999000	gene 1.7	1883.000000	77.000000	0.129870
794.999000	gene 1.8	1860.000000	72.000000	0.083333
794.999000	gene 10A	21435.000000	1117.000000	0.155774
794.999000	gene 11	3419.000000	179.000000	0.078212
794.999000	gene 12	3285.000000	177.000000	0.615819
794.999000	gene 13	5916.000000	346.000000	0.132948
794.999000	gene 14	5558.000000	342.000000	0.146199
794.999000	gene 15	5454.000000	340.000000	0.502941
794.999000	gene 16	4787.000000	326.000000	0.963190
794.999000	gene 17	5980.000000	426.000000	0.462441
794.999000	gene 17.5	5813.000000	412.000000	0.055825
794.999000	gene 18	5762.000000	411.000000	0.085158
794.999000	gene 18.5	5672.000000	408.000000	0.115196
794.999000	gene 18.7	5687.000000	406.000000	0.100985
794.999000	gene 19	5428.000000	403.000000	0.461538
794.999000	gene 19.2	5363.000000	395.000000	0.088608
794.999000	gene 19.3	5350.000000	391.000000	0.058824
794.999000	gene 19.5	5007.000000	384.000000	0.065104
794.999000	gene 2.5	2089.000000	86.000000	0.139535
794.999000	gene 2.8	2032.000000	80.000000	0.112500
794.999000	gene 3	1924.000000	79.000000	0.177215
794.999000	gene 3.8	2336.000000	95.000000	0.105263
794.999000	gene 4.2	2404.000000	105.000000	0.085714
794.999000	gene 4.3	2485.000000	104.000000	0.057692
794.999000	gene 4.5	2822.000000	125.000000	0.080000
794.999000	gene 4.7	2815.000000	125.000000	0.080000
794.999000	gene 4A	2157.000000	95.000000	0.431579
794.999000	gene 5	2920.000000	131.000000	0.633588
794.999000	gene 5.3	2784.000000	124.000000	0.096774
794.999000	gene 5.5	2824.000000	123.000000	0.048780
794.999000	gene 5.7	2755.000000	121.000000	0.033058
794.999000	gene 5.9	2738.000000	120.000000	0.041667
794.999000	gene 6	2673.000000	120.000000	0.308333
794.999000	gene 6.3	2786.000000	117.000000	0.051282
794.999000	gene 6.5	4817.000000	235.000000	0.097872
794.999000	gene 6.7	4800.000000	234.000000	0.072650
794.999000	gene 7	4721.000000	233.000000	0.098712
794.999000	gene 7.3	4725.000000	233.000000	0.064378
794.999000	gene 7.7	4689.000000	231.000000	0.099567
794.999000	gene 8	4411.000000	228.000000	0.368421
794.999000	gene 9	9995.000000	530.000000	0.213208
794.999000	gp-2	1023.000000	75.000000	0.013333
794.999000	lysozyme-3.5	1417.000000	80.000000	0.137500
794.999000	nonpref_charged	722.000000	0.000000	0.000000
794.999000	nonpref_uncharged	14278.000000	0.000000	0.000000
794.999000	pref_charged	20567.000000	0.000000	0.000000
794.999000	pref_uncharged	14433.000000	0.000000	0.000000
794.999000	protein_kinase-0.7	742.000000	11.000000	0.363636
794.999000	rnapol-1	0.000000	11.000000	7.909091
794.999000	rnapol-3.5	402.000000	0.000000	0.000000
799.999000	E. coli B promoter	1.000000	0.000000	0.000000
799.999000	E. coli C promoter	1.000000	0.000000	0.000000
799.999000	E. coli promoter A1	1.000000	0.000000	0.000000
799.999000	E. coli promoter A2	1.000000	0.000000	0.000000
799.999000	E. coli promoter A3	1.000000	0.000000	0.000000
799.999000	T7 promoter phi1.1A	1.000000	0.000000	0.000000
799.999000	T7 promoter phi1.1B	1.000000	0.000000	0.000000
799.999000	T7 promoter phi1.3	1.000000	0.000000	0.000000
799.999000	T7 promoter phi1.5	1.000000	0.000000	0.000000
799.999000	T7 promoter phi1.6	1.000000	0.000000	0.000000
799.999000	T7 promoter phi10	0.000000	0.000000	0.000000
799.999000	T7 promoter phi13	1.000000	0.000000	0.000000
799.999000	T7 promoter phi17	0.000000	0.000000	0.000000
799.999000	T7 promoter phi2.5	1.000000	0.000000	0.000000
799.999000	T7 promoter phi3.8	1.000000	0.000000	0.000000
799.999000	T7 promoter phi4.3	1.000000	0.000000	0.000000
799.999000	T7 promoter phi4.7	0.000000	0.000000	0.000000
799.999000	T7 promoter phi4c	1.000000	0.000000	0.000000
799.999000	T7 promoter phi6.5	1.000000	0.000000	0.000000
799.999000	T7 promoter phi9	0.000000	0.000000	0.000000
799.999000	__gene 0.3_rbs	11.000000	0.000000	0.000000
799.999000	__gene 1.1_rbs	36.000000	0.000000	0.000000
799.999000	__gene 1.2_rbs	23.000000	0.000000	0.000000
799.999000	__gene 1.3_rbs	50.000000	0.000000	0.000000
799.999000	__gene 1.4_rbs	47.000000	0.000000	0.000000
799.999000	__gene 1.7_rbs	78.000000	0.000000	0.000000
799.999000	__gene 1.8_rbs	74.000000	0.000000	0.000000
799.999000	__gene 10A_rbs	1131.000000	0.000000	0.000000
799.999000	__gene 11_rbs	179.000000	0.000000	0.000000
799.999000	__gene 12_rbs	179.000000	0.000000	0.000000
799.999000	__gene 13_rbs	351.000000	0.000000	0.000000
799.999000	__gene 14_rbs	338.000000	0.000000	0.000000
799.999000	__gene 15_rbs	334.000000	0.000000	0.000000
799.999000	__gene 16_rbs	333.000000	0.000000	0.000000
799.999000	__gene 17.5_rbs	417.000000	0.000000	0.000000
799.999000	__gene 17_rbs	432.000000	0.000000	0.000000
799.999000	__gene 18.5_rbs	414.000000	0.000000	0.000000
799.999000	__gene 18.7_rbs	412.000000	0.000000	0.000000
799.999000	__gene 18_rbs	409.000000	0.000000	0.000000
799.999000	__gene 19.2_rbs	401.000000	0.000000	0.000000
799.999000	__gene 19.3_rbs	398.000000	0.000000	0.000000
799.999000	__gene 19.5_rbs	392.000000	0.000000	0.000000
799.999000	__gene 19_rbs	411.000000	0.000000	0.000000
799.999000	__gene 2.5_rbs	88.000000	0.000000	0.000000
799.999000	__gene 2.8_rbs	86.000000	0.000000	0.000000
799.999000	__gene 3.8_rbs	95.000000	0.000000	0.000000
799.999000	__gene 3_rbs	80.000000	0.000000	0.000000
799.999000	__gene 4.2_rbs	105.000000	0.000000	0.000000
799.999000	__gene 4.3_rbs	102.000000	0.000000	0.000000
799.999000	__gene 4.5_rbs	126.000000	0.000000	0.000000
799.999000	__gene 4.7_rbs	124.000000	0.000000	0.000000
799.999000	__gene 4A_rbs	94.000000	0.000000	0.000000
799.999000	__gene 5.3_rbs	126.000000	0.000000	0.000000
799.999000	__gene 5.5_rbs	126.000000	0.000000	0.000000
799.999000	__gene 5.7_rbs	125.000000	0.000000	0.000000
799.999000	__gene 5.9_rbs	125.000000	0.000000	0.000000
799.999000	__gene 5_rbs	134.000000	0.000000	0.000000
799.999000	__gene 6.3_rbs	118.000000	0.000000	0.000000
799.999000	__gene 6.5_rbs	232.000000	0.000000	0.000000
799.999000	__gene 6.7_rbs	232.000000	0.000000	0.000000
799.999000	__gene 6_rbs	120.000000	0.000000	0.000000
799.999000	__gene 7.3_rbs	233.000000	0.000000	0.000000
799.999000	__gene 7.7_rbs	232.000000	0.000000	0.000000
799.999000	__gene 7_rbs	234.000000	0.000000	0.000000
799.999000	__gene 8_rbs	225.000000	0.000000	0.000000
799.999000	__gene 9_rbs	540.000000	0.000000	0.000000
799.999000	__gp-2_rbs	76.000000	0.000000	0.000000
799.999000	__lysozyme-3.5_rbs	82.000000	0.000000	0.000000
799.999000	__protein_kinase-0.7_rbs	11.000000	0.000000	0.000000
799.999000	__ribosome	7.000000	0.000000	0.000000
799.999000	__rnapol-1_rbs	11.000000	0.000000	0.000000
799.999000	bound_ecolipol	0.000000	0.000000	0.000000
799.999000	bound_ecolipol_p	1066.000000	0.000000	0.000000
799.999000	bound_ribosome	7159.000000	0.000000	0.000000
799.999000	degraded_transcript	26803.000000	0.000000	0.000000
799.999000	ecoli_genome	734.000000	0.000000	0.000000
799.999000	ecoli_transcript	26686.000000	0.000000	0.000000
799.999000	ecolipol	0.000000	0.000000	0.000000
799.999000	ecolipol-2	0.000000	0.000000	0.000000
799.999000	ecolipol-2-p	718.000000	0.000000	0.000000
799.999000	ecolipol-p	16.000000	0.000000	0.000000
799.999000	gene 0.3	769.000000	11.000000	0.454545
799.999000	gene 1.1	1502.000000	43.000000	0.279070
799.999000	gene 1.2	1046.000000	29.000000	4.551724
799.999000	gene 1.3	1187.000000	58.000000	6.293103
799.999000	gene 1.4	1134.000000	47.000000	0.063830
799.999000	gene 1.7	1922.000000	78.000000	0.141026
799.999000	gene 1.8	1903.000000	75.000000	0.053333
799.999000	gene 10A	21987.000000	1137.000000	0.175901
799.999000	gene 11	3503.000000	180.000000	0.138889
799.999000	gene 12	3367.000000	180.000000	0.705556
799.999000	gene 13	6086.000000	353.000000	0.147309
799.999000	gene 14	5715.000000	348.000000	0.189655
799.999000	gene 15	5583.000000	346.000000	0.630058
799.999000	gene 16	4915.000000	335.000000	1.044776
799.999000	gene 17	6205.000000	432.000000	0.416667
799.999000	gene 17.5	6029.000000	422.000000	0.059242
799.999000	gene 18	5980.000000	421.000000	0.064133
799.999000	gene 18.5	5870.000000	418.000000	0.141148
799.999000	gene 18.7	5898.000000	417.000000	0.079137
799.999000	gene 19	5628.000000	414.000000	0.420290
799.999000	gene 19.2	5566.000000	409.000000	0.058680
799.999000	gene 19.3	5534.000000	404.000000	0.066832
799.999000	gene 19.5	5208.000000	394.000000	0.038071
799.999000	gene 2.5	2130.000000	88.000000	0.125000
799.999000	gene 2.8	2068.000000	85.000000	0.176471
799.999000	gene 3	1964.000000	84.000000	0.130952
799.999000	gene 3.8	2383.000000	97.000000	0.113402
799.999000	gene 4.2	2438.000000	106.000000	0.103774
799.999000	gene 4.3	2541.000000	106.000000	0.084906
799.999000	gene 4.5	2891.000000	127.000000	0.015748
799.999000	gene 4.7	2875.000000	126.000000	0.063492
799.999000	gene 4A	2202.000000	97.000000	0.412371
799.999000	gene 5	2992.000000	134.000000	0.582090
799.999000	gene 5.3	2856.000000	126.000000	0.126984
799.999000	gene 5.5	2877.000000	126.000000	0.079365
799.999000	gene 5.7	2830.000000	125.000000	0.040000
799.999000	gene 5.9	2800.000000	126.000000	0.047619
799.999000	gene 6	2752.000000	125.000000	0.280000
799.999000	gene 6.3	2855.000000	121.000000	0.041322
799.999000	gene 6.5	4920.000000	238.000000	0.075630
799.999000	gene 6.7	4926.000000	238.000000	0.096639
799.999000	gene 7	4825.000000	237.000000	0.075949
799.999000	gene 7.3	4838.000000	235.000000	0.034043
799.999000	gene 7.7	4798.000000	235.000000	0.127660
799.999000	gene 8	4507.000000	233.000000	0.459227
799.999000	gene 9	10262.000000	545.000000	0.201835
799.999000	gp-2	1045.000000	77.000000	0.038961
799.999000	lysozyme-3.5	1454.000000	84.000000	0.035714
799.999000	nonpref_charged	676.000000	0.000000	0.000000
799.999000	nonpref_uncharged	14324.000000	0.000000	0.000000
799.999000	pref_charged	20848.000000	0.000000	0.000000
799.999000	pref_uncharged	14152.000000	0.000000	0.000000
799.999000	protein_kinase-0.7	746.000000	11.000000	1.090909
799.999000	rnapol-1	0.000000	11.000000	8.636364
799.999000	rnapol-3.5	402.000000	0.000000	0.000000
804.999000	E. coli B promoter	1.000000	0.000000	0.000000
804.999000	E. coli C promoter	1.000000	0.000000	0.000000
804.999000	E. coli promoter A1	1.000000	0.000000	0.000000
804.999000	E. coli promoter A2	1.000000	0.000000	0.000000
804.999000	E. coli promoter A3	1.000000	0.000000	0.000000
804.999000	T7 promoter phi1.1A	1.000000	0.000000	0.000000
804.999000	T7 promoter phi1.1B	1.000000	0.000000	0.000000
804.999000	T7 promoter phi1.3	1.000000	0.000000	0.000000
804.999000	T7 promoter phi1.5	1.000000	0.000000	0.000000
804.999000	T7 promoter phi1.6	1.000000	0.000000	0.000000
804.999000	T7 promoter phi10	0.000000	0.000000	0.000000
804.999000	T7 promoter phi13	1.000000	0.000000	0.000000
804.999000	T7 promoter phi17	0.000000	0.000000	0.000000
804.999000	T7 promoter phi2.5	1.000000	0.000000	0.000000
804.999000	T7 promoter phi3.8	1.000000	0.000000	0.000000
804.999000	T7 promoter phi4.3	1.000000	0.000000	0.000000
804.999000	T7 promoter phi4.7	0.000000	0.000000	0.000000
804.999000	T7 promoter phi4c	1.000000	0.000000	0.000000
804.999000	T7 promoter phi6.5	1.000000	0.000000	0.000000
804.999000	T7 promoter phi9	1.000000	0.000000	0.000000
804.999000	__gene 0.3_rbs	11.000000	0.000000	0.000000
804.999000	__gene 1.1_rbs	36.000000	0.000000	0.000000
804.999000	__gene 1.2_rbs	21.000000	0.000000	0.000000
804.999000	__gene 1.3_rbs	50.000000	0.000000	0.000000
804.999000	__gene 1.4_rbs	47.000000	0.000000	0.000000
804.999000	__gene 1.7_rbs	77.000000	0.000000	0.000000
804.999000	__gene 1.8_rbs	79.000000	0.000000	0.000000
804.999000	__gene 10A_rbs	1146.000000	0.000000	0.000000
804.999000	__gene 11_rbs	183.000000	0.000000	0.000000
804.999000	__gene 12_rbs	183.000000	0.000000	0.000000
804.999000	__gene 13_rbs	355.000000	0.000000	0.000000
804.999000	__gene 14_rbs	345.000000	0.000000	0.000000
804.999000	__gene 15_rbs	344.000000	0.000000	0.000000
804.999000	__gene 16_rbs	336.000000	0.000000	0.000000
804.999000	__gene 17.5_rbs	420.000000	0.000000	0.000000
804.999000	__gene 17_rbs	446.000000	0.000000	0.000000
804.999000	__gene 18.5_rbs	424.000000	0.000000	0.000000
804.999000	__gene 18.7_rbs	408.000000	0.000000	0.000000
804.999000	__gene 18_rbs	419.000000	0.000000	0.000000
804.999000	__gene 19.2_rbs	406.000000	0.000000	0.000000
804.999000	__gene 19.3_rbs	409.000000	0.000000	0.000000
804.999000	__gene 19.5_rbs	400.000000	0.000000	0.000000
804.999000	__gene 19_rbs	420.000000	0.000000	0.000000
804.999000	__gene 2.5_rbs	90.000000	0.000000	0.000000
804.999000	__gene 2.8_rbs	86.000000	0.000000	0.000000
804.999000	__gene 3.8_rbs	102.000000	0.000000	0.000000
804.999000	__gene 3_rbs	86.000000	0.000000	0.000000
804.999000	__gene 4.2_rbs	105.000000	0.000000	0.000000
804.999000	__gene 4.3_rbs	102.000000	0.000000	0.000000
804.999000	__gene 4.5_rbs	127.000000	0.000000	0.000000
804.999000	__gene 4.7_rbs	127.000000	0.000000	0.000000
804.999000	__gene 4A_rbs	101.000000	0.000000	0.000000
804.999000	__gene 5.3_rbs	131.000000	0.000000	0.000000
804.999000	__gene 5.5_rbs	129.000000	0.000000	0.000000
804.999000	__gene 5.7_rbs	128.000000	0.000000	0.000000
804.999000	__gene 5.9_rbs	127.000000	0.000000	0.000000
804.999000	__gene 5_rbs	135.000000	0.000000	0.000000
804.999000	__gene 6.3_rbs	122.000000	0.000000	0.000000
804.999000	__gene 6.5_rbs	241.000000	0.000000	0.000000
804.999000	__gene 6.7_rbs	239.000000	0.000000	0.000000
804.999000	__gene 6_rbs	124.000000	0.000000	0.000000
804.999000	__gene 7.3_rbs	234.000000	0.000000	0.000000
804.999000	__gene 7.7_rbs	233.000000	0.000000	0.000000
804.999000	__gene 7_rbs	237.000000	0.000000	0.000000
804.999000	__gene 8_rbs	228.000000	0.000000	0.000000
804.999000	__gene 9_rbs	556.000000	0.000000	0.000000
804.999000	__gp-2_rbs	77.000000	0.000000	0.000000
804.999000	__lysozyme-3.5_rbs	85.000000	0.000000	0.000000
804.999000	__protein_kinase-0.7_rbs	11.000000	0.000000	0.000000
804.999000	__ribosome	9.000000	0.000000	0.000000
804.999000	__rnapol-1_rbs	11.000000	0.000000	0.000000
804.999000	bound_ecolipol	0.000000	0.000000	0.000000
804.999000	bound_ecolipol_p	1087.000000	0.000000	0.000000
804.999000	bound_ribosome	7086.000000	0.000000	0.000000
804.999000	degraded_transcript	27087.000000	0.000000	0.000000
804.999000	ecoli_genome	713.000000	0.000000	0.000000
804.999000	ecoli_transcript	26687.000000	0.000000	0.000000
804.999000	ecolipol	0.000000	0.000000	0.000000
804.999000	ecolipol-2	0.000000	0.000000	0.000000
804.999000	ecolipol-2-p	701.000000	0.000000	0.000000
804.999000	ecolipol-p	12.000000	0.000000	0.000000
804.999000	gene 0.3	777.000000	11.000000	0.090909
804.999000	gene 1.1	1520.000000	43.000000	0.302326
804.999000	gene 1.2	1052.000000	29.000000	4.655172
804.999000	gene 1.3	1212.000000	58.000000	6.275862
804.999000	gene 1.4	1163.000000	47.000000	0.042553
804.999000	gene 1.7	1950.000000	79.000000	0.139241
804.999000	gene 1.8	1938.000000	77.000000	0.038961
804.999000	gene 10A	22538.000000	1157.000000	0.171997
804.999000	gene 11	3585.000000	184.000000	0.119565
804.999000	gene 12	3461.000000	184.000000	0.608696
804.999000	gene 13	6276.000000	357.000000	0.126050
804.999000	gene 14	5903.000000	354.000000	0.138418
804.999000	gene 15	5735.000000	352.000000	0.633523
804.999000	gene 16	5073.000000	341.000000	1.035191
804.999000	gene 17	6405.000000	447.000000	0.434004
804.999000	gene 17.5	6236.000000	430.000000	0.060465
804.999000	gene 18	6175.000000	429.000000	0.093240
804.999000	gene 18.5	6070.000000	425.000000	0.084706
804.999000	gene 18.7	6079.000000	425.000000	0.096471
804.999000	gene 19	5807.000000	424.000000	0.544811
804.999000	gene 19.2	5741.000000	418.000000	0.071770
804.999000	gene 19.3	5731.000000	414.000000	0.045894
804.999000	gene 19.5	5371.000000	406.000000	0.046798
804.999000	gene 2.5	2167.000000	90.000000	0.166667
804.999000	gene 2.8	2117.000000	88.000000	0.113636
804.999000	gene 3	1998.000000	86.000000	0.197674
804.999000	gene 3.8	2433.000000	103.000000	0.126214
804.999000	gene 4.2	2481.000000	109.000000	0.091743
804.999000	gene 4.3	2602.000000	107.000000	0.084112
804.999000	gene 4.5	2946.000000	129.000000	0.077519
804.999000	gene 4.7	2933.000000	127.000000	0.086614
804.999000	gene 4A	2246.000000	103.000000	0.475728
804.999000	gene 5	3061.000000	135.000000	0.533333
804.999000	gene 5.3	2927.000000	131.000000	0.137405
804.999000	gene 5.5	2929.000000	130.000000	0.107692
804.999000	gene 5.7	2888.000000	130.000000	0.053846
804.999000	gene 5.9	2846.000000	128.000000	0.023438
804.999000	gene 6	2812.000000	128.000000	0.273438
804.999000	gene 6.3	2908.000000	126.000000	0.071429
804.999000	gene 6.5	5039.000000	246.000000	0.069106
804.999000	gene 6.7	5042.000000	246.000000	0.093496
804.999000	gene 7	4954.000000	243.000000	0.098765
804.999000	gene 7.3	4963.000000	240.000000	0.058333
804.999000	gene 7.7	4916.000000	238.000000	0.172269
804.999000	gene 8	4625.000000	237.000000	0.409283
804.999000	gene 9	10528.000000	558.000000	0.193548
804.999000	gp-2	1104.000000	78.000000	0.051282
804.999000	lysozyme-3.5	1480.000000	87.000000	0.068966
804.999000	nonpref_charged	678.000000	0.000000	0.000000
804.999000	nonpref_uncharged	14322.000000	0.000000	0.000000
804.999000	pref_charged	20905.000000	0.000000	0.000000
804.999000	pref_uncharged	14095.000000	0.000000	0.000000
804.999000	protein_kinase-0.7	758.000000	11.000000	0.545455
804.999000	rnapol-1	0.000000	11.000000	8.636364
804.999000	rnapol-3.5	409.000000	0.000000	0.000000
809.999002	E. coli B promoter	1.000000	0.000000	0.000000
809.999002	E. coli C promoter	1.000000	0.000000	0.000000
809.999002	E. coli promoter A1	1.000000	0.000000	0.000000
809.999002	E. coli promoter A2	1.000000	0.000000	0.000000
809.999002	E. coli promoter A3	1.000000	0.000000	0.000000
809.999002	T7 promoter phi1.1A	1.000000	0.000000	0.000000
809.999002	T7 promoter phi1.1B	1.000000	0.000000	0.000000
809.999002	T7 promoter phi1.3	1.000000	0.000000	0.000000
809.999002	T7 promoter phi1.5	1.000000	0.000000	0.000000
809.999002	T7 promoter phi1.6	1.000000	0.000000	0.000000
809.999002	T7 promoter phi10	1.000000	0.000000	0.000000
809.999002	T7 promoter phi13	0.000000	0.000000	0.000000
809.999002	T7 promoter phi17	0.000000	0.000000	0.000000
809.999002	T7 promoter phi2.5	0.000000	0.000000	0.000000
809.999002	T7 promoter phi3.8	1.000000	0.000000	0.000000
809.999002	T7 promoter phi4.3	0.000000	0.000000	0.000000
809.999002	T7 promoter phi4.7	1.000000	0.000000	0.000000
809.999002	T7 promoter phi4c	1.000000	0.000000	0.000000
809.999002	T7 promoter phi6.5	1.000000	0.000000	0.000000
809.999002	T7 promoter phi9	1.000000	0.000000	0.000000
809.999002	__gene 0.3_rbs	11.000000	0.000000	0.000000
809.999002	__gene 1.1_rbs	37.000000	0.000000	0.000000
809.999002	__gene 1.2_rbs	22.000000	0.000000	0.000000
809.999002	__gene 1.3_rbs	49.000000	0.000000	0.000000
809.999002	__gene 1.4_rbs	46.000000	0.000000	0.000000
809.999002	__gene 1.7_rbs	78.000000	0.000000	0.000000
809.999002	__gene 1.8_rbs	76.000000	0.000000	0.000000
809.999002	__gene 10A_rbs	1172.000000	0.000000	0.000000
809.999002	__gene 11_rbs	183.000000	0.000000	0.000000
809.999002	__gene 12_rbs	181.000000	0.000000	0.000000
809.999002	__gene 13_rbs	361.000000	0.000000	0.000000
809.999002	__gene 14_rbs	355.000000	0.000000	0.000000
809.999002	__gene 15_rbs	352.000000	0.000000	0.000000
809.999002	__gene 16_rbs	343.000000	0.000000	0.000000
809.999002	__gene 17.5_rbs	438.000000	0.000000	0.000000
809.999002	__gene 17_rbs	456.000000	0.000000	0.000000
809.999002	__gene 18.5_rbs	428.000000	0.000000	0.000000
809.999002	__gene 18.7_rbs	415.000000	0.000000	0.000000
809.999002	__gene 18_rbs	427.000000	0.000000	0.000000
809.999002	__gene 19.2_rbs	408.000000	0.000000	0.000000
809.999002	__gene 19.3_rbs	415.000000	0.000000	0.000000
809.999002	__gene 19.5_rbs	410.000000	0.000000	0.000000
809.999002	__gene 19_rbs	428.000000	0.000000	0.000000
809.999002	__gene 2.5_rbs	91.000000	0.000000	0.000000
809.999002	__gene 2.8_rbs	91.000000	0.000000	0.000000
809.999002	__gene 3.8_rbs	105.000000	0.000000	0.000000
809.999002	__gene 3_rbs	88.000000	0.000000	0.000000
809.999002	__gene 4.2_rbs	110.000000	0.000000	0.000000
809.999002	__gene 4.3_rbs	109.000000	0.000000	0.000000
809.999002	__gene 4.5_rbs	131.000000	0.000000	0.000000
809.999002	__gene 4.7_rbs	130.000000	0.000000	0.000000
809.999002	__gene 4A_rbs	101.000000	0.000000	0.000000
809.999002	__gene 5.3_rbs	132.000000	0.000000	0.000000
809.999002	__gene 5.5_rbs	129.000000	0.000000	0.000000
809.999002	__gene 5.7_rbs	130.000000	0.000000	0.000000
809.999002	__gene 5.9_rbs	133.000000	0.000000	0.000000
809.999002	__gene 5_rbs	136.000000	0.000000	0.000000
809.999002	__gene 6.3_rbs	125.000000	0.000000	0.000000
809.999002	__gene 6.5_rbs	249.000000	0.000000	0.000000
809.999002	__gene 6.7_rbs	241.000000	0.000000	0.000000
809.999002	__gene 6_rbs	131.000000	0.000000	0.000000
809.999002	__gene 7.3_rbs	242.000000	0.000000	0.000000
809.999002	__gene 7.7_rbs	243.000000	0.000000	0.000000
809.999002	__gene 7_rbs	238.000000	0.000000	0.000000
809.999002	__gene 8_rbs	239.000000	0.000000	0.000000
809.999002	__gene 9_rbs	565.000000	0.000000	0.000000
809.999002	__gp-2_rbs	78.000000	0.000000	0.000000
809.999002	__lysozyme-3.5_rbs	88.000000	0.000000	0.000000
809.999002	__protein_kinase-0.7_rbs	11.000000	0.000000	0.000000
809.999002	__ribosome	6.000000	0.000000	0.000000
809.999002	__rnapol-1_rbs	11.000000	0.000000	0.000000
809.999002	bound_ecolipol	0.000000	0.000000	0.000000
809.999002	bound_ecolipol_p	1082.000000	0.000000	0.000000
809.999002	bound_ribosome	7032.000000	0.000000	0.000000
809.999002	degraded_transcript	27360.000000	0.000000	0.000000
809.999002	ecoli_genome	718.000000	0.000000	0.000000
809.999002	ecoli_transcript	26664.000000	0.000000	0.000000
809.999002	ecolipol	0.000000	0.000000	0.000000
809.999002	ecolipol-2	0.000000	0.000000	0.000000
809.999002	ecolipol-2-p	709.000000	0.000000	0.000000
809.999002	ecolipol-p	9.000000	0.000000	0.000000
809.999002	gene 0.3	781.000000	11.000000	0.090909
809.999002	gene 1.1	1534.000000	45.000000	0.266667
809.999002	gene 1.2	1059.000000	29.000000	4.620690
809.999002	gene 1.3	1232.000000	58.000000	6.413793
809.999002	gene 1.4	1182.000000	47.000000	0.042553
809.999002	gene 1.7	1984.000000	80.000000	0.187500
809.999002	gene 1.8	1966.000000	77.000000	0.038961
809.999002	gene 10A	23093.000000	1178.000000	0.153650
809.999002	gene 11	3668.000000	186.000000	0.134409
809.999002	gene 12	3551.000000	184.000000	0.559783
809.999002	gene 13	6439.000000	365.000000	0.120548
809.999002	gene 14	6066.000000	359.000000	0.164345
809.999002	gene 15	5895.000000	356.000000	0.693820
809.999002	gene 16	5226.000000	347.000000	1.031700
809.999002	gene 17	6615.000000	460.000000	0.447826
809.999002	gene 17.5	6444.000000	440.000000	0.043182
809.999002	gene 18	6392.000000	437.000000	0.096110
809.999002	gene 18.5	6291.000000	432.000000	0.148148
809.999002	gene 18.7	6282.000000	431.000000	0.095128
809.999002	gene 19	6037.000000	431.000000	0.403712
809.999002	gene 19.2	5935.000000	425.000000	0.127059
809.999002	gene 19.3	5932.000000	423.000000	0.040189
809.999002	gene 19.5	5573.000000	417.000000	0.062350
809.999002	gene 2.5	2209.000000	92.000000	0.119565
809.999002	gene 2.8	2161.000000	91.000000	0.098901
809.999002	gene 3	2041.000000	88.000000	0.102273
809.999002	gene 3.8	2479.000000	105.000000	0.171429
809.999002	gene 4.2	2536.000000	114.000000	0.140351
809.999002	gene 4.3	2669.000000	110.000000	0.045455
809.999002	gene 4.5	3005.000000	132.000000	0.083333
809.999002	gene 4.7	3001.000000	131.000000	0.083969
809.999002	gene 4A	2296.000000	105.000000	0.504762
809.999002	gene 5	3124.000000	138.000000	0.608696
809.999002	gene 5.3	2997.000000	133.000000	0.082707
809.999002	gene 5.5	3008.000000	133.000000	0.112782
809.999002	gene 5.7	2942.000000	132.000000	0.037879
809.999002	gene 5.9	2913.000000	133.000000	0.015038
809.999002	gene 6	2873.000000	133.000000	0.270677
809.999002	gene 6.3	2959.000000	128.000000	0.046875
809.999002	gene 6.5	5148.000000	251.000000	0.071713
809.999002	gene 6.7	5173.000000	249.000000	0.124498
809.999002	gene 7	5072.000000	248.000000	0.145161
809.999002	gene 7.3	5070.000000	247.000000	0.064777
809.999002	gene 7.7	5044.000000	246.000000	0.097561
809.999002	gene 8	4729.000000	243.000000	0.415638
809.999002	gene 9	10788.000000	570.000000	0.203509
809.999002	gp-2	1125.000000	79.000000	0.000000
809.999002	lysozyme-3.5	1510.000000	89.000000	0.157303
809.999002	nonpref_charged	574.000000	0.000000	0.000000
809.999002	nonpref_uncharged	14426.000000	0.000000	0.000000
809.999002	pref_charged	20922.000000	0.000000	0.000000
809.999002	pref_uncharged	14078.000000	0.000000	0.000000
809.999002	protein_kinase-0.7	764.000000	11.000000	0.454545
809.999002	rnapol-1	0.000000	11.000000	9.090909
809.999002	rnapol-3.5	408.000000	0.000000	0.000000
814.999001	E. coli B promoter	1.000000	0.000000	0.000000
814.999001	E. coli C promoter	1.000000	0.000000	0.000000
814.999001	E. coli promoter A1	1.000000	0.000000	0.000000
814.999001	E. coli promoter A2	1.000000	0.000000	0.000000
814.999001	E. coli promoter A3	1.000000	0.000000	0.000000
814.999001	T7 promoter phi1.1A	1.000000	0.000000	0.000000
814.999001	T7 promoter phi1.1B	1.000000	0.000000	0.000000
814.999001	T7 promoter phi1.3	1.000000	0.000000	0.000000
814.999001	T7 promoter phi1.5	1.000000	0.000000	0.000000
814.999001	T7 promoter phi1.6	1.000000	0.000000	0.000000
814.999001	T7 promoter phi10	0.000000	0.000000	0.000000
814.999001	T7 promoter phi13	0.000000	0.000000	0.000000
814.999001	T7 promoter phi17	1.000000	0.000000	0.000000
814.999001	T7 promoter phi2.5	1.000000	0.000000	0.000000
814.999001	T7 promoter phi3.8	1.000000	0.000000	0.000000
814.999001	T7 promoter phi4.3	1.000000	0.000000	0.000000
814.999001	T7 promoter phi4.7	1.000000	0.000000	0.000000
814.999001	T7 promoter phi4c	1.000000	0.000000	0.000000
814.999001	T7 promoter phi6.5	1.000000	0.000000	0.000000
814.999001	T7 promoter phi9	0.000000	0.000000	0.000000
814.999001	__gene 0.3_rbs	11.000000	0.000000	0.000000
814.999001	__gene 1.1_rbs	38.000000	0.000000	0.000000
814.999001	__gene 1.2_rbs	23.000000	0.000000	0.000000
814.999001	__gene 1.3_rbs	52.000000	0.000000	0.000000
814.999001	__gene 1.4_rbs	46.000000	0.000000	0.000000
814.999001	__gene 1.7_rbs	82.000000	0.000000	0.000000
814.999001	__gene 1.8_rbs	81.000000	0.000000	0.000000
814.999001	__gene 10A_rbs	1189.000000	0.000000	0.000000
814.999001	__gene 11_rbs	190.000000	0.000000	0.000000
814.999001	__gene 12_rbs	186.000000	0.000000	0.000000
814.999001	__gene 13_rbs	365.000000	0.000000	0.000000
814.999001	__gene 14_rbs	358.000000	0.000000	0.000000
814.999001	__gene 15_rbs	358.000000	0.000000	0.000000
814.999001	__gene 16_rbs	349.000000	0.000000	0.000000
814.999001	__gene 17.5_rbs	450.000000	0.000000	0.000000
814.999001	__gene 17_rbs	467.000000	0.000000	0.000000
814.999001	__gene 18.5_rbs	439.000000	0.000000	0.000000
814.999001	__gene 18.7_rbs	425.000000	0.000000	0.000000
814.999001	__gene 18_rbs	435.000000	0.000000	0.000000
814.999001	__gene 19.2_rbs	421.000000	0.000000	0.000000
814.999001	__gene 19.3_rbs	424.000000	0.000000	0.000000
814.999001	__gene 19.5_rbs	419.000000	0.000000	0.000000
814.999001	__gene 19_rbs	433.000000	0.000000	0.000000
814.999001	__gene 2.5_rbs	94.000000	0.000000	0.000000
814.999001	__gene 2.8_rbs	92.000000	0.000000	0.000000
814.999001	__gene 3.8_rbs	105.000000	0.000000	0.000000
814.999001	__gene 3_rbs	88.000000	0.000000	0.000000
814.999001	__gene 4.2_rbs	114.000000	0.000000	0.000000
814.999001	__gene 4.3_rbs	114.000000	0.000000	0.000000
814.999001	__gene 4.5_rbs	138.000000	0.000000	0.000000
814.999001	__gene 4.7_rbs	138.000000	0.000000	0.000000
814.999001	__gene 4A_rbs	104.000000	0.000000	0.000000
814.999001	__gene 5.3_rbs	135.000000	0.000000	0.000000
814.999001	__gene 5.5_rbs	130.000000	0.000000	0.000000
814.999001	__gene 5.7_rbs	133.000000	0.000000	0.000000
814.999001	__gene 5.9_rbs	134.000000	0.000000	0.000000
814.999001	__gene 5_rbs	139.000000	0.000000	0.000000
814.999001	__gene 6.3_rbs	131.000000	0.000000	0.000000
814.999001	__gene 6.5_rbs	251.000000	0.000000	0.000000
814.999001	__gene 6.7_rbs	249.000000	0.000000	0.000000
814.999001	__gene 6_rbs	130.000000	0.000000	0.000000
814.999001	__gene 7.3_rbs	244.000000	0.000000	0.000000
814.999001	__gene 7.7_rbs	251.000000	0.000000	0.000000
814.999001	__gene 7_rbs	247.000000	0.000000	0.000000
814.999001	__gene 8_rbs	239.000000	0.000000	0.000000
814.999001	__gene 9_rbs	581.000000	0.000000	0.000000
814.999001	__gp-2_rbs	79.000000	0.000000	0.000000
814.999001	__lysozyme-3.5_rbs	88.000000	0.000000	0.000000
814.999001	__protein_kinase-0.7_rbs	11.000000	0.000000	0.000000
814.999001	__ribosome	6.000000	0.000000	0.000000
814.999001	__rnapol-1_rbs	11.000000	0.000000	0.000000
814.999001	bound_ecolipol	0.000000	0.000000	0.000000
814.999001	bound_ecolipol_p	1075.000000	0.000000	0.000000
814.999001	bound_ribosome	6928.000000	0.000000	0.000000
814.999001	degraded_transcript	27603.000000	0.000000	0.000000
814.999001	ecoli_genome	725.000000	0.000000	0.000000
814.999001	ecoli_transcript	26737.000000	0.000000	0.000000
814.999001	ecolipol	0.000000	0.000000	0.000000
814.999001	ecolipol-2	0.000000	0.000000	0.000000
814.999001	ecolipol-2-p	711.000000	0.000000	0.000000
814.999001	ecolipol-p	14.000000	0.000000	0.000000
814.999001	gene 0.3	786.000000	11.000000	0.181818
814.999001	gene 1.1	1546.000000	46.000000	0.282609
814.999001	gene 1.2	1067.000000	30.000000	4.466667
814.999001	gene 1.3	1259.000000	61.000000	6.114754
814.999001	gene 1.4	1201.000000	47.000000	0.021277
814.999001	gene 1.7	2024.000000	84.000000	0.166667
814.999001	gene 1.8	2000.000000	79.000000	0.037975
814.999001	gene 10A	23606.000000	1197.000000	0.160401
814.999001	gene 11	3756.000000	192.000000	0.140625
814.999001	gene 12	3621.000000	190.000000	0.710526
814.999001	gene 13	6617.000000	370.000000	0.137838
814.999001	gene 14	6242.000000	366.000000	0.147541
814.999001	gene 15	6068.000000	364.000000	0.695055
814.999001	gene 16	5377.000000	353.000000	1.082153
814.999001	gene 17	6831.000000	468.000000	0.440171
814.999001	gene 17.5	6633.000000	454.000000	0.046256
814.999001	gene 18	6616.000000	452.000000	0.084071
814.999001	gene 18.5	6496.000000	447.000000	0.165548
814.999001	gene 18.7	6464.000000	446.000000	0.089686
814.999001	gene 19	6207.000000	441.000000	0.482993
814.999001	gene 19.2	6146.000000	433.000000	0.078522
814.999001	gene 19.3	6125.000000	431.000000	0.055684
814.999001	gene 19.5	5769.000000	425.000000	0.032941
814.999001	gene 2.5	2248.000000	94.000000	0.159574
814.999001	gene 2.8	2198.000000	93.000000	0.107527
814.999001	gene 3	2082.000000	90.000000	0.122222
814.999001	gene 3.8	2538.000000	107.000000	0.121495
814.999001	gene 4.2	2591.000000	117.000000	0.102564
814.999001	gene 4.3	2706.000000	116.000000	0.060345
814.999001	gene 4.5	3073.000000	139.000000	0.021583
814.999001	gene 4.7	3063.000000	139.000000	0.079137
814.999001	gene 4A	2351.000000	106.000000	0.471698
814.999001	gene 5	3195.000000	142.000000	0.570423
814.999001	gene 5.3	3042.000000	134.000000	0.082090
814.999001	gene 5.5	3079.000000	135.000000	0.096296
814.999001	gene 5.7	3001.000000	134.000000	0.029851
814.999001	gene 5.9	2977.000000	135.000000	0.022222
814.999001	gene 6	2933.000000	134.000000	0.268657
814.999001	gene 6.3	3029.000000	132.000000	0.053030
814.999001	gene 6.5	5279.000000	257.000000	0.093385
814.999001	gene 6.7	5309.000000	256.000000	0.097656
814.999001	gene 7	5202.000000	253.000000	0.126482
814.999001	gene 7.3	5194.000000	251.000000	0.091633
814.999001	gene 7.7	5141.000000	251.000000	0.131474
814.999001	gene 8	4835.000000	248.000000	0.395161
814.999001	gene 9	11041.000000	583.000000	0.217839
814.999001	gp-2	1152.000000	81.000000	0.049383
814.999001	lysozyme-3.5	1551.000000	91.000000	0.054945
814.999001	nonpref_charged	635.000000	0.000000	0.000000
814.999001	nonpref_uncharged	14365.000000	0.000000	0.000000
814.999001	pref_charged	21141.000000	0.000000	0.000000
814.999001	pref_uncharged	13859.000000	0.000000	0.000000
814.999001	protein_kinase-0.7	768.000000	11.000000	0.545455
814.999001	rnapol-1	0.000000	11.000000	9.454545
814.999001	rnapol-3.5	407.000000	0.000000	0.000000
819.999000	E. coli B promoter	1.000000	0.000000	0.000000
819.999000	E. coli C promoter	1.000000	0.000000	0.000000
819.999000	E. coli promoter A1	1.000000	0.000000	0.000000
819.999000	E. coli promoter A2	1.000000	0.000000	0.000000
819.999000	E. coli promoter A3	1.000000	0.000000	0.000000
819.999000	T7 promoter phi1.1A	1.000000	0.000000	0.000000
819.999000	T7 promoter phi1.1B	1.000000	0.000000	0.000000
819.999000	T7 promoter phi1.3	1.000000	0.000000	0.000000
819.999000	T7 promoter phi1.5	1.000000	0.000000	0.000000
819.999000	T7 promoter phi1.6	0.000000	0.000000	0.000000
819.999000	T7 promoter phi10	1.000000	0.000000	0.000000
819.999000	T7 promoter phi13	1.000000	0.000000	0.000000
819.999000	T7 promoter phi17	1.000000	0.000000	0.000000
819.999000	T7 promoter phi2.5	1.000000	0.000000	0.000000
819.999000	T7 promoter phi3.8	1.000000	0.000000	0.000000
819.999000	T7 promoter phi4.3	0.000000	0.000000	0.000000
819.999000	T7 promoter phi4.7	1.000000	0.000000	0.000000
819.999000	T7 promoter phi4c	1.000000	0.000000	0.000000
819.999000	T7 promoter phi6.5	0.000000	0.000000	0.000000
819.999000	T7 promoter phi9	1.000000	0.000000	0.000000
819.999000	__gene 0.3_rbs	11.000000	0.000000	0.000000
819.999000	__gene 1.1_rbs	39.000000	0.000000	0.000000
819.999000	__gene 1.2_rbs	22.000000	0.000000	0.000000
819.999000	__gene 1.3_rbs	50.000000	0.000000	0.000000
819.999000	__gene 1.4_rbs	49.000000	0.000000	0.000000
819.999000	__gene 1.7_rbs	87.000000	0.000000	0.000000
819.999000	__gene 1.8_rbs	82.000000	0.000000	0.000000
819.999000	__gene 10A_rbs	1212.000000	0.000000	0.000000
819.999000	__gene 11_rbs	193.000000	0.000000	0.000000
819.999000	__gene 12_rbs	191.000000	0.000000	0.000000
819.999000	__gene 13_rbs	369.000000	0.000000	0.000000
819.999000	__gene 14_rbs	361.000000	0.000000	0.000000
819.999000	__gene 15_rbs	366.000000	0.000000	0.000000
819.999000	__gene 16_rbs	352.000000	0.000000	0.000000
819.999000	__gene 17.5_rbs	454.000000	0.000000	0.000000
819.999000	__gene 17_rbs	477.000000	0.000000	0.000000
819.999000	__gene 18.5_rbs	455.000000	0.000000	0.000000
819.999000	__gene 18.7_rbs	447.000000	0.000000	0.000000
819.999000	__gene 18_rbs	444.000000	0.000000	0.000000
819.999000	__gene 19.2_rbs	437.000000	0.000000	0.000000
819.999000	__gene 19.3_rbs	428.000000	0.000000	0.000000
819.999000	__gene 19.5_rbs	420.000000	0.000000	0.000000
819.999000	__gene 19_rbs	450.000000	0.000000	0.000000
819.999000	__gene 2.5_rbs	96.000000	0.000000	0.000000
819.999000	__gene 2.8_rbs	95.000000	0.000000	0.000000
819.999000	__gene 3.8_rbs	109.000000	0.000000	0.000000
819.999000	__gene 3_rbs	93.000000	0.000000	0.000000
819.999000	__gene 4.2_rbs	116.000000	0.000000	0.000000
819.999000	__gene 4.3_rbs	116.000000	0.000000	0.000000
819.999000	__gene 4.5_rbs	140.000000	0.000000	0.000000
819.999000	__gene 4.7_rbs	139.000000	0.000000	0.000000
819.999000	__gene 4A_rbs	103.000000	0.000000	0.000000
819.999000	__gene 5.3_rbs	134.000000	0.000000	0.000000
819.999000	__gene 5.5_rbs	133.000000	0.000000	0.000000
819.999000	__gene 5.7_rbs	135.000000	0.000000	0.000000
819.999000	__gene 5.9_rbs	133.000000	0.000000	0.000000
819.999000	__gene 5_rbs	143.000000	0.000000	0.000000
819.999000	__gene 6.3_rbs	134.000000	0.000000	0.000000
819.999000	__gene 6.5_rbs	260.000000	0.000000	0.000000
819.999000	__gene 6.7_rbs	252.000000	0.000000	0.000000
819.999000	__gene 6_rbs	130.000000	0.000000	0.000000
819.999000	__gene 7.3_rbs	254.000000	0.000000	0.000000
819.999000	__gene 7.7_rbs	254.000000	0.000000	0.000000
819.999000	__gene 7_rbs	252.000000	0.000000	0.000000
819.999000	__gene 8_rbs	247.000000	0.000000	0.000000
819.999000	__gene 9_rbs	588.000000	0.000000	0.000000
819.999000	__gp-2_rbs	84.000000	0.000000	0.000000
819.999000	__lysozyme-3.5_rbs	91.000000	0.000000	0.000000
819.999000	__protein_kinase-0.7_rbs	11.000000	0.000000	0.000000
819.999000	__ribosome	3.000000	0.000000	0.000000
819.999000	__rnapol-1_rbs	10.000000	0.000000	0.000000
819.999000	bound_ecolipol	0.000000	0.000000	0.000000
819.999000	bound_ecolipol_p	1066.000000	0.000000	0.000000
819.999000	bound_ribosome	6808.000000	0.000000	0.000000
819.999000	degraded_transcript	27847.000000	0.000000	0.000000
819.999000	ecoli_genome	734.000000	0.000000	0.000000
819.999000	ecoli_transcript	26816.000000	0.000000	0.000000
819.999000	ecolipol	0.000000	0.000000	0.000000
819.999000	ecolipol-2	0.000000	0.000000	0.000000
819.999000	ecolipol-2-p	720.000000	0.000000	0.000000
819.999000	ecolipol-p	14.000000	0.000000	0.000000
819.999000	gene 0.3	791.000000	11.000000	0.090909
819.999000	gene 1.1	1569.000000	46.000000	0.282609
819.999000	gene 1.2	1076.000000	30.000000	4.566667
819.999000	gene 1.3	1284.000000	61.000000	6.147541
819.999000	gene 1.4	1217.000000	50.000000	0.080000
819.999000	gene 1.7	2064.000000	87.000000	0.137931
819.999000	gene 1.8	2038.000000	83.000000	0.036145
819.999000	gene 10A	24134.000000	1218.000000	0.163383
819.999000	gene 11	3837.000000	197.000000	0.162437
819.999000	gene 12	3708.000000	195.000000	0.697436
819.999000	gene 13	6794.000000	375.000000	0.136000
819.999000	gene 14	6394.000000	371.000000	0.169811
819.999000	gene 15	6232.000000	370.000000	0.702703
819.999000	gene 16	5524.000000	357.000000	1.145658
819.999000	gene 17	7036.000000	479.000000	0.425887
819.999000	gene 17.5	6851.000000	462.000000	0.077922
819.999000	gene 18	6832.000000	462.000000	0.080087
819.999000	gene 18.5	6717.000000	460.000000	0.115217
819.999000	gene 18.7	6678.000000	460.000000	0.095652
819.999000	gene 19	6398.000000	455.000000	0.518681
819.999000	gene 19.2	6337.000000	447.000000	0.089485
819.999000	gene 19.3	6301.000000	440.000000	0.077273
819.999000	gene 19.5	5950.000000	431.000000	0.069606
819.999000	gene 2.5	2295.000000	98.000000	0.132653
819.999000	gene 2.8	2230.000000	95.000000	0.126316
819.999000	gene 3	2130.000000	92.000000	0.163043
819.999000	gene 3.8	2583.000000	110.000000	0.136364
819.999000	gene 4.2	2645.000000	119.000000	0.092437
819.999000	gene 4.3	2748.000000	118.000000	0.042373
819.999000	gene 4.5	3132.000000	141.000000	0.035461
819.999000	gene 4.7	3129.000000	141.000000	0.085106
819.999000	gene 4A	2398.000000	108.000000	0.435185
819.999000	gene 5	3251.000000	147.000000	0.510204
819.999000	gene 5.3	3102.000000	139.000000	0.143885
819.999000	gene 5.5	3141.000000	137.000000	0.080292
819.999000	gene 5.7	3046.000000	135.000000	0.037037
819.999000	gene 5.9	3034.000000	136.000000	0.044118
819.999000	gene 6	3000.000000	135.000000	0.125926
819.999000	gene 6.3	3093.000000	134.000000	0.044776
819.999000	gene 6.5	5390.000000	262.000000	0.061069
819.999000	gene 6.7	5416.000000	260.000000	0.076923
819.999000	gene 7	5319.000000	259.000000	0.135135
819.999000	gene 7.3	5331.000000	255.000000	0.098039
819.999000	gene 7.7	5255.000000	256.000000	0.136719
819.999000	gene 8	4930.000000	253.000000	0.498024
819.999000	gene 9	11328.000000	594.000000	0.215488
819.999000	gp-2	1188.000000	84.000000	0.047619
819.999000	lysozyme-3.5	1598.000000	94.000000	0.053191
819.999000	nonpref_charged	576.000000	0.000000	0.000000
819.999000	nonpref_uncharged	14424.000000	0.000000	0.000000
819.999000	pref_charged	21079.000000	0.000000	0.000000
819.999000	pref_uncharged	13921.000000	0.000000	0.000000
819.999000	protein_kinase-0.7	774.000000	11.000000	0.363636
819.999000	rnapol-1	0.000000	11.000000	9.727273
819.999000	rnapol-3.5	412.000000	0.000000	0.000000
824.999000	E. coli B promoter	1.000000	0.000000	0.000000
824.999000	E. coli C promoter	1.000000	0.000000	0.000000
824.999000	E. coli promoter A1	1.000000	0.000000	0.000000
824.999000	E. coli promoter A2	1.000000	0.000000	0.000000
824.999000	E. coli promoter A3	1.000000	0.000000	0.000000
824.999000	T7 promoter phi1.1A	1.000000	0.000000	0.000000
824.999000	T7 promoter phi1.1B	1.000000	0.000000	0.000000
824.999000	T7 promoter phi1.3	1.000000	0.000000	0.000000
824.999000	T7 promoter phi1.5	1.000000	0.000000	0.000000
824.999000	T7 promoter phi1.6	1.000000	0.000000	0.000000
824.999000	T7 promoter phi10	0.000000	0.000000	0.000000
824.999000	T7 promoter phi13	1.000000	0.000000	0.000000
824.999000	T7 promoter phi17	0.000000	0.000000	0.000000
824.999000	T7 promoter phi2.5	0.000000	0.000000	0.000000
824.999000	T7 promoter phi3.8	1.000000	0.000000	0.000000
824.999000	T7 promoter phi4.3	1.000000	0.000000	0.000000
824.999000	T7 promoter phi4.7	1.000000	0.000000	0.000000
824.999000	T7 promoter phi4c	1.000000	0.000000	0.000000
824.999000	T7 promoter phi6.5	0.000000	0.000000	0.000000
824.999000	T7 promoter phi9	0.000000	0.000000	0.000000
824.999000	__gene 0.3_rbs	11.000000	0.000000	0.000000
824.999000	__gene 1.1_rbs	41.000000	0.000000	0.000000
824.999000	__gene 1.2_rbs	24.000000	0.000000	0.000000
824.999000	__gene 1.3_rbs	52.000000	0.000000	0.000000
824.999000	__gene 1.4_rbs	49.000000	0.000000	0.000000
824.999000	__gene 1.7_rbs	89.000000	0.000000	0.000000
824.999000	__gene 1.8_rbs	81.000000	0.000000	0.000000
824.999000	__gene 10A_rbs	1234.000000	0.000000	0.000000
824.999000	__gene 11_rbs	196.000000	0.000000	0.000000
824.999000	__gene 12_rbs	197.000000	0.000000	0.000000
824.999000	__gene 13_rbs	380.000000	0.000000	0.000000
824.999000	__gene 14_rbs	365.000000	0.000000	0.000000
824.999000	__gene 15_rbs	372.000000	0.000000	0.000000
824.999000	__gene 16_rbs	360.000000	0.000000	0.000000
824.999000	__gene 17.5_rbs	470.000000	0.000000	0.000000
824.999000	__gene 17_rbs	481.000000	0.000000	0.000000
824.999000	__gene 18.5_rbs	460.000000	0.000000	0.000000
824.999000	__gene 18.7_rbs	446.000000	0.000000	0.000000
824.999000	__gene 18_rbs	457.000000	0.000000	0.000000
824.999000	__gene 19.2_rbs	447.000000	0.000000	0.000000
824.999000	__gene 19.3_rbs	444.000000	0.000000	0.000000
824.999000	__gene 19.5_rbs	437.000000	0.000000	0.000000
824.999000	__gene 19_rbs	459.000000	0.000000	0.000000
824.999000	__gene 2.5_rbs	101.000000	0.000000	0.000000
824.999000	__gene 2.8_rbs	98.000000	0.000000	0.000000
824.999000	__gene 3.8_rbs	113.000000	0.000000	0.000000
824.999000	__gene 3_rbs	95.000000	0.000000	0.000000
824.999000	__gene 4.2_rbs	119.000000	0.000000	0.000000
824.999000	__gene 4.3_rbs	120.000000	0.000000	0.000000
824.999000	__gene 4.5_rbs	143.000000	0.000000	0.000000
824.999000	__gene 4.7_rbs	143.000000	0.000000	0.000000
824.999000	__gene 4A_rbs	107.000000	0.000000	0.000000
824.999000	__gene 5.3_rbs	141.000000	0.000000	0.000000
824.999000	__gene 5.5_rbs	138.000000	0.000000	0.000000
824.999000	__gene 5.7_rbs	136.000000	0.000000	0.000000
824.999000	__gene 5.9_rbs	135.000000	0.000000	0.000000
824.999000	__gene 5_rbs	148.000000	0.000000	0.000000
824.999000	__gene 6.3_rbs	135.000000	0.000000	0.000000
824.999000	__gene 6.5_rbs	261.000000	0.000000	0.000000
824.999000	__gene 6.7_rbs	257.000000	0.000000	0.000000
824.999000	__gene 6_rbs	132.000000	0.000000	0.000000
824.999000	__gene 7.3_rbs	253.000000	0.000000	0.000000
824.999000	__gene 7.7_rbs	259.000000	0.000000	0.000000
824.999000	__gene 7_rbs	260.000000	0.000000	0.000000
824.999000	__gene 8_rbs	254.000000	0.000000	0.000000
824.999000	__gene 9_rbs	601.000000	0.000000	0.000000
824.999000	__gp-2_rbs	85.000000	0.000000	0.000000
824.999000	__lysozyme-3.5_rbs	95.000000	0.000000	0.000000
824.999000	__protein_kinase-0.7_rbs	11.000000	0.000000	0.000000
824.999000	__ribosome	5.000000	0.000000	0.000000
824.999000	__rnapol-1_rbs	11.000000	0.000000	0.000000
824.999000	bound_ecolipol	0.000000	0.000000	0.000000
824.999000	bound_ecolipol_p	1047.000000	0.000000	0.000000
824.999000	bound_ribosome	6740.000000	0.000000	0.000000
824.999000	degraded_transcript	28088.000000	0.000000	0.000000
824.999000	ecoli_genome	753.000000	0.000000	0.000000
824.999000	ecoli_transcript	26863.000000	0.000000	0.000000
824.999000	ecolipol	0.000000	0.000000	0.000000
824.999000	ecolipol-2	0.000000	0.000000	0.000000
824.999000	ecolipol-2-p	743.000000	0.000000	0.000000
824.999000	ecolipol-p	10.000000	0.000000	0.000000
824.999000	gene 0.3	800.000000	11.000000	0.363636
824.999000	gene 1.1	1584.000000	49.000000	0.265306
824.999000	gene 1.2	1087.000000	31.000000	4.419355
824.999000	gene 1.3	1306.000000	62.000000	5.919355
824.999000	gene 1.4	1234.000000	50.000000	0.060000
824.999000	gene 1.7	2092.000000	89.000000	0.179775
824.999000	gene 1.8	2080.000000	87.000000	0.080460
824.999000	gene 10A	24651.000000	1237.000000	0.149555
824.999000	gene 11	3933.000000	199.000000	0.165829
824.999000	gene 12	3800.000000	199.000000	0.673367
824.999000	gene 13	6960.000000	382.000000	0.133508
824.999000	gene 14	6563.000000	378.000000	0.182540
824.999000	gene 15	6411.000000	374.000000	0.652406
824.999000	gene 16	5689.000000	366.000000	1.081967
824.999000	gene 17	7234.000000	487.000000	0.455852
824.999000	gene 17.5	7081.000000	475.000000	0.065263
824.999000	gene 18	7049.000000	472.000000	0.057203
824.999000	gene 18.5	6912.000000	467.000000	0.149893
824.999000	gene 18.7	6875.000000	467.000000	0.098501
824.999000	gene 19	6615.000000	464.000000	0.500000
824.999000	gene 19.2	6543.000000	461.000000	0.086768
824.999000	gene 19.3	6494.000000	454.000000	0.059471
824.999000	gene 19.5	6135.000000	444.000000	0.054054
824.999000	gene 2.5	2338.000000	101.000000	0.099010
824.999000	gene 2.8	2280.000000	98.000000	0.102041
824.999000	gene 3	2169.000000	95.000000	0.168421
824.999000	gene 3.8	2633.000000	113.000000	0.132743
824.999000	gene 4.2	2700.000000	121.000000	0.140496
824.999000	gene 4.3	2797.000000	121.000000	0.041322
824.999000	gene 4.5	3195.000000	143.000000	0.062937
824.999000	gene 4.7	3187.000000	143.000000	0.146853
824.999000	gene 4A	2439.000000	112.000000	0.526786
824.999000	gene 5	3306.000000	150.000000	0.620000
824.999000	gene 5.3	3180.000000	144.000000	0.104167
824.999000	gene 5.5	3196.000000	140.000000	0.078571
824.999000	gene 5.7	3112.000000	138.000000	0.043478
824.999000	gene 5.9	3099.000000	139.000000	0.064748
824.999000	gene 6	3047.000000	139.000000	0.316547
824.999000	gene 6.3	3164.000000	135.000000	0.044444
824.999000	gene 6.5	5521.000000	264.000000	0.125000
824.999000	gene 6.7	5524.000000	264.000000	0.075758
824.999000	gene 7	5433.000000	263.000000	0.121673
824.999000	gene 7.3	5465.000000	262.000000	0.072519
824.999000	gene 7.7	5390.000000	261.000000	0.134100
824.999000	gene 8	5050.000000	259.000000	0.482625
824.999000	gene 9	11596.000000	603.000000	0.223881
824.999000	gp-2	1192.000000	88.000000	0.090909
824.999000	lysozyme-3.5	1641.000000	96.000000	0.083333
824.999000	nonpref_charged	605.000000	0.000000	0.000000
824.999000	nonpref_uncharged	14395.000000	0.000000	0.000000
824.999000	pref_charged	20930.000000	0.000000	0.000000
824.999000	pref_uncharged	14070.000000	0.000000	0.000000
824.999000	protein_kinase-0.7	778.000000	11.000000	0.454545
824.999000	rnapol-1	0.000000	11.000000	10.090909
824.999000	rnapol-3.5	415.000000	0.000000	0.000000
829.999002	E. coli B promoter	1.000000	0.000000	0.000000
829.999002	E. coli C promoter	1.000000	0.000000	0.000000
829.999002	E. coli promoter A1	1.000000	0.000000	0.000000
829.999002	E. coli promoter A2	1.000000	0.000000	0.000000
829.999002	E. coli promoter A3	1.000000	0.000000	0.000000
829.999002	T7 promoter phi1.1A	1.000000	0.000000	0.000000
829.999002	T7 promoter phi1.1B	1.000000	0.000000	0.000000
829.999002	T7 promoter phi1.3	1.000000	0.000000	0.000000
829.999002	T7 promoter phi1.5	1.000000	0.000000	0.000000
829.999002	T7 promoter phi1.6	1.000000	0.000000	0.000000
829.999002	T7 promoter phi10	0.000000	0.000000	0.000000
829.999002	T7 promoter phi13	1.000000	0.000000	0.000000
829.999002	T7 promoter phi17	0.000000	0.000000	0.000000
829.999002	T7 promoter phi2.5	1.000000	0.000000	0.000000
829.999002	T7 promoter phi3.8	1.000000	0.000000	0.000000
829.999002	T7 promoter phi4.3	1.000000	0.000000	0.000000
829.999002	T7 promoter phi4.7	1.000000	0.000000	0.000000
829.999002	T7 promoter phi4c	1.000000	0.000000	0.000000
829.999002	T7 promoter phi6.5	1.000000	0.000000	0.000000
829.999002	T7 promoter phi9	0.000000	0.000000	0.000000
829.999002	__gene 0.3_rbs	11.000000	0.000000	0.000000
829.999002	__gene 1.1_rbs	43.000000	0.000000	0.000000
829.999002	__gene 1.2_rbs	25.000000	0.000000	0.000000
829.999002	__gene 1.3_rbs	56.000000	0.000000	0.000000
829.999002	__gene 1.4_rbs	51.000000	0.000000	0.000000
829.999002	__gene 1.7_rbs	88.000000	0.000000	0.000000
829.999002	__gene 1.8_rbs	87.000000	0.000000	0.000000
829.999002	__gene 10A_rbs	1246.000000	0.000000	0.000000
829.999002	__gene 11_rbs	201.000000	0.000000	0.000000
829.999002	__gene 12_rbs	198.000000	0.000000	0.000000
829.999002	__gene 13_rbs	386.000000	0.000000	0.000000
829.999002	__gene 14_rbs	379.000000	0.000000	0.000000
829.999002	__gene 15_rbs	378.000000	0.000000	0.000000
829.999002	__gene 16_rbs	371.000000	0.000000	0.000000
829.999002	__gene 17.5_rbs	477.000000	0.000000	0.000000
829.999002	__gene 17_rbs	495.000000	0.000000	0.000000
829.999002	__gene 18.5_rbs	472.000000	0.000000	0.000000
829.999002	__gene 18.7_rbs	460.000000	0.000000	0.000000
829.999002	__gene 18_rbs	466.000000	0.000000	0.000000
829.999002	__gene 19.2_rbs	459.000000	0.000000	0.000000
829.999002	__gene 19.3_rbs	455.000000	0.000000	0.000000
829.999002	__gene 19.5_rbs	454.000000	0.000000	0.000000
829.999002	__gene 19_rbs	467.000000	0.000000	0.000000
829.999002	__gene 2.5_rbs	102.000000	0.000000	0.000000
829.999002	__gene 2.8_rbs	99.000000	0.000000	0.000000
829.999002	__gene 3.8_rbs	114.000000	0.000000	0.000000
829.999002	__gene 3_rbs	98.000000	0.000000	0.000000
829.999002	__gene 4.2_rbs	122.000000	0.000000	0.000000
829.999002	__gene 4.3_rbs	119.000000	0.000000	0.000000
829.999002	__gene 4.5_rbs	146.000000	0.000000	0.000000
829.999002	__gene 4.7_rbs	144.000000	0.000000	0.000000
829.999002	__gene 4A_rbs	113.000000	0.000000	0.000000
829.999002	__gene 5.3_rbs	147.000000	0.000000	0.000000
829.999002	__gene 5.5_rbs	146.000000	0.000000	0.000000
829.999002	__gene 5.7_rbs	145.000000	0.000000	0.000000
829.999002	__gene 5.9_rbs	143.000000	0.000000	0.000000
829.999002	__gene 5_rbs	151.000000	0.000000	0.000000
829.999002	__gene 6.3_rbs	136.000000	0.000000	0.000000
829.999002	__gene 6.5_rbs	268.000000	0.000000	0.000000
829.999002	__gene 6.7_rbs	262.000000	0.000000	0.000000
829.999002	__gene 6_rbs	140.000000	0.000000	0.000000
829.999002	__gene 7.3_rbs	257.000000	0.000000	0.000000
829.999002	__gene 7.7_rbs	263.000000	0.000000	0.000000
829.999002	__gene 7_rbs	259.000000	0.000000	0.000000
829.999002	__gene 8_rbs	256.000000	0.000000	0.000000
829.999002	__gene 9_rbs	610.000000	0.000000	0.000000
829.999002	__gp-2_rbs	86.000000	0.000000	0.000000
829.999002	__lysozyme-3.5_rbs	97.000000	0.000000	0.000000
829.999002	__protein_kinase-0.7_rbs	11.000000	0.000000	0.000000
829.999002	__ribosome	3.000000	0.000000	0.000000
829.999002	__rnapol-1_rbs	11.000000	0.000000	0.000000
829.999002	bound_ecolipol	0.000000	0.000000	0.000000
829.999002	bound_ecolipol_p	1030.000000	0.000000	0.000000
829.999002	bound_ribosome	6678.000000	0.000000	0.000000
829.999002	degraded_transcript	28325.000000	0.000000	0.000000
829.999002	ecoli_genome	770.000000	0.000000	0.000000
829.999002	ecoli_transcript	26917.000000	0.000000	0.000000
829.999002	ecolipol	0.000000	0.000000	0.000000
829.999002	ecolipol-2	0.000000	0.000000	0.000000
829.999002	ecolipol-2-p	757.000000	0.000000	0.000000
829.999002	ecolipol-p	13.000000	0.000000	0.000000
829.999002	gene 0.3	806.000000	11.000000	0.000000
829.999002	gene 1.1	1601.000000	50.000000	0.280000
829.999002	gene 1.2	1097.000000	32.000000	4.281250
829.999002	gene 1.3	1320.000000	65.000000	5.753846
829.999002	gene 1.4	1249.000000	51.000000	0.000000
829.999002	gene 1.7	2134.000000	90.000000	0.244444
829.999002	gene 1.8	2111.000000	89.000000	0.044944
829.999002	gene 10A	25160.000000	1256.000000	0.191879
829.999002	gene 11	4025.000000	202.000000	0.123762
829.999002	gene 12	3888.000000	201.000000	0.691542
829.999002	gene 13	7136.000000	391.000000	0.138107
829.999002	gene 14	6740.000000	386.000000	0.137306
829.999002	gene 15	6567.000000	382.000000	0.664921
829.999002	gene 16	5830.000000	372.000000	1.048387
829.999002	gene 17	7442.000000	497.000000	0.380282
829.999002	gene 17.5	7264.000000	484.000000	0.076446
829.999002	gene 18	7244.000000	482.000000	0.091286
829.999002	gene 18.5	7106.000000	478.000000	0.138075
829.999002	gene 18.7	7107.000000	477.000000	0.106918
829.999002	gene 19	6815.000000	476.000000	0.550420
829.999002	gene 19.2	6749.000000	467.000000	0.087794
829.999002	gene 19.3	6693.000000	464.000000	0.066810
829.999002	gene 19.5	6341.000000	458.000000	0.072052
829.999002	gene 2.5	2373.000000	103.000000	0.106796
829.999002	gene 2.8	2331.000000	102.000000	0.117647
829.999002	gene 3	2214.000000	100.000000	0.080000
829.999002	gene 3.8	2686.000000	116.000000	0.112069
829.999002	gene 4.2	2758.000000	125.000000	0.120000
829.999002	gene 4.3	2846.000000	124.000000	0.112903
829.999002	gene 4.5	3260.000000	146.000000	0.061644
829.999002	gene 4.7	3252.000000	145.000000	0.151724
829.999002	gene 4A	2494.000000	116.000000	0.465517
829.999002	gene 5	3384.000000	153.000000	0.607843
829.999002	gene 5.3	3252.000000	148.000000	0.135135
829.999002	gene 5.5	3256.000000	146.000000	0.068493
829.999002	gene 5.7	3170.000000	146.000000	0.047945
829.999002	gene 5.9	3164.000000	145.000000	0.020690
829.999002	gene 6	3119.000000	144.000000	0.201389
829.999002	gene 6.3	3221.000000	139.000000	0.035971
829.999002	gene 6.5	5649.000000	269.000000	0.063197
829.999002	gene 6.7	5634.000000	268.000000	0.070896
829.999002	gene 7	5552.000000	266.000000	0.131579
829.999002	gene 7.3	5572.000000	264.000000	0.087121
829.999002	gene 7.7	5505.000000	264.000000	0.166667
829.999002	gene 8	5169.000000	263.000000	0.482890
829.999002	gene 9	11869.000000	614.000000	0.210098
829.999002	gp-2	1228.000000	89.000000	0.067416
829.999002	lysozyme-3.5	1676.000000	100.000000	0.150000
829.999002	nonpref_charged	541.000000	0.000000	0.000000
829.999002	nonpref_uncharged	14459.000000	0.000000	0.000000
829.999002	pref_charged	20488.000000	0.000000	0.000000
829.999002	pref_uncharged	14512.000000	0.000000	0.000000
829.999002	protein_kinase-0.7	783.000000	11.000000	0.454545
829.999002	rnapol-1	0.000000	11.000000	10.272727
829.999002	rnapol-3.5	418.000000	0.000000	0.000000
834.999002	E. coli B promoter	1.000000	0.000000	0.000000
834.999002	E. coli C promoter	1.000000	0.000000	0.000000
834.999002	E. coli promoter A1	1.000000	0.000000	0.000000
834.999002	E. coli promoter A2	1.000000	0.000000	0.000000
834.999002	E. coli promoter A3	1.000000	0.000000	0.000000
834.999002	T7 promoter phi1.1A	1.000000	0.000000	0.000000
834.999002	T7 promoter phi1.1B	1.000000	0.000000	0.000000
834.999002	T7 promoter phi1.3	1.000000	0.000000	0.000000
834.999002	T7 promoter phi1.5	1.000000	0.000000	0.000000
834.999002	T7 promoter phi1.6	0.000000	0.000000	0.000000
834.999002	T7 promoter phi10	0.000000	0.000000	0.000000
834.999002	T7 promoter phi13	1.000000	0.000000	0.000000
834.999002	T7 promoter phi17	1.000000	0.000000	0.000000
834.999002	T7 promoter phi2.5	1.000000	0.000000	0.000000
834.999002	T7 promoter phi3.8	0.000000	0.000000	0.000000
834.999002	T7 promoter phi4.3	1.000000	0.000000	0.000000
834.999002	T7 promoter phi4.7	1.000000	0.000000	0.000000
834.999002	T7 promoter phi4c	1.000000	0.000000	0.000000
834.999002	T7 promoter phi6.5	0.000000	0.000000	0.000000
834.999002	T7 promoter phi9	1.000000	0.000000	0.000000
834.999002	__gene 0.3_rbs	11.000000	0.000000	0.000000
834.999002	__gene 1.1_rbs	45.000000	0.000000	0.000000
834.999002	__gene 1.2_rbs	25.000000	0.000000	0.000000
834.999002	__gene 1.3_rbs	59.000000	0.000000	0.000000
834.999002	__gene 1.4_rbs	53.000000	0.000000	0.000000
834.999002	__gene 1.7_rbs	92.000000	0.000000	0.000000
834.999002	__gene 1.8_rbs	89.000000	0.000000	0.000000
834.999002	__gene 10A_rbs	1263.000000	0.000000	0.000000
834.999002	__gene 11_rbs	203.000000	0.000000	0.000000
834.999002	__gene 12_rbs	201.000000	0.000000	0.000000
834.999002	__gene 13_rbs	396.000000	0.000000	0.000000
834.999002	__gene 14_rbs	390.000000	0.000000	0.000000
834.999002	__gene 15_rbs	382.000000	0.000000	0.000000
834.999002	__gene 16_rbs	371.000000	0.000000	0.000000
834.999002	__gene 17.5_rbs	486.000000	0.000000	0.000000
834.999002	__gene 17_rbs	502.000000	0.000000	0.000000
834.999002	__gene 18.5_rbs	477.000000	0.000000	0.000000
834.999002	__gene 18.7_rbs	472.000000	0.000000	0.000000
834.999002	__gene 18_rbs	473.000000	0.000000	0.000000
834.999002	__gene 19.2_rbs	458.000000	0.000000	0.000000
834.999002	__gene 19.3_rbs	459.000000	0.000000	0.000000
834.999002	__gene 19.5_rbs	462.000000	0.000000	0.000000
834.999002	__gene 19_rbs	484.000000	0.000000	0.000000
834.999002	__gene 2.5_rbs	104.000000	0.000000	0.000000
834.999002	__gene 2.8_rbs	101.000000	0.000000	0.000000
834.999002	__gene 3.8_rbs	117.000000	0.000000	0.000000
834.999002	__gene 3_rbs	98.000000	0.000000	0.000000
834.999002	__gene 4.2_rbs	124.000000	0.000000	0.000000
834.999002	__gene 4.3_rbs	122.000000	0.000000	0.000000
834.999002	__gene 4.5_rbs	148.000000	0.000000	0.000000
834.999002	__gene 4.7_rbs	148.000000	0.000000	0.000000
834.999002	__gene 4A_rbs	116.000000	0.000000	0.000000
834.999002	__gene 5.3_rbs	149.000000	0.000000	0.000000
834.999002	__gene 5.5_rbs	148.000000	0.000000	0.000000
834.999002	__gene 5.7_rbs	145.000000	0.000000	0.000000
834.999002	__gene 5.9_rbs	148.000000	0.000000	0.000000
834.999002	__gene 5_rbs	151.000000	0.000000	0.000000
834.999002	__gene 6.3_rbs	142.000000	0.000000	0.000000
834.999002	__gene 6.5_rbs	270.000000	0.000000	0.000000
834.999002	__gene 6.7_rbs	269.000000	0.000000	0.000000
834.999002	__gene 6_rbs	147.000000	0.000000	0.000000
834.999002	__gene 7.3_rbs	264.000000	0.000000	0.000000
834.999002	__gene 7.7_rbs	266.000000	0.000000	0.000000
834.999002	__gene 7_rbs	260.000000	0.000000	0.000000
834.999002	__gene 8_rbs	260.000000	0.000000	0.000000
834.999002	__gene 9_rbs	620.000000	0.000000	0.000000
834.999002	__gp-2_rbs	90.000000	0.000000	0.000000
834.999002	__lysozyme-3.5_rbs	98.000000	0.000000	0.000000
834.999002	__protein_kinase-0.7_rbs	11.000000	0.000000	0.000000
834.999002	__ribosome	5.000000	0.000000	0.000000
834.999002	__rnapol-1_rbs	11.000000	0.000000	0.000000
834.999002	bound_ecolipol	0.000000	0.000000	0.000000
834.999002	bound_ecolipol_p	1041.000000	0.000000	0.000000
834.999002	bound_ribosome	6551.000000	0.000000	0.000000
834.999002	degraded_transcript	28579.000000	0.000000	0.000000
834.999002	ecoli_genome	759.000000	0.000000	0.000000
834.999002	ecoli_transcript	26973.000000	0.000000	0.000000
834.999002	ecolipol	0.000000	0.000000	0.000000
834.999002	ecolipol-2	0.000000	0.000000	0.000000
834.999002	ecolipol-2-p	745.000000	0.000000	0.000000
834.999002	ecolipol-p	14.000000	0.000000	0.000000
834.999002	gene 0.3	809.000000	11.000000	0.454545
834.999002	gene 1.1	1610.000000	53.000000	0.264151
834.999002	gene 1.2	1110.000000	33.000000	4.151515
834.999002	gene 1.3	1340.000000	68.000000	5.647059
834.999002	gene 1.4	1269.000000	54.000000	0.055556
834.999002	gene 1.7	2180.000000	93.000000	0.161290
834.999002	gene 1.8	2142.000000	91.000000	0.010989
834.999002	gene 10A	25740.000000	1279.000000	0.193120
834.999002	gene 11	4098.000000	205.000000	0.160976
834.999002	gene 12	3970.000000	204.000000	0.774510
834.999002	gene 13	7314.000000	402.000000	0.114428
834.999002	gene 14	6886.000000	397.000000	0.123426
834.999002	gene 15	6738.000000	392.000000	0.645408
834.999002	gene 16	5993.000000	376.000000	1.077128
834.999002	gene 17	7612.000000	508.000000	0.472441
834.999002	gene 17.5	7470.000000	492.000000	0.083333
834.999002	gene 18	7475.000000	490.000000	0.095918
834.999002	gene 18.5	7327.000000	486.000000	0.189300
834.999002	gene 18.7	7320.000000	486.000000	0.080247
834.999002	gene 19	7043.000000	485.000000	0.517526
834.999002	gene 19.2	6961.000000	479.000000	0.073069
834.999002	gene 19.3	6890.000000	475.000000	0.069474
834.999002	gene 19.5	6545.000000	466.000000	0.057940
834.999002	gene 2.5	2411.000000	105.000000	0.171429
834.999002	gene 2.8	2372.000000	103.000000	0.165049
834.999002	gene 3	2253.000000	102.000000	0.117647
834.999002	gene 3.8	2728.000000	121.000000	0.157025
834.999002	gene 4.2	2818.000000	127.000000	0.039370
834.999002	gene 4.3	2909.000000	126.000000	0.095238
834.999002	gene 4.5	3317.000000	149.000000	0.073826
834.999002	gene 4.7	3339.000000	148.000000	0.121622
834.999002	gene 4A	2539.000000	119.000000	0.504202
834.999002	gene 5	3447.000000	156.000000	0.583333
834.999002	gene 5.3	3316.000000	150.000000	0.086667
834.999002	gene 5.5	3316.000000	148.000000	0.108108
834.999002	gene 5.7	3236.000000	148.000000	0.040541
834.999002	gene 5.9	3210.000000	148.000000	0.033784
834.999002	gene 6	3177.000000	148.000000	0.310811
834.999002	gene 6.3	3279.000000	146.000000	0.054795
834.999002	gene 6.5	5760.000000	275.000000	0.065455
834.999002	gene 6.7	5758.000000	273.000000	0.084249
834.999002	gene 7	5660.000000	270.000000	0.166667
834.999002	gene 7.3	5691.000000	268.000000	0.059701
834.999002	gene 7.7	5648.000000	269.000000	0.144981
834.999002	gene 8	5285.000000	266.000000	0.462406
834.999002	gene 9	12115.000000	626.000000	0.198083
834.999002	gp-2	1283.000000	91.000000	0.054945
834.999002	lysozyme-3.5	1738.000000	103.000000	0.184466
834.999002	nonpref_charged	546.000000	0.000000	0.000000
834.999002	nonpref_uncharged	14454.000000	0.000000	0.000000
834.999002	pref_charged	20648.000000	0.000000	0.000000
834.999002	pref_uncharged	14352.000000	0.000000	0.000000
834.999002	protein_kinase-0.7	788.000000	11.000000	0.272727
834.999002	rnapol-1	1.000000	11.000000	10.636364
834.999002	rnapol-3.5	413.000000	0.000000	0.000000
839.999000	E. coli B promoter	1.000000	0.000000	0.000000
839.999000	E. coli C promoter	1.000000	0.000000	0.000000
839.999000	E. coli promoter A1	0.000000	0.000000	0.000000
839.999000	E. coli promoter A2	1.000000	0.000000	0.000000
839.999000	E. coli promoter A3	1.000000	0.000000	0.000000
839.999000	T7 promoter phi1.1A	1.000000	0.000000	0.000000
839.999000	T7 promoter phi1.1B	1.000000	0.000000	0.000000
839.999000	T7 promoter phi1.3	0.000000	0.000000	0.000000
839.999000	T7 promoter phi1.5	1.000000	0.000000	0.000000
839.999000	T7 promoter phi1.6	1.000000	0.000000	0.000000
839.999000	T7 promoter phi10	1.000000	0.000000	0.000000
839.999000	T7 promoter phi13	0.000000	0.000000	0.000000
839.999000	T7 promoter phi17	0.000000	0.000000	0.000000
839.999000	T7 promoter phi2.5	1.000000	0.000000	0.000000
839.999000	T7 promoter phi3.8	1.000000	0.000000	0.000000
839.999000	T7 promoter phi4.3	1.000000	0.000000	0.000000
839.999000	T7 promoter phi4.7	1.000000	0.000000	0.000000
839.999000	T7 promoter phi4c	0.000000	0.000000	0.000000
839.999000	T7 promoter phi6.5	1.000000	0.000000	0.000000
839.999000	T7 promoter phi9	0.000000	0.000000	0.000000
839.999000	__gene 0.3_rbs	11.000000	0.000000	0.000000
839.999000	__gene 1.1_rbs	45.000000	0.000000	0.000000
839.999000	__gene 1.2_rbs	26.000000	0.000000	0.000000
839.999000	__gene 1.3_rbs	59.000000	0.000000	0.000000
839.999000	__gene 1.4_rbs	55.000000	0.000000	0.000000
839.999000	__gene 1.7_rbs	96.000000	0.000000	0.000000
839.999000	__gene 1.8_rbs	93.000000	0.000000	0.000000
839.999000	__gene 10A_rbs	1287.000000	0.000000	0.000000
839.999000	__gene 11_rbs	203.000000	0.000000	0.000000
839.999000	__gene 12_rbs	198.000000	0.000000	0.000000
839.999000	__gene 13_rbs	405.000000	0.000000	0.000000
839.999000	__gene 14_rbs	393.000000	0.000000	0.000000
839.999000	__gene 15_rbs	389.000000	0.000000	0.000000
839.999000	__gene 16_rbs	378.000000	0.000000	0.000000
839.999000	__gene 17.5_rbs	499.000000	0.000000	0.000000
839.999000	__gene 17_rbs	514.000000	0.000000	0.000000
839.999000	__gene 18.5_rbs	489.000000	0.000000	0.000000
839.999000	__gene 18.7_rbs	478.000000	0.000000	0.000000
839.999000	__gene 18_rbs	482.000000	0.000000	0.000000
839.999000	__gene 19.2_rbs	473.000000	0.000000	0.000000
839.999000	__gene 19.3_rbs	468.000000	0.000000	0.000000
839.999000	__gene 19.5_rbs	471.000000	0.000000	0.000000
839.999000	__gene 19_rbs	489.000000	0.000000	0.000000
839.999000	__gene 2.5_rbs	110.000000	0.000000	0.000000
839.999000	__gene 2.8_rbs	105.000000	0.000000	0.000000
839.999000	__gene 3.8_rbs	121.000000	0.000000	0.000000
839.999000	__gene 3_rbs	104.000000	0.000000	0.000000
839.999000	__gene 4.2_rbs	123.000000	0.000000	0.000000
839.999000	__gene 4.3_rbs	125.000000	0.000000	0.000000
839.999000	__gene 4.5_rbs	149.000000	0.000000	0.000000
839.999000	__gene 4.7_rbs	148.000000	0.000000	0.000000
839.999000	__gene 4A_rbs	117.000000	0.000000	0.000000
839.999000	__gene 5.3_rbs	150.000000	0.000000	0.000000
839.999000	__gene 5.5_rbs	152.000000	0.000000	0.000000
839.999000	__gene 5.7_rbs	152.000000	0.000000	0.000000
839.999000	__gene 5.9_rbs	147.000000	0.000000	0.000000
839.999000	__gene 5_rbs	158.000000	0.000000	0.000000
839.999000	__gene 6.3_rbs	144.000000	0.000000	0.000000
839.999000	__gene 6.5_rbs	278.000000	0.000000	0.000000
839.999000	__gene 6.7_rbs	270.000000	0.000000	0.000000
839.999000	__gene 6_rbs	142.000000	0.000000	0.000000
839.999000	__gene 7.3_rbs	272.000000	0.000000	0.000000
839.999000	__gene 7.7_rbs	267.000000	0.000000	0.000000
839.999000	__gene 7_rbs	276.000000	0.000000	0.000000
839.999000	__gene 8_rbs	266.000000	0.000000	0.000000
839.999000	__gene 9_rbs	628.000000	0.000000	0.000000
839.999000	__gp-2_rbs	93.000000	0.000000	0.000000
839.999000	__lysozyme-3.5_rbs	101.000000	0.000000	0.000000
839.999000	__protein_kinase-0.7_rbs	11.000000	0.000000	0.000000
839.999000	__ribosome	7.000000	0.000000	0.000000
839.999000	__rnapol-1_rbs	11.000000	0.000000	0.000000
839.999000	bound_ecolipol	0.000000	0.000000	0.000000
839.999000	bound_ecolipol_p	1042.000000	0.000000	0.000000
839.999000	bound_ribosome	6415.000000	0.000000	0.000000
839.999000	degraded_transcript	28840.000000	0.000000	0.000000
839.999000	ecoli_genome	758.000000	0.000000	0.000000
839.999000	ecoli_transcript	27068.000000	0.000000	0.000000
839.999000	ecolipol	0.000000	0.000000	0.000000
839.999000	ecolipol-2	0.000000	0.000000	0.000000
839.999000	ecolipol-2-p	744.000000	0.000000	0.000000
839.999000	ecolipol-p	13.000000	0.000000	0.000000
839.999000	gene 0.3	816.000000	11.000000	0.363636
839.999000	gene 1.1	1631.000000	53.000000	0.320755
839.999000	gene 1.2	1116.000000	33.000000	4.272727
839.999000	gene 1.3	1364.000000	68.000000	5.691176
839.999000	gene 1.4	1291.000000	57.000000	0.035088
839.999000	gene 1.7	2218.000000	97.000000	0.175258
839.999000	gene 1.8	2188.000000	95.000000	0.042105
839.999000	gene 10A	26297.000000	1300.000000	0.190000
839.999000	gene 11	4191.000000	206.000000	0.194175
839.999000	gene 12	4061.000000	205.000000	0.775610
839.999000	gene 13	7467.000000	407.000000	0.149877
839.999000	gene 14	7044.000000	402.000000	0.186567
839.999000	gene 15	6890.000000	403.000000	0.672457
839.999000	gene 16	6130.000000	383.000000	1.127937
839.999000	gene 17	7823.000000	516.000000	0.492248
839.999000	gene 17.5	7690.000000	503.000000	0.071571
839.999000	gene 18	7683.000000	499.000000	0.092184
839.999000	gene 18.5	7551.000000	498.000000	0.192771
839.999000	gene 18.7	7502.000000	497.000000	0.086519
839.999000	gene 19	7256.000000	493.000000	0.492901
839.999000	gene 19.2	7152.000000	487.000000	0.069815
839.999000	gene 19.3	7083.000000	485.000000	0.082474
839.999000	gene 19.5	6747.000000	477.000000	0.039832
839.999000	gene 2.5	2456.000000	110.000000	0.109091
839.999000	gene 2.8	2414.000000	106.000000	0.103774
839.999000	gene 3	2296.000000	105.000000	0.123810
839.999000	gene 3.8	2785.000000	123.000000	0.121951
839.999000	gene 4.2	2865.000000	130.000000	0.176923
839.999000	gene 4.3	2962.000000	129.000000	0.077519
839.999000	gene 4.5	3378.000000	152.000000	0.072368
839.999000	gene 4.7	3414.000000	152.000000	0.105263
839.999000	gene 4A	2595.000000	123.000000	0.504065
839.999000	gene 5	3514.000000	159.000000	0.572327
839.999000	gene 5.3	3388.000000	153.000000	0.130719
839.999000	gene 5.5	3380.000000	151.000000	0.086093
839.999000	gene 5.7	3296.000000	151.000000	0.059603
839.999000	gene 5.9	3285.000000	152.000000	0.078947
839.999000	gene 6	3251.000000	150.000000	0.226667
839.999000	gene 6.3	3335.000000	147.000000	0.047619
839.999000	gene 6.5	5890.000000	279.000000	0.071685
839.999000	gene 6.7	5850.000000	279.000000	0.082437
839.999000	gene 7	5769.000000	278.000000	0.122302
839.999000	gene 7.3	5800.000000	275.000000	0.065455
839.999000	gene 7.7	5771.000000	274.000000	0.149635
839.999000	gene 8	5395.000000	270.000000	0.437037
839.999000	gene 9	12381.000000	635.000000	0.248819
839.999000	gp-2	1331.000000	95.000000	0.073684
839.999000	lysozyme-3.5	1778.000000	104.000000	0.086538
839.999000	nonpref_charged	520.000000	0.000000	0.000000
839.999000	nonpref_uncharged	14480.000000	0.000000	0.000000
839.999000	pref_charged	20590.000000	0.000000	0.000000
839.999000	pref_uncharged	14410.000000	0.000000	0.000000
839.999000	protein_kinase-0.7	791.000000	11.000000	0.272727
839.999000	rnapol-1	0.000000	11.000000	10.909091
839.999000	rnapol-3.5	420.000000	0.000000	0.000000
844.999000	E. coli B promoter	1.000000	0.000000	0.000000
844.999000	E. coli C promoter	1.000000	0.000000	0.000000
844.999000	E. coli promoter A1	1.000000	0.000000	0.000000
844.999000	E. coli promoter A2	1.000000	0.000000	0.000000
844.999000	E. coli promoter A3	0.000000	0.000000	0.000000
844.999000	T7 promoter phi1.1A	1.000000	0.000000	0.000000
844.999000	T7 promoter phi1.1B	1.000000	0.000000	0.000000
844.999000	T7 promoter phi1.3	1.000000	0.000000	0.000000
844.999000	T7 promoter phi1.5	0.000000	0.000000	0.000000
844.999000	T7 promoter phi1.6	1.000000	0.000000	0.000000
844.999000	T7 promoter phi10	0.000000	0.000000	0.000000
844.999000	T7 promoter phi13	1.000000	0.000000	0.000000
844.999000	T7 promoter phi17	0.000000	0.000000	0.000000
844.999000	T7 promoter phi2.5	0.000000	0.000000	0.000000
844.999000	T7 promoter phi3.8	1.000000	0.000000	0.000000
844.999000	T7 promoter phi4.3	1.000000	0.000000	0.000000
844.999000	T7 promoter phi4.7	1.000000	0.000000	0.000000
844.999000	T7 promoter phi4c	1.000000	0.000000	0.000000
844.999000	T7 promoter phi6.5	1.000000	0.000000	0.000000
844.999000	T7 promoter phi9	0.000000	0.000000	0.000000
844.999000	__gene 0.3_rbs	11.000000	0.000000	0.000000
844.999000	__gene 1.1_rbs	46.000000	0.000000	0.000000
844.999000	__gene 1.2_rbs	25.000000	0.000000	0.000000
844.999000	__gene 1.3_rbs	59.000000	0.000000	0.000000
844.999000	__gene 1.4_rbs	57.000000	0.000000	0.000000
844.999000	__gene 1.7_rbs	98.000000	0.000000	0.000000
844.999000	__gene 1.8_rbs	95.000000	0.000000	0.000000
844.999000	__gene 10A_rbs	1305.000000	0.000000	0.000000
844.999000	__gene 11_rbs	209.000000	0.000000	0.000000
844.999000	__gene 12_rbs	205.000000	0.000000	0.000000
844.999000	__gene 13_rbs	407.000000	0.000000	0.000000
844.999000	__gene 14_rbs	400.000000	0.000000	0.000000
844.999000	__gene 15_rbs	401.000000	0.000000	0.000000
844.999000	__gene 16_rbs	386.000000	0.000000	0.000000
844.999000	__gene 17.5_rbs	504.000000	0.000000	0.000000
844.999000	__gene 17_rbs	517.000000	0.000000	0.000000
844.999000	__gene 18.5_rbs	498.000000	0.000000	0.000000
844.999000	__gene 18.7_rbs	491.000000	0.000000	0.000000
844.999000	__gene 18_rbs	498.000000	0.000000	0.000000
844.999000	__gene 19.2_rbs	476.000000	0.000000	0.000000
844.999000	__gene 19.3_rbs	468.000000	0.000000	0.000000
844.999000	__gene 19.5_rbs	480.000000	0.000000	0.000000
844.999000	__gene 19_rbs	493.000000	0.000000	0.000000
844.999000	__gene 2.5_rbs	111.000000	0.000000	0.000000
844.999000	__gene 2.8_rbs	110.000000	0.000000	0.000000
844.999000	__gene 3.8_rbs	125.000000	0.000000	0.000000
844.999000	__gene 3_rbs	104.000000	0.000000	0.000000
844.999000	__gene 4.2_rbs	132.000000	0.000000	0.000000
844.999000	__gene 4.3_rbs	134.000000	0.000000	0.000000
844.999000	__gene 4.5_rbs	157.000000	0.000000	0.000000
844.999000	__gene 4.7_rbs	153.000000	0.000000	0.000000
844.999000	__gene 4A_rbs	122.000000	0.000000	0.000000
844.999000	__gene 5.3_rbs	157.000000	0.000000	0.000000
844.999000	__gene 5.5_rbs	154.000000	0.000000	0.000000
844.999000	__gene 5.7_rbs	152.000000	0.000000	0.000000
844.999000	__gene 5.9_rbs	151.000000	0.000000	0.000000
844.999000	__gene 5_rbs	159.000000	0.000000	0.000000
844.999000	__gene 6.3_rbs	148.000000	0.000000	0.000000
844.999000	__gene 6.5_rbs	281.000000	0.000000	0.000000
844.999000	__gene 6.7_rbs	274.000000	0.000000	0.000000
844.999000	__gene 6_rbs	147.000000	0.000000	0.000000
844.999000	__gene 7.3_rbs	275.000000	0.000000	0.000000
844.999000	__gene 7.7_rbs	275.000000	0.000000	0.000000
844.999000	__gene 7_rbs	276.000000	0.000000	0.000000
844.999000	__gene 8_rbs	265.000000	0.000000	0.000000
844.999000	__gene 9_rbs	640.000000	0.000000	0.000000
844.999000	__gp-2_rbs	95.000000	0.000000	0.000000
844.999000	__lysozyme-3.5_rbs	104.000000	0.000000	0.000000
844.999000	__protein_kinase-0.7_rbs	11.000000	0.000000	0.000000
844.999000	__ribosome	3.000000	0.000000	0.000000
844.999000	__rnapol-1_rbs	11.000000	0.000000	0.000000
844.999000	bound_ecolipol	0.000000	0.000000	0.000000
844.999000	bound_ecolipol_p	997.000000	0.000000	0.000000
844.999000	bound_ribosome	6244.000000	0.000000	0.000000
844.999000	degraded_transcript	29074.000000	0.000000	0.000000
844.999000	ecoli_genome	803.000000	0.000000	0.000000
844.999000	ecoli_transcript	27217.000000	0.000000	0.000000
844.999000	ecolipol	0.000000	0.000000	0.000000
844.999000	ecolipol-2	0.000000	0.000000	0.000000
844.999000	ecolipol-2-p	789.000000	0.000000	0.000000
844.999000	ecolipol-p	13.000000	0.000000	0.000000
844.999000	gene 0.3	822.000000	11.000000	0.272727
844.999000	gene 1.1	1655.000000	54.000000	0.240741
844.999000	gene 1.2	1123.000000	33.000000	4.303030
844.999000	gene 1.3	1390.000000	69.000000	5.579710
844.999000	gene 1.4	1312.000000	57.000000	0.035088
844.999000	gene 1.7	2263.000000	99.000000	0.131313
844.999000	gene 1.8	2229.000000	98.000000	0.071429
844.999000	gene 10A	26862.000000	1319.000000	0.209249
844.999000	gene 11	4283.000000	209.000000	0.153110
844.999000	gene 12	4154.000000	207.000000	0.690821
844.999000	gene 13	7615.000000	414.000000	0.147343
844.999000	gene 14	7216.000000	411.000000	0.153285
844.999000	gene 15	7043.000000	408.000000	0.676471
844.999000	gene 16	6259.000000	392.000000	1.191327
844.999000	gene 17	8035.000000	526.000000	0.564639
844.999000	gene 17.5	7907.000000	510.000000	0.064706
844.999000	gene 18	7894.000000	510.000000	0.084314
844.999000	gene 18.5	7799.000000	508.000000	0.169291
844.999000	gene 18.7	7683.000000	507.000000	0.120316
844.999000	gene 19	7452.000000	504.000000	0.511905
844.999000	gene 19.2	7338.000000	498.000000	0.098394
844.999000	gene 19.3	7290.000000	493.000000	0.066937
844.999000	gene 19.5	6921.000000	486.000000	0.043210
844.999000	gene 2.5	2506.000000	113.000000	0.159292
844.999000	gene 2.8	2451.000000	111.000000	0.153153
844.999000	gene 3	2330.000000	110.000000	0.163636
844.999000	gene 3.8	2841.000000	126.000000	0.126984
844.999000	gene 4.2	2925.000000	136.000000	0.080882
844.999000	gene 4.3	3028.000000	135.000000	0.088889
844.999000	gene 4.5	3439.000000	157.000000	0.095541
844.999000	gene 4.7	3471.000000	155.000000	0.122581
844.999000	gene 4A	2641.000000	124.000000	0.467742
844.999000	gene 5	3568.000000	162.000000	0.623457
844.999000	gene 5.3	3461.000000	157.000000	0.140127
844.999000	gene 5.5	3442.000000	154.000000	0.136364
844.999000	gene 5.7	3361.000000	155.000000	0.064516
844.999000	gene 5.9	3345.000000	153.000000	0.078431
844.999000	gene 6	3304.000000	153.000000	0.196078
844.999000	gene 6.3	3393.000000	149.000000	0.053691
844.999000	gene 6.5	5992.000000	284.000000	0.116197
844.999000	gene 6.7	5961.000000	283.000000	0.106007
844.999000	gene 7	5875.000000	282.000000	0.120567
844.999000	gene 7.3	5912.000000	281.000000	0.092527
844.999000	gene 7.7	5879.000000	278.000000	0.140288
844.999000	gene 8	5488.000000	278.000000	0.503597
844.999000	gene 9	12666.000000	645.000000	0.240310
844.999000	gp-2	1327.000000	98.000000	0.061224
844.999000	lysozyme-3.5	1814.000000	107.000000	0.102804
844.999000	nonpref_charged	456.000000	0.000000	0.000000
844.999000	nonpref_uncharged	14544.000000	0.000000	0.000000
844.999000	pref_charged	20722.000000	0.000000	0.000000
844.999000	pref_uncharged	14278.000000	0.000000	0.000000
844.999000	protein_kinase-0.7	792.000000	11.000000	0.636364
844.999000	rnapol-1	0.000000	11.000000	10.909091
844.999000	rnapol-3.5	421.000000	0.000000	0.000000
849.999001	E. coli B promoter	1.000000	0.000000	0.000000
849.999001	E. coli C promoter	1.000000	0.000000	0.000000
849.999001	E. coli promoter A1	1.000000	0.000000	0.000000
849.999001	E. coli promoter A2	1.000000	0.000000	0.000000
849.999001	E. coli promoter A3	1.000000	0.000000	0.000000
849.999001	T7 promoter phi1.1A	1.000000	0.000000	0.000000
849.999001	T7 promoter phi1.1B	1.000000	0.000000	0.000000
849.999001	T7 promoter phi1.3	1.000000	0.000000	0.000000
849.999001	T7 promoter phi1.5	1.000000	0.000000	0.000000
849.999001	T7 promoter phi1.6	1.000000	0.000000	0.000000
849.999001	T7 promoter phi10	0.000000	0.000000	0.000000
849.999001	T7 promoter phi13	0.000000	0.000000	0.000000
849.999001	T7 promoter phi17	0.000000	0.000000	0.000000
849.999001	T7 promoter phi2.5	0.000000	0.000000	0.000000
849.999001	T7 promoter phi3.8	1.000000	0.000000	0.000000
849.999001	T7 promoter phi4.3	1.000000	0.000000	0.000000
849.999001	T7 promoter phi4.7	1.000000	0.000000	0.000000
849.999001	T7 promoter phi4c	1.000000	0.000000	0.000000
849.999001	T7 promoter phi6.5	0.000000	0.000000	0.000000
849.999001	T7 promoter phi9	1.000000	0.000000	0.000000
849.999001	__gene 0.3_rbs	12.000000	0.000000	0.000000
849.999001	__gene 1.1_rbs	45.000000	0.000000	0.000000
849.999001	__gene 1.2_rbs	25.000000	0.000000	0.000000
849.999001	__gene 1.3_rbs	60.000000	0.000000	0.000000
849.999001	__gene 1.4_rbs	56.000000	0.000000	0.000000
849.999001	__gene 1.7_rbs	101.000000	0.000000	0.000000
849.999001	__gene 1.8_rbs	96.000000	0.000000	0.000000
849.999001	__gene 10A_rbs	1321.000000	0.000000	0.000000
849.999001	__gene 11_rbs	209.000000	0.000000	0.000000
849.999001	__gene 12_rbs	209.000000	0.000000	0.000000
849.999001	__gene 13_rbs	414.000000	0.000000	0.000000
849.999001	__gene 14_rbs	404.000000	0.000000	0.000000
849.999001	__gene 15_rbs	403.000000	0.000000	0.000000
849.999001	__gene 16_rbs	396.000000	0.000000	0.000000
849.999001	__gene 17.5_rbs	516.000000	0.000000	0.000000
849.999001	__gene 17_rbs	535.000000	0.000000	0.000000
849.999001	__gene 18.5_rbs	507.000000	0.000000	0.000000
849.999001	__gene 18.7_rbs	497.000000	0.000000	0.000000
849.999001	__gene 18_rbs	507.000000	0.000000	0.000000
849.999001	__gene 19.2_rbs	493.000000	0.000000	0.000000
849.999001	__gene 19.3_rbs	484.000000	0.000000	0.000000
849.999001	__gene 19.5_rbs	492.000000	0.000000	0.000000
849.999001	__gene 19_rbs	508.000000	0.000000	0.000000
849.999001	__gene 2.5_rbs	114.000000	0.000000	0.000000
849.999001	__gene 2.8_rbs	113.000000	0.000000	0.000000
849.999001	__gene 3.8_rbs	130.000000	0.000000	0.000000
849.999001	__gene 3_rbs	112.000000	0.000000	0.000000
849.999001	__gene 4.2_rbs	133.000000	0.000000	0.000000
849.999001	__gene 4.3_rbs	134.000000	0.000000	0.000000
849.999001	__gene 4.5_rbs	159.000000	0.000000	0.000000
849.999001	__gene 4.7_rbs	157.000000	0.000000	0.000000
849.999001	__gene 4A_rbs	120.000000	0.000000	0.000000
849.999001	__gene 5.3_rbs	160.000000	0.000000	0.000000
849.999001	__gene 5.5_rbs	157.000000	0.000000	0.000000
849.999001	__gene 5.7_rbs	156.000000	0.000000	0.000000
849.999001	__gene 5.9_rbs	154.000000	0.000000	0.000000
849.999001	__gene 5_rbs	166.000000	0.000000	0.000000
849.999001	__gene 6.3_rbs	150.000000	0.000000	0.000000
849.999001	__gene 6.5_rbs	284.000000	0.000000	0.000000
849.999001	__gene 6.7_rbs	278.000000	0.000000	0.000000
849.999001	__gene 6_rbs	153.000000	0.000000	0.000000
849.999001	__gene 7.3_rbs	281.000000	0.000000	0.000000
849.999001	__gene 7.7_rbs	279.000000	0.000000	0.000000
849.999001	__gene 7_rbs	281.000000	0.000000	0.000000
849.999001	__gene 8_rbs	275.000000	0.000000	0.000000
849.999001	__gene 9_rbs	653.000000	0.000000	0.000000
849.999001	__gp-2_rbs	96.000000	0.000000	0.000000
849.999001	__lysozyme-3.5_rbs	108.000000	0.000000	0.000000
849.999001	__protein_kinase-0.7_rbs	11.000000	0.000000	0.000000
849.999001	__ribosome	4.000000	0.000000	0.000000
849.999001	__rnapol-1_rbs	11.000000	0.000000	0.000000
849.999001	bound_ecolipol	0.000000	0.000000	0.000000
849.999001	bound_ecolipol_p	1019.000000	0.000000	0.000000
849.999001	bound_ribosome	6209.000000	0.000000	0.000000
849.999001	degraded_transcript	29318.000000	0.000000	0.000000
849.999001	ecoli_genome	781.000000	0.000000	0.000000
849.999001	ecoli_transcript	27192.000000	0.000000	0.000000
849.999001	ecolipol	0.000000	0.000000	0.000000
849.999001	ecolipol-2	0.000000	0.000000	0.000000
849.999001	ecolipol-2-p	769.000000	0.000000	0.000000
849.999001	ecolipol-p	11.000000	0.000000	0.000000
849.999001	gene 0.3	826.000000	12.000000	0.250000
849.999001	gene 1.1	1668.000000	54.000000	0.240741
849.999001	gene 1.2	1135.000000	33.000000	4.454545
849.999001	gene 1.3	1415.000000	70.000000	5.542857
849.999001	gene 1.4	1345.000000	58.000000	0.068966
849.999001	gene 1.7	2301.000000	102.000000	0.215686
849.999001	gene 1.8	2268.000000	101.000000	0.059406
849.999001	gene 10A	27410.000000	1339.000000	0.206124
849.999001	gene 11	4376.000000	211.000000	0.213270
849.999001	gene 12	4237.000000	211.000000	0.677725
849.999001	gene 13	7788.000000	419.000000	0.162291
849.999001	gene 14	7379.000000	417.000000	0.163070
849.999001	gene 15	7195.000000	414.000000	0.707729
849.999001	gene 16	6423.000000	403.000000	1.141439
849.999001	gene 17	8274.000000	537.000000	0.541899
849.999001	gene 17.5	8144.000000	522.000000	0.059387
849.999001	gene 18	8109.000000	519.000000	0.080925
849.999001	gene 18.5	8017.000000	516.000000	0.156977
849.999001	gene 18.7	7902.000000	515.000000	0.137864
849.999001	gene 19	7665.000000	512.000000	0.498047
849.999001	gene 19.2	7533.000000	508.000000	0.084646
849.999001	gene 19.3	7503.000000	503.000000	0.055666
849.999001	gene 19.5	7140.000000	495.000000	0.036364
849.999001	gene 2.5	2555.000000	115.000000	0.156522
849.999001	gene 2.8	2497.000000	114.000000	0.096491
849.999001	gene 3	2370.000000	113.000000	0.150442
849.999001	gene 3.8	2899.000000	132.000000	0.189394
849.999001	gene 4.2	2974.000000	137.000000	0.116788
849.999001	gene 4.3	3090.000000	136.000000	0.029412
849.999001	gene 4.5	3501.000000	159.000000	0.075472
849.999001	gene 4.7	3542.000000	159.000000	0.132075
849.999001	gene 4A	2683.000000	129.000000	0.480620
849.999001	gene 5	3640.000000	169.000000	0.644970
849.999001	gene 5.3	3523.000000	161.000000	0.118012
849.999001	gene 5.5	3501.000000	158.000000	0.050633
849.999001	gene 5.7	3431.000000	158.000000	0.075949
849.999001	gene 5.9	3417.000000	156.000000	0.057692
849.999001	gene 6	3354.000000	157.000000	0.203822
849.999001	gene 6.3	3459.000000	152.000000	0.039474
849.999001	gene 6.5	6104.000000	288.000000	0.107639
849.999001	gene 6.7	6071.000000	288.000000	0.086806
849.999001	gene 7	5988.000000	287.000000	0.114983
849.999001	gene 7.3	6056.000000	285.000000	0.084211
849.999001	gene 7.7	5994.000000	282.000000	0.148936
849.999001	gene 8	5608.000000	283.000000	0.452297
849.999001	gene 9	12925.000000	658.000000	0.262918
849.999001	gp-2	1395.000000	100.000000	0.080000
849.999001	lysozyme-3.5	1860.000000	111.000000	0.162162
849.999001	nonpref_charged	438.000000	0.000000	0.000000
849.999001	nonpref_uncharged	14562.000000	0.000000	0.000000
849.999001	pref_charged	20602.000000	0.000000	0.000000
849.999001	pref_uncharged	14398.000000	0.000000	0.000000
849.999001	protein_kinase-0.7	799.000000	11.000000	0.363636
849.999001	rnapol-1	0.000000	11.000000	11.272727
849.999001	rnapol-3.5	417.000000	0.000000	0.000000
854.999001	E. coli B promoter	1.000000	0.000000	0.000000
854.999001	E. coli C promoter	1.000000	0.000000	0.000000
854.999001	E. coli promoter A1	1.000000	0.000000	0.000000
854.999001	E. coli promoter A2	1.000000	0.000000	0.000000
854.999001	E. coli promoter A3	1.000000	0.000000	0.000000
854.999001	T7 promoter phi1.1A	1.000000	0.000000	0.000000
854.999001	T7 promoter phi1.1B	1.000000	0.000000	0.000000
854.999001	T7 promoter phi1.3	1.000000	0.000000	0.000000
854.999001	T7 promoter phi1.5	1.000000	0.000000	0.000000
854.999001	T7 promoter phi1.6	1.000000	0.000000	0.000000
854.999001	T7 promoter phi10	0.000000	0.000000	0.000000
854.999001	T7 promoter phi13	1.000000	0.000000	0.000000
854.999001	T7 promoter phi17	1.000000	0.000000	0.000000
854.999001	T7 promoter phi2.5	1.000000	0.000000	0.000000
854.999001	T7 promoter phi3.8	1.000000	0.000000	0.000000
854.999001	T7 promoter phi4.3	1.000000	0.000000	0.000000
854.999001	T7 promoter phi4.7	1.000000	0.000000	0.000000
854.999001	T7 promoter phi4c	0.000000	0.000000	0.000000
854.999001	T7 promoter phi6.5	1.000000	0.000000	0.000000
854.999001	T7 promoter phi9	1.000000	0.000000	0.000000
854.999001	__gene 0.3_rbs	12.000000	0.000000	0.000000
854.999001	__gene 1.1_rbs	45.000000	0.000000	0.000000
854.999001	__gene 1.2_rbs	25.000000	0.000000	0.000000
854.999001	__gene 1.3_rbs	62.000000	0.000000	0.000000
854.999001	__gene 1.4_rbs	59.000000	0.000000	0.000000
854.999001	__gene 1.7_rbs	103.000000	0.000000	0.000000
854.999001	__gene 1.8_rbs	99.000000	0.000000	0.000000
854.999001	__gene 10A_rbs	1343.000000	0.000000	0.000000
854.999001	__gene 11_rbs	215.000000	0.000000	0.000000
854.999001	__gene 12_rbs	210.000000	0.000000	0.000000
854.999001	__gene 13_rbs	419.000000	0.000000	0.000000
854.999001	__gene 14_rbs	413.000000	0.000000	0.000000
854.999001	__gene 15_rbs	408.000000	0.000000	0.000000
854.999001	__gene 16_rbs	404.000000	0.000000	0.000000
854.999001	__gene 17.5_rbs	526.000000	0.000000	0.000000
854.999001	__gene 17_rbs	541.000000	0.000000	0.000000
854.999001	__gene 18.5_rbs	523.000000	0.000000	0.000000
854.999001	__gene 18.7_rbs	510.000000	0.000000	0.000000
854.999001	__gene 18_rbs	515.000000	0.000000	0.000000
854.999001	__gene 19.2_rbs	500.000000	0.000000	0.000000
854.999001	__gene 19.3_rbs	489.000000	0.000000	0.000000
854.999001	__gene 19.5_rbs	503.000000	0.000000	0.000000
854.999001	__gene 19_rbs	519.000000	0.000000	0.000000
854.999001	__gene 2.5_rbs	116.000000	0.000000	0.000000
854.999001	__gene 2.8_rbs	116.000000	0.000000	0.000000
854.999001	__gene 3.8_rbs	135.000000	0.000000	0.000000
854.999001	__gene 3_rbs	114.000000	0.000000	0.000000
854.999001	__gene 4.2_rbs	134.000000	0.000000	0.000000
854.999001	__gene 4.3_rbs	135.000000	0.000000	0.000000
854.999001	__gene 4.5_rbs	161.000000	0.000000	0.000000
854.999001	__gene 4.7_rbs	157.000000	0.000000	0.000000
854.999001	__gene 4A_rbs	129.000000	0.000000	0.000000
854.999001	__gene 5.3_rbs	162.000000	0.000000	0.000000
854.999001	__gene 5.5_rbs	156.000000	0.000000	0.000000
854.999001	__gene 5.7_rbs	160.000000	0.000000	0.000000
854.999001	__gene 5.9_rbs	160.000000	0.000000	0.000000
854.999001	__gene 5_rbs	169.000000	0.000000	0.000000
854.999001	__gene 6.3_rbs	154.000000	0.000000	0.000000
854.999001	__gene 6.5_rbs	288.000000	0.000000	0.000000
854.999001	__gene 6.7_rbs	286.000000	0.000000	0.000000
854.999001	__gene 6_rbs	157.000000	0.000000	0.000000
854.999001	__gene 7.3_rbs	289.000000	0.000000	0.000000
854.999001	__gene 7.7_rbs	287.000000	0.000000	0.000000
854.999001	__gene 7_rbs	281.000000	0.000000	0.000000
854.999001	__gene 8_rbs	280.000000	0.000000	0.000000
854.999001	__gene 9_rbs	660.000000	0.000000	0.000000
854.999001	__gp-2_rbs	100.000000	0.000000	0.000000
854.999001	__lysozyme-3.5_rbs	113.000000	0.000000	0.000000
854.999001	__protein_kinase-0.7_rbs	11.000000	0.000000	0.000000
854.999001	__ribosome	6.000000	0.000000	0.000000
854.999001	__rnapol-1_rbs	11.000000	0.000000	0.000000
854.999001	bound_ecolipol	0.000000	0.000000	0.000000
854.999001	bound_ecolipol_p	1007.000000	0.000000	0.000000
854.999001	bound_ribosome	6121.000000	0.000000	0.000000
854.999001	degraded_transcript	29576.000000	0.000000	0.000000
854.999001	ecoli_genome	793.000000	0.000000	0.000000
854.999001	ecoli_transcript	27219.000000	0.000000	0.000000
854.999001	ecolipol	0.000000	0.000000	0.000000
854.999001	ecolipol-2	0.000000	0.000000	0.000000
854.999001	ecolipol-2-p	778.000000	0.000000	0.000000
854.999001	ecolipol-p	14.000000	0.000000	0.000000
854.999001	gene 0.3	830.000000	12.000000	0.416667
854.999001	gene 1.1	1692.000000	54.000000	0.277778
854.999001	gene 1.2	1150.000000	33.000000	4.272727
854.999001	gene 1.3	1436.000000	70.000000	5.785714
854.999001	gene 1.4	1369.000000	59.000000	0.050847
854.999001	gene 1.7	2346.000000	104.000000	0.201923
854.999001	gene 1.8	2311.000000	102.000000	0.029412
854.999001	gene 10A	27948.000000	1359.000000	0.197204
854.999001	gene 11	4485.000000	217.000000	0.138249
854.999001	gene 12	4315.000000	212.000000	0.627358
854.999001	gene 13	7955.000000	424.000000	0.160377
854.999001	gene 14	7546.000000	422.000000	0.158768
854.999001	gene 15	7349.000000	420.000000	0.723810
854.999001	gene 16	6573.000000	408.000000	1.164216
854.999001	gene 17	8502.000000	545.000000	0.539450
854.999001	gene 17.5	8336.000000	532.000000	0.086466
854.999001	gene 18	8318.000000	530.000000	0.094340
854.999001	gene 18.5	8227.000000	526.000000	0.134981
854.999001	gene 18.7	8103.000000	525.000000	0.070476
854.999001	gene 19	7856.000000	524.000000	0.549618
854.999001	gene 19.2	7731.000000	517.000000	0.079304
854.999001	gene 19.3	7690.000000	512.000000	0.076172
854.999001	gene 19.5	7330.000000	506.000000	0.035573
854.999001	gene 2.5	2602.000000	118.000000	0.211864
854.999001	gene 2.8	2534.000000	118.000000	0.118644
854.999001	gene 3	2418.000000	114.000000	0.175439
854.999001	gene 3.8	2966.000000	135.000000	0.081481
854.999001	gene 4.2	3026.000000	140.000000	0.107143
854.999001	gene 4.3	3153.000000	139.000000	0.057554
854.999001	gene 4.5	3561.000000	161.000000	0.055901
854.999001	gene 4.7	3613.000000	160.000000	0.168750
854.999001	gene 4A	2727.000000	134.000000	0.582090
854.999001	gene 5	3698.000000	171.000000	0.643275
854.999001	gene 5.3	3590.000000	164.000000	0.121951
854.999001	gene 5.5	3554.000000	161.000000	0.099379
854.999001	gene 5.7	3506.000000	162.000000	0.074074
854.999001	gene 5.9	3479.000000	161.000000	0.037267
854.999001	gene 6	3402.000000	162.000000	0.283951
854.999001	gene 6.3	3531.000000	156.000000	0.032051
854.999001	gene 6.5	6220.000000	294.000000	0.095238
854.999001	gene 6.7	6193.000000	294.000000	0.102041
854.999001	gene 7	6111.000000	293.000000	0.109215
854.999001	gene 7.3	6176.000000	290.000000	0.051724
854.999001	gene 7.7	6111.000000	287.000000	0.146341
854.999001	gene 8	5710.000000	287.000000	0.487805
854.999001	gene 9	13208.000000	668.000000	0.287425
854.999001	gp-2	1424.000000	102.000000	0.068627
854.999001	lysozyme-3.5	1911.000000	114.000000	0.078947
854.999001	nonpref_charged	452.000000	0.000000	0.000000
854.999001	nonpref_uncharged	14548.000000	0.000000	0.000000
854.999001	pref_charged	20307.000000	0.000000	0.000000
854.999001	pref_uncharged	14693.000000	0.000000	0.000000
854.999001	protein_kinase-0.7	802.000000	11.000000	0.454545
854.999001	rnapol-1	0.000000	11.000000	11.727273
854.999001	rnapol-3.5	424.000000	0.000000	0.000000
859.999003	E. coli B promoter	1.000000	0.000000	0.000000
859.999003	E. coli C promoter	1.000000	0.000000	0.000000
859.999003	E. coli promoter A1	1.000000	0.000000	0.000000
859.999003	E. coli promoter A2	1.000000	0.000000	0.000000
859.999003	E. coli promoter A3	1.000000	0.000000	0.000000
859.999003	T7 promoter phi1.1A	1.000000	0.000000	0.000000
859.999003	T7 promoter phi1.1B	1.000000	0.000000	0.000000
859.999003	T7 promoter phi1.3	1.000000	0.000000	0.000000
859.999003	T7 promoter phi1.5	1.000000	0.000000	0.000000
859.999003	T7 promoter phi1.6	1.000000	0.000000	0.000000
859.999003	T7 promoter phi10	1.000000	0.000000	0.000000
859.999003	T7 promoter phi13	1.000000	0.000000	0.000000
859.999003	T7 promoter phi17	0.000000	0.000000	0.000000
859.999003	T7 promoter phi2.5	1.000000	0.000000	0.000000
859.999003	T7 promoter phi3.8	0.000000	0.000000	0.000000
859.999003	T7 promoter phi4.3	1.000000	0.000000	0.000000
859.999003	T7 promoter phi4.7	1.000000	0.000000	0.000000
859.999003	T7 promoter phi4c	1.000000	0.000000	0.000000
859.999003	T7 promoter phi6.5	1.000000	0.000000	0.000000
859.999003	T7 promoter phi9	0.000000	0.000000	0.000000
859.999003	__gene 0.3_rbs	12.000000	0.000000	0.000000
859.999003	__gene 1.1_rbs	46.000000	0.000000	0.000000
859.999003	__gene 1.2_rbs	25.000000	0.000000	0.000000
859.999003	__gene 1.3_rbs	62.000000	0.000000	0.000000
859.999003	__gene 1.4_rbs	59.000000	0.000000	0.000000
859.999003	__gene 1.7_rbs	104.000000	0.000000	0.000000
859.999003	__gene 1.8_rbs	98.000000	0.000000	0.000000
859.999003	__gene 10A_rbs	1368.000000	0.000000	0.000000
859.999003	__gene 11_rbs	216.000000	0.000000	0.000000
859.999003	__gene 12_rbs	214.000000	0.000000	0.000000
859.999003	__gene 13_rbs	427.000000	0.000000	0.000000
859.999003	__gene 14_rbs	420.000000	0.000000	0.000000
859.999003	__gene 15_rbs	415.000000	0.000000	0.000000
859.999003	__gene 16_rbs	408.000000	0.000000	0.000000
859.999003	__gene 17.5_rbs	536.000000	0.000000	0.000000
859.999003	__gene 17_rbs	554.000000	0.000000	0.000000
859.999003	__gene 18.5_rbs	525.000000	0.000000	0.000000
859.999003	__gene 18.7_rbs	515.000000	0.000000	0.000000
859.999003	__gene 18_rbs	532.000000	0.000000	0.000000
859.999003	__gene 19.2_rbs	513.000000	0.000000	0.000000
859.999003	__gene 19.3_rbs	508.000000	0.000000	0.000000
859.999003	__gene 19.5_rbs	500.000000	0.000000	0.000000
859.999003	__gene 19_rbs	529.000000	0.000000	0.000000
859.999003	__gene 2.5_rbs	119.000000	0.000000	0.000000
859.999003	__gene 2.8_rbs	116.000000	0.000000	0.000000
859.999003	__gene 3.8_rbs	136.000000	0.000000	0.000000
859.999003	__gene 3_rbs	113.000000	0.000000	0.000000
859.999003	__gene 4.2_rbs	142.000000	0.000000	0.000000
859.999003	__gene 4.3_rbs	144.000000	0.000000	0.000000
859.999003	__gene 4.5_rbs	166.000000	0.000000	0.000000
859.999003	__gene 4.7_rbs	160.000000	0.000000	0.000000
859.999003	__gene 4A_rbs	132.000000	0.000000	0.000000
859.999003	__gene 5.3_rbs	168.000000	0.000000	0.000000
859.999003	__gene 5.5_rbs	165.000000	0.000000	0.000000
859.999003	__gene 5.7_rbs	163.000000	0.000000	0.000000
859.999003	__gene 5.9_rbs	163.000000	0.000000	0.000000
859.999003	__gene 5_rbs	174.000000	0.000000	0.000000
859.999003	__gene 6.3_rbs	159.000000	0.000000	0.000000
859.999003	__gene 6.5_rbs	300.000000	0.000000	0.000000
859.999003	__gene 6.7_rbs	295.000000	0.000000	0.000000
859.999003	__gene 6_rbs	158.000000	0.000000	0.000000
859.999003	__gene 7.3_rbs	287.000000	0.000000	0.000000
859.999003	__gene 7.7_rbs	293.000000	0.000000	0.000000
859.999003	__gene 7_rbs	292.000000	0.000000	0.000000
859.999003	__gene 8_rbs	281.000000	0.000000	0.000000
859.999003	__gene 9_rbs	672.000000	0.000000	0.000000
859.999003	__gp-2_rbs	100.000000	0.000000	0.000000
859.999003	__lysozyme-3.5_rbs	116.000000	0.000000	0.000000
859.999003	__protein_kinase-0.7_rbs	11.000000	0.000000	0.000000
859.999003	__ribosome	3.000000	0.000000	0.000000
859.999003	__rnapol-1_rbs	11.000000	0.000000	0.000000
859.999003	bound_ecolipol	0.000000	0.000000	0.000000
859.999003	bound_ecolipol_p	971.000000	0.000000	0.000000
859.999003	bound_ribosome	6061.000000	0.000000	0.000000
859.999003	degraded_transcript	29901.000000	0.000000	0.000000
859.999003	ecoli_genome	829.000000	0.000000	0.000000
859.999003	ecoli_transcript	27162.000000	0.000000	0.000000
859.999003	ecolipol	0.000000	0.000000	0.000000
859.999003	ecolipol-2	0.000000	0.000000	0.000000
859.999003	ecolipol-2-p	815.000000	0.000000	0.000000
859.999003	ecolipol-p	13.000000	0.000000	0.000000
859.999003	gene 0.3	834.000000	12.000000	0.333333
859.999003	gene 1.1	1707.000000	54.000000	0.240741
859.999003	gene 1.2	1158.000000	33.000000	4.303030
859.999003	gene 1.3	1471.000000	70.000000	5.685714
859.999003	gene 1.4	1395.000000	59.000000	0.050847
859.999003	gene 1.7	2388.000000	104.000000	0.278846
859.999003	gene 1.8	2348.000000	104.000000	0.076923
859.999003	gene 10A	28519.000000	1379.000000	0.181291
859.999003	gene 11	4569.000000	218.000000	0.169725
859.999003	gene 12	4391.000000	217.000000	0.677419
859.999003	gene 13	8132.000000	431.000000	0.129930
859.999003	gene 14	7687.000000	428.000000	0.179907
859.999003	gene 15	7529.000000	426.000000	0.706573
859.999003	gene 16	6717.000000	415.000000	1.238554
859.999003	gene 17	8733.000000	557.000000	0.524237
859.999003	gene 17.5	8537.000000	541.000000	0.057301
859.999003	gene 18	8534.000000	540.000000	0.083333
859.999003	gene 18.5	8416.000000	536.000000	0.171642
859.999003	gene 18.7	8277.000000	536.000000	0.128731
859.999003	gene 19	8069.000000	534.000000	0.483146
859.999003	gene 19.2	7932.000000	527.000000	0.092979
859.999003	gene 19.3	7887.000000	523.000000	0.072658
859.999003	gene 19.5	7522.000000	513.000000	0.074074
859.999003	gene 2.5	2650.000000	120.000000	0.183333
859.999003	gene 2.8	2575.000000	118.000000	0.169492
859.999003	gene 3	2459.000000	117.000000	0.136752
859.999003	gene 3.8	3016.000000	137.000000	0.153285
859.999003	gene 4.2	3087.000000	145.000000	0.082759
859.999003	gene 4.3	3211.000000	145.000000	0.068966
859.999003	gene 4.5	3622.000000	167.000000	0.041916
859.999003	gene 4.7	3680.000000	164.000000	0.115854
859.999003	gene 4A	2781.000000	136.000000	0.485294
859.999003	gene 5	3771.000000	175.000000	0.542857
859.999003	gene 5.3	3657.000000	170.000000	0.105882
859.999003	gene 5.5	3622.000000	167.000000	0.125749
859.999003	gene 5.7	3582.000000	166.000000	0.072289
859.999003	gene 5.9	3540.000000	164.000000	0.036585
859.999003	gene 6	3468.000000	164.000000	0.207317
859.999003	gene 6.3	3590.000000	160.000000	0.031250
859.999003	gene 6.5	6340.000000	302.000000	0.089404
859.999003	gene 6.7	6328.000000	299.000000	0.083612
859.999003	gene 7	6230.000000	298.000000	0.110738
859.999003	gene 7.3	6275.000000	295.000000	0.091525
859.999003	gene 7.7	6230.000000	293.000000	0.136519
859.999003	gene 8	5808.000000	293.000000	0.593857
859.999003	gene 9	13515.000000	676.000000	0.251479
859.999003	gp-2	1424.000000	104.000000	0.076923
859.999003	lysozyme-3.5	1949.000000	118.000000	0.161017
859.999003	nonpref_charged	443.000000	0.000000	0.000000
859.999003	nonpref_uncharged	14557.000000	0.000000	0.000000
859.999003	pref_charged	20429.000000	0.000000	0.000000
859.999003	pref_uncharged	14571.000000	0.000000	0.000000
859.999003	protein_kinase-0.7	804.000000	11.000000	0.454545
859.999003	rnapol-1	1.000000	11.000000	12.090909
859.999003	rnapol-3.5	427.000000	0.000000	0.000000
864.999001	E. coli B promoter	1.000000	0.000000	0.000000
864.999001	E. coli C promoter	1.000000	0.000000	0.000000
864.999001	E. coli promoter A1	1.000000	0.000000	0.000000
864.999001	E. coli promoter A2	1.000000	0.000000	0.000000
864.999001	E. coli promoter A3	1.000000	0.000000	0.000000
864.999001	T7 promoter phi1.1A	1.000000	0.000000	0.000000
864.999001	T7 promoter phi1.1B	1.000000	0.000000	0.000000
864.999001	T7 promoter phi1.3	1.000000	0.000000	0.000000
864.999001	T7 promoter phi1.5	1.000000	0.000000	0.000000
864.999001	T7 promoter phi1.6	1.000000	0.000000	0.000000
864.999001	T7 promoter phi10	1.000000	0.000000	0.000000
864.999001	T7 promoter phi13	1.000000	0.000000	0.000000
864.999001	T7 promoter phi17	1.000000	0.000000	0.000000
864.999001	T7 promoter phi2.5	1.000000	0.000000	0.000000
864.999001	T7 promoter phi3.8	1.000000	0.000000	0.000000
864.999001	T7 promoter phi4.3	1.000000	0.000000	0.000000
864.999001	T7 promoter phi4.7	1.000000	0.000000	0.000000
864.999001	T7 promoter phi4c	1.000000	0.000000	0.000000
864.999001	T7 promoter phi6.5	1.000000	0.000000	0.000000
864.999001	T7 promoter phi9	0.000000	0.000000	0.000000
864.999001	__gene 0.3_rbs	12.000000	0.000000	0.000000
864.999001	__gene 1.1_rbs	46.000000	0.000000	0.000000
864.999001	__gene 1.2_rbs	24.000000	0.000000	0.000000
864.999001	__gene 1.3_rbs	62.000000	0.000000	0.000000
864.999001	__gene 1.4_rbs	59.000000	0.000000	0.000000
864.999001	__gene 1.7_rbs	102.000000	0.000000	0.000000
864.999001	__gene 1.8_rbs	104.000000	0.000000	0.000000
864.999001	__gene 10A_rbs	1390.000000	0.000000	0.000000
864.999001	__gene 11_rbs	222.000000	0.000000	0.000000
864.999001	__gene 12_rbs	215.000000	0.000000	0.000000
864.999001	__gene 13_rbs	428.000000	0.000000	0.000000
864.999001	__gene 14_rbs	422.000000	0.000000	0.000000
864.999001	__gene 15_rbs	415.000000	0.000000	0.000000
864.999001	__gene 16_rbs	417.000000	0.000000	0.000000
864.999001	__gene 17.5_rbs	541.000000	0.000000	0.000000
864.999001	__gene 17_rbs	568.000000	0.000000	0.000000
864.999001	__gene 18.5_rbs	537.000000	0.000000	0.000000
864.999001	__gene 18.7_rbs	529.000000	0.000000	0.000000
864.999001	__gene 18_rbs	529.000000	0.000000	0.000000
864.999001	__gene 19.2_rbs	520.000000	0.000000	0.000000
864.999001	__gene 19.3_rbs	520.000000	0.000000	0.000000
864.999001	__gene 19.5_rbs	518.000000	0.000000	0.000000
864.999001	__gene 19_rbs	532.000000	0.000000	0.000000
864.999001	__gene 2.5_rbs	119.000000	0.000000	0.000000
864.999001	__gene 2.8_rbs	117.000000	0.000000	0.000000
864.999001	__gene 3.8_rbs	137.000000	0.000000	0.000000
864.999001	__gene 3_rbs	114.000000	0.000000	0.000000
864.999001	__gene 4.2_rbs	143.000000	0.000000	0.000000
864.999001	__gene 4.3_rbs	145.000000	0.000000	0.000000
864.999001	__gene 4.5_rbs	171.000000	0.000000	0.000000
864.999001	__gene 4.7_rbs	168.000000	0.000000	0.000000
864.999001	__gene 4A_rbs	136.000000	0.000000	0.000000
864.999001	__gene 5.3_rbs	170.000000	0.000000	0.000000
864.999001	__gene 5.5_rbs	169.000000	0.000000	0.000000
864.999001	__gene 5.7_rbs	166.000000	0.000000	0.000000
864.999001	__gene 5.9_rbs	169.000000	0.000000	0.000000
864.999001	__gene 5_rbs	178.000000	0.000000	0.000000
864.999001	__gene 6.3_rbs	158.000000	0.000000	0.000000
864.999001	__gene 6.5_rbs	304.000000	0.000000	0.000000
864.999001	__gene 6.7_rbs	297.000000	0.000000	0.000000
864.999001	__gene 6_rbs	163.000000	0.000000	0.000000
864.999001	__gene 7.3_rbs	293.000000	0.000000	0.000000
864.999001	__gene 7.7_rbs	296.000000	0.000000	0.000000
864.999001	__gene 7_rbs	296.000000	0.000000	0.000000
864.999001	__gene 8_rbs	290.000000	0.000000	0.000000
864.999001	__gene 9_rbs	681.000000	0.000000	0.000000
864.999001	__gp-2_rbs	102.000000	0.000000	0.000000
864.999001	__lysozyme-3.5_rbs	116.000000	0.000000	0.000000
864.999001	__protein_kinase-0.7_rbs	12.000000	0.000000	0.000000
864.999001	__ribosome	7.000000	0.000000	0.000000
864.999001	__rnapol-1_rbs	11.000000	0.000000	0.000000
864.999001	bound_ecolipol	0.000000	0.000000	0.000000
864.999001	bound_ecolipol_p	968.000000	0.000000	0.000000
864.999001	bound_ribosome	5902.000000	0.000000	0.000000
864.999001	degraded_transcript	30160.000000	0.000000	0.000000
864.999001	ecoli_genome	832.000000	0.000000	0.000000
864.999001	ecoli_transcript	27260.000000	0.000000	0.000000
864.999001	ecolipol	0.000000	0.000000	0.000000
864.999001	ecolipol-2	0.000000	0.000000	0.000000
864.999001	ecolipol-2-p	818.000000	0.000000	0.000000
864.999001	ecolipol-p	13.000000	0.000000	0.000000
864.999001	gene 0.3	839.000000	12.000000	0.250000
864.999001	gene 1.1	1724.000000	55.000000	0.254545
864.999001	gene 1.2	1166.000000	33.000000	4.393939
864.999001	gene 1.3	1495.000000	71.000000	5.619718
864.999001	gene 1.4	1420.000000	59.000000	0.016949
864.999001	gene 1.7	2438.000000	104.000000	0.201923
864.999001	gene 1.8	2381.000000	104.000000	0.038462
864.999001	gene 10A	29034.000000	1398.000000	0.191702
864.999001	gene 11	4645.000000	222.000000	0.171171
864.999001	gene 12	4459.000000	221.000000	0.864253
864.999001	gene 13	8304.000000	437.000000	0.173913
864.999001	gene 14	7839.000000	434.000000	0.228111
864.999001	gene 15	7673.000000	431.000000	0.774942
864.999001	gene 16	6876.000000	420.000000	1.200000
864.999001	gene 17	8952.000000	572.000000	0.531469
864.999001	gene 17.5	8735.000000	550.000000	0.081818
864.999001	gene 18	8763.000000	547.000000	0.069470
864.999001	gene 18.5	8609.000000	545.000000	0.176147
864.999001	gene 18.7	8496.000000	545.000000	0.100917
864.999001	gene 19	8260.000000	542.000000	0.490775
864.999001	gene 19.2	8145.000000	537.000000	0.083799
864.999001	gene 19.3	8093.000000	533.000000	0.067542
864.999001	gene 19.5	7725.000000	525.000000	0.053333
864.999001	gene 2.5	2697.000000	120.000000	0.091667
864.999001	gene 2.8	2625.000000	120.000000	0.125000
864.999001	gene 3	2516.000000	119.000000	0.168067
864.999001	gene 3.8	3077.000000	139.000000	0.107914
864.999001	gene 4.2	3136.000000	148.000000	0.128378
864.999001	gene 4.3	3274.000000	148.000000	0.060811
864.999001	gene 4.5	3683.000000	171.000000	0.058480
864.999001	gene 4.7	3748.000000	169.000000	0.136095
864.999001	gene 4A	2831.000000	139.000000	0.467626
864.999001	gene 5	3829.000000	180.000000	0.683333
864.999001	gene 5.3	3721.000000	171.000000	0.105263
864.999001	gene 5.5	3681.000000	170.000000	0.123529
864.999001	gene 5.7	3640.000000	170.000000	0.017647
864.999001	gene 5.9	3594.000000	169.000000	0.053254
864.999001	gene 6	3518.000000	169.000000	0.349112
864.999001	gene 6.3	3674.000000	166.000000	0.096386
864.999001	gene 6.5	6450.000000	307.000000	0.068404
864.999001	gene 6.7	6438.000000	305.000000	0.108197
864.999001	gene 7	6330.000000	303.000000	0.095710
864.999001	gene 7.3	6395.000000	303.000000	0.075908
864.999001	gene 7.7	6334.000000	301.000000	0.146179
864.999001	gene 8	5930.000000	298.000000	0.573826
864.999001	gene 9	13780.000000	690.000000	0.227536
864.999001	gp-2	1457.000000	104.000000	0.057692
864.999001	lysozyme-3.5	1985.000000	119.000000	0.159664
864.999001	nonpref_charged	411.000000	0.000000	0.000000
864.999001	nonpref_uncharged	14589.000000	0.000000	0.000000
864.999001	pref_charged	20371.000000	0.000000	0.000000
864.999001	pref_uncharged	14629.000000	0.000000	0.000000
864.999001	protein_kinase-0.7	808.000000	11.000000	0.454545
864.999001	rnapol-1	0.000000	11.000000	12.454545
864.999001	rnapol-3.5	427.000000	0.000000	0.000000
869.999000	E. coli B promoter	1.000000	0.000000	0.000000
869.999000	E. coli C promoter	1.000000	0.000000	0.000000
869.999000	E. coli promoter A1	1.000000	0.000000	0.000000
869.999000	E. coli promoter A2	1.000000	0.000000	0.000000
869.999000	E. coli promoter A3	1.000000	0.000000	0.000000
869.999000	T7 promoter phi1.1A	1.000000	0.000000	0.000000
869.999000	T7 promoter phi1.1B	1.000000	0.000000	0.000000
869.999000	T7 promoter phi1.3	1.000000	0.000000	0.000000
869.999000	T7 promoter phi1.5	1.000000	0.000000	0.000000
869.999000	T7 promoter phi1.6	1.000000	0.000000	0.000000
869.999000	T7 promoter phi10	1.000000	0.000000	0.000000
869.999000	T7 promoter phi13	1.000000	0.000000	0.000000
869.999000	T7 promoter phi17	1.000000	0.000000	0.000000
869.999000	T7 promoter phi2.5	1.000000	0.000000	0.000000
869.999000	T7 promoter phi3.8	1.000000	0.000000	0.000000
869.999000	T7 promoter phi4.3	1.000000	0.000000	0.000000
869.999000	T7 promoter phi4.7	1.000000	0.000000	0.000000
869.999000	T7 promoter phi4c	1.000000	0.000000	0.000000
869.999000	T7 promoter phi6.5	1.000000	0.000000	0.000000
869.999000	T7 promoter phi9	1.000000	0.000000	0.000000
869.999000	__gene 0.3_rbs	12.000000	0.000000	0.000000
869.999000	__gene 1.1_rbs	46.000000	0.000000	0.000000
869.999000	__gene 1.2_rbs	25.000000	0.000000	0.000000
869.999000	__gene 1.3_rbs	60.000000	0.000000	0.000000
869.999000	__gene 1.4_rbs	58.000000	0.000000	0.000000
869.999000	__gene 1.7_rbs	104.000000	0.000000	0.000000
869.999000	__gene 1.8_rbs	101.000000	0.000000	0.000000
869.999000	__gene 10A_rbs	1406.000000	0.000000	0.000000
869.999000	__gene 11_rbs	221.000000	0.000000	0.000000
869.999000	__gene 12_rbs	219.000000	0.000000	0.000000
869.999000	__gene 13_rbs	444.000000	0.000000	0.000000
869.999000	__gene 14_rbs	424.000000	0.000000	0.000000
869.999000	__gene 15_rbs	423.000000	0.000000	0.000000
869.999000	__gene 16_rbs	416.000000	0.000000	0.000000
869.999000	__gene 17.5_rbs	559.000000	0.000000	0.000000
869.999000	__gene 17_rbs	578.000000	0.000000	0.000000
869.999000	__gene 18.5_rbs	547.000000	0.000000	0.000000
869.999000	__gene 18.7_rbs	532.000000	0.000000	0.000000
869.999000	__gene 18_rbs	539.000000	0.000000	0.000000
869.999000	__gene 19.2_rbs	529.000000	0.000000	0.000000
869.999000	__gene 19.3_rbs	529.000000	0.000000	0.000000
869.999000	__gene 19.5_rbs	532.000000	0.000000	0.000000
869.999000	__gene 19_rbs	543.000000	0.000000	0.000000
869.999000	__gene 2.5_rbs	120.000000	0.000000	0.000000
869.999000	__gene 2.8_rbs	119.000000	0.000000	0.000000
869.999000	__gene 3.8_rbs	138.000000	0.000000	0.000000
869.999000	__gene 3_rbs	116.000000	0.000000	0.000000
869.999000	__gene 4.2_rbs	145.000000	0.000000	0.000000
869.999000	__gene 4.3_rbs	149.000000	0.000000	0.000000
869.999000	__gene 4.5_rbs	174.000000	0.000000	0.000000
869.999000	__gene 4.7_rbs	171.000000	0.000000	0.000000
869.999000	__gene 4A_rbs	131.000000	0.000000	0.000000
869.999000	__gene 5.3_rbs	174.000000	0.000000	0.000000
869.999000	__gene 5.5_rbs	168.000000	0.000000	0.000000
869.999000	__gene 5.7_rbs	169.000000	0.000000	0.000000
869.999000	__gene 5.9_rbs	167.000000	0.000000	0.000000
869.999000	__gene 5_rbs	182.000000	0.000000	0.000000
869.999000	__gene 6.3_rbs	163.000000	0.000000	0.000000
869.999000	__gene 6.5_rbs	305.000000	0.000000	0.000000
869.999000	__gene 6.7_rbs	307.000000	0.000000	0.000000
869.999000	__gene 6_rbs	165.000000	0.000000	0.000000
869.999000	__gene 7.3_rbs	304.000000	0.000000	0.000000
869.999000	__gene 7.7_rbs	299.000000	0.000000	0.000000
869.999000	__gene 7_rbs	305.000000	0.000000	0.000000
869.999000	__gene 8_rbs	294.000000	0.000000	0.000000
869.999000	__gene 9_rbs	697.000000	0.000000	0.000000
869.999000	__gp-2_rbs	101.000000	0.000000	0.000000
869.999000	__lysozyme-3.5_rbs	115.000000	0.000000	0.000000
869.999000	__protein_kinase-0.7_rbs	11.000000	0.000000	0.000000
869.999000	__ribosome	4.000000	0.000000	0.000000
869.999000	__rnapol-1_rbs	11.000000	0.000000	0.000000
869.999000	bound_ecolipol	0.000000	0.000000	0.000000
869.999000	bound_ecolipol_p	976.000000	0.000000	0.000000
869.999000	bound_ribosome	5796.000000	0.000000	0.000000
869.999000	degraded_transcript	30437.000000	0.000000	0.000000
869.999000	ecoli_genome	824.000000	0.000000	0.000000
869.999000	ecoli_transcript	27274.000000	0.000000	0.000000
869.999000	ecolipol	0.000000	0.000000	0.000000
869.999000	ecolipol-2	0.000000	0.000000	0.000000
869.999000	ecolipol-2-p	815.000000	0.000000	0.000000
869.999000	ecolipol-p	8.000000	0.000000	0.000000
869.999000	gene 0.3	844.000000	12.000000	0.083333
869.999000	gene 1.1	1737.000000	55.000000	0.236364
869.999000	gene 1.2	1178.000000	33.000000	4.515152
869.999000	gene 1.3	1520.000000	71.000000	5.676056
869.999000	gene 1.4	1435.000000	60.000000	0.083333
869.999000	gene 1.7	2475.000000	105.000000	0.257143
869.999000	gene 1.8	2413.000000	104.000000	0.028846
869.999000	gene 10A	29551.000000	1416.000000	0.189972
869.999000	gene 11	4726.000000	223.000000	0.183857
869.999000	gene 12	4543.000000	222.000000	0.819820
869.999000	gene 13	8490.000000	447.000000	0.120805
869.999000	gene 14	8025.000000	442.000000	0.176471
869.999000	gene 15	7847.000000	438.000000	0.739726
869.999000	gene 16	7027.000000	425.000000	1.221176
869.999000	gene 17	9177.000000	582.000000	0.542955
869.999000	gene 17.5	8920.000000	562.000000	0.064057
869.999000	gene 18	8979.000000	560.000000	0.101786
869.999000	gene 18.5	8820.000000	556.000000	0.147482
869.999000	gene 18.7	8702.000000	555.000000	0.129730
869.999000	gene 19	8449.000000	550.000000	0.527273
869.999000	gene 19.2	8328.000000	545.000000	0.108257
869.999000	gene 19.3	8269.000000	542.000000	0.051661
869.999000	gene 19.5	7922.000000	535.000000	0.067290
869.999000	gene 2.5	2732.000000	121.000000	0.140496
869.999000	gene 2.8	2674.000000	120.000000	0.183333
869.999000	gene 3	2550.000000	119.000000	0.235294
869.999000	gene 3.8	3120.000000	141.000000	0.191489
869.999000	gene 4.2	3185.000000	153.000000	0.117647
869.999000	gene 4.3	3337.000000	152.000000	0.046053
869.999000	gene 4.5	3752.000000	174.000000	0.068966
869.999000	gene 4.7	3814.000000	173.000000	0.121387
869.999000	gene 4A	2872.000000	141.000000	0.546099
869.999000	gene 5	3887.000000	183.000000	0.710383
869.999000	gene 5.3	3791.000000	175.000000	0.142857
869.999000	gene 5.5	3748.000000	173.000000	0.150289
869.999000	gene 5.7	3696.000000	172.000000	0.034884
869.999000	gene 5.9	3662.000000	170.000000	0.070588
869.999000	gene 6	3596.000000	171.000000	0.304094
869.999000	gene 6.3	3743.000000	170.000000	0.041176
869.999000	gene 6.5	6570.000000	312.000000	0.105769
869.999000	gene 6.7	6569.000000	312.000000	0.096154
869.999000	gene 7	6442.000000	310.000000	0.090323
869.999000	gene 7.3	6508.000000	308.000000	0.103896
869.999000	gene 7.7	6463.000000	305.000000	0.157377
869.999000	gene 8	6065.000000	303.000000	0.508251
869.999000	gene 9	14034.000000	704.000000	0.237216
869.999000	gp-2	1498.000000	104.000000	0.057692
869.999000	lysozyme-3.5	2036.000000	120.000000	0.175000
869.999000	nonpref_charged	430.000000	0.000000	0.000000
869.999000	nonpref_uncharged	14570.000000	0.000000	0.000000
869.999000	pref_charged	20896.000000	0.000000	0.000000
869.999000	pref_uncharged	14104.000000	0.000000	0.000000
869.999000	protein_kinase-0.7	811.000000	12.000000	0.916667
869.999000	rnapol-1	0.000000	11.000000	12.636364
869.999000	rnapol-3.5	432.000000	0.000000	0.000000
874.999001	E. coli B promoter	1.000000	0.000000	0.000000
874.999001	E. coli C promoter	1.000000	0.000000	0.000000
874.999001	E. coli promoter A1	1.000000	0.000000	0.000000
874.999001	E. coli promoter A2	1.000000	0.000000	0.000000
874.999001	E. coli promoter A3	1.000000	0.000000	0.000000
874.999001	T7 promoter phi1.1A	1.000000	0.000000	0.000000
874.999001	T7 promoter phi1.1B	1.000000	0.000000	0.000000
874.999001	T7 promoter phi1.3	0.000000	0.000000	0.000000
874.999001	T7 promoter phi1.5	1.000000	0.000000	0.000000
874.999001	T7 promoter phi1.6	1.000000	0.000000	0.000000
874.999001	T7 promoter phi10	0.000000	0.000000	0.000000
874.999001	T7 promoter phi13	0.000000	0.000000	0.000000
874.999001	T7 promoter phi17	1.000000	0.000000	0.000000
874.999001	T7 promoter phi2.5	1.000000	0.000000	0.000000
874.999001	T7 promoter phi3.8	1.000000	0.000000	0.000000
874.999001	T7 promoter phi4.3	1.000000	0.000000	0.000000
874.999001	T7 promoter phi4.7	1.000000	0.000000	0.000000
874.999001	T7 promoter phi4c	1.000000	0.000000	0.000000
874.999001	T7 promoter phi6.5	1.000000	0.000000	0.000000
874.999001	T7 promoter phi9	0.000000	0.000000	0.000000
874.999001	__gene 0.3_rbs	12.000000	0.000000	0.000000
874.999001	__gene 1.1_rbs	46.000000	0.000000	0.000000
874.999001	__gene 1.2_rbs	26.000000	0.000000	0.000000
874.999001	__gene 1.3_rbs	59.000000	0.000000	0.000000
874.999001	__gene 1.4_rbs	59.000000	0.000000	0.000000
874.999001	__gene 1.7_rbs	103.000000	0.000000	0.000000
874.999001	__gene 1.8_rbs	100.000000	0.000000	0.000000
874.999001	__gene 10A_rbs	1428.000000	0.000000	0.000000
874.999001	__gene 11_rbs	225.000000	0.000000	0.000000
874.999001	__gene 12_rbs	224.000000	0.000000	0.000000
874.999001	__gene 13_rbs	448.000000	0.000000	0.000000
874.999001	__gene 14_rbs	440.000000	0.000000	0.000000
874.999001	__gene 15_rbs	437.000000	0.000000	0.000000
874.999001	__gene 16_rbs	426.000000	0.000000	0.000000
874.999001	__gene 17.5_rbs	569.000000	0.000000	0.000000
874.999001	__gene 17_rbs	582.000000	0.000000	0.000000
874.999001	__gene 18.5_rbs	556.000000	0.000000	0.000000
874.999001	__gene 18.7_rbs	547.000000	0.000000	0.000000
874.999001	__gene 18_rbs	556.000000	0.000000	0.000000
874.999001	__gene 19.2_rbs	541.000000	0.000000	0.000000
874.999001	__gene 19.3_rbs	533.000000	0.000000	0.000000
874.999001	__gene 19.5_rbs	538.000000	0.000000	0.000000
874.999001	__gene 19_rbs	560.000000	0.000000	0.000000
874.999001	__gene 2.5_rbs	122.000000	0.000000	0.000000
874.999001	__gene 2.8_rbs	117.000000	0.000000	0.000000
874.999001	__gene 3.8_rbs	141.000000	0.000000	0.000000
874.999001	__gene 3_rbs	119.000000	0.000000	0.000000
874.999001	__gene 4.2_rbs	150.000000	0.000000	0.000000
874.999001	__gene 4.3_rbs	152.000000	0.000000	0.000000
874.999001	__gene 4.5_rbs	175.000000	0.000000	0.000000
874.999001	__gene 4.7_rbs	173.000000	0.000000	0.000000
874.999001	__gene 4A_rbs	134.000000	0.000000	0.000000
874.999001	__gene 5.3_rbs	179.000000	0.000000	0.000000
874.999001	__gene 5.5_rbs	176.000000	0.000000	0.000000
874.999001	__gene 5.7_rbs	175.000000	0.000000	0.000000
874.999001	__gene 5.9_rbs	174.000000	0.000000	0.000000
874.999001	__gene 5_rbs	185.000000	0.000000	0.000000
874.999001	__gene 6.3_rbs	165.000000	0.000000	0.000000
874.999001	__gene 6.5_rbs	310.000000	0.000000	0.000000
874.999001	__gene 6.7_rbs	302.000000	0.000000	0.000000
874.999001	__gene 6_rbs	172.000000	0.000000	0.000000
874.999001	__gene 7.3_rbs	306.000000	0.000000	0.000000
874.999001	__gene 7.7_rbs	309.000000	0.000000	0.000000
874.999001	__gene 7_rbs	309.000000	0.000000	0.000000
874.999001	__gene 8_rbs	304.000000	0.000000	0.000000
874.999001	__gene 9_rbs	715.000000	0.000000	0.000000
874.999001	__gp-2_rbs	103.000000	0.000000	0.000000
874.999001	__lysozyme-3.5_rbs	118.000000	0.000000	0.000000
874.999001	__protein_kinase-0.7_rbs	12.000000	0.000000	0.000000
874.999001	__ribosome	7.000000	0.000000	0.000000
874.999001	__rnapol-1_rbs	10.000000	0.000000	0.000000
874.999001	bound_ecolipol	0.000000	0.000000	0.000000
874.999001	bound_ecolipol_p	963.000000	0.000000	0.000000
874.999001	bound_ribosome	5701.000000	0.000000	0.000000
874.999001	degraded_transcript	30710.000000	0.000000	0.000000
874.999001	ecoli_genome	837.000000	0.000000	0.000000
874.999001	ecoli_transcript	27307.000000	0.000000	0.000000
874.999001	ecolipol	0.000000	0.000000	0.000000
874.999001	ecolipol-2	0.000000	0.000000	0.000000
874.999001	ecolipol-2-p	831.000000	0.000000	0.000000
874.999001	ecolipol-p	5.000000	0.000000	0.000000
874.999001	gene 0.3	848.000000	12.000000	0.166667
874.999001	gene 1.1	1755.000000	56.000000	0.285714
874.999001	gene 1.2	1193.000000	34.000000	4.235294
874.999001	gene 1.3	1550.000000	71.000000	5.563380
874.999001	gene 1.4	1463.000000	60.000000	0.050000
874.999001	gene 1.7	2523.000000	107.000000	0.280374
874.999001	gene 1.8	2442.000000	106.000000	0.075472
874.999001	gene 10A	30082.000000	1437.000000	0.205289
874.999001	gene 11	4817.000000	227.000000	0.136564
874.999001	gene 12	4651.000000	226.000000	0.663717
874.999001	gene 13	8647.000000	456.000000	0.162281
874.999001	gene 14	8178.000000	451.000000	0.212860
874.999001	gene 15	8007.000000	449.000000	0.732739
874.999001	gene 16	7187.000000	431.000000	1.241299
874.999001	gene 17	9400.000000	590.000000	0.555932
874.999001	gene 17.5	9133.000000	578.000000	0.077855
874.999001	gene 18	9187.000000	576.000000	0.107639
874.999001	gene 18.5	9007.000000	569.000000	0.181019
874.999001	gene 18.7	8929.000000	568.000000	0.107394
874.999001	gene 19	8634.000000	563.000000	0.563055
874.999001	gene 19.2	8543.000000	557.000000	0.093357
874.999001	gene 19.3	8458.000000	550.000000	0.083636
874.999001	gene 19.5	8113.000000	544.000000	0.049632
874.999001	gene 2.5	2783.000000	123.000000	0.138211
874.999001	gene 2.8	2730.000000	121.000000	0.140496
874.999001	gene 3	2606.000000	121.000000	0.165289
874.999001	gene 3.8	3178.000000	141.000000	0.212766
874.999001	gene 4.2	3241.000000	154.000000	0.064935
874.999001	gene 4.3	3381.000000	153.000000	0.045752
874.999001	gene 4.5	3817.000000	176.000000	0.045455
874.999001	gene 4.7	3883.000000	176.000000	0.113636
874.999001	gene 4A	2919.000000	141.000000	0.567376
874.999001	gene 5	3966.000000	188.000000	0.723404
874.999001	gene 5.3	3852.000000	180.000000	0.100000
874.999001	gene 5.5	3813.000000	180.000000	0.133333
874.999001	gene 5.7	3747.000000	179.000000	0.078212
874.999001	gene 5.9	3737.000000	175.000000	0.045714
874.999001	gene 6	3667.000000	175.000000	0.245714
874.999001	gene 6.3	3806.000000	171.000000	0.046784
874.999001	gene 6.5	6686.000000	315.000000	0.130159
874.999001	gene 6.7	6678.000000	315.000000	0.082540
874.999001	gene 7	6543.000000	313.000000	0.111821
874.999001	gene 7.3	6621.000000	312.000000	0.086538
874.999001	gene 7.7	6587.000000	311.000000	0.170418
874.999001	gene 8	6174.000000	310.000000	0.493548
874.999001	gene 9	14304.000000	719.000000	0.254520
874.999001	gp-2	1516.000000	106.000000	0.056604
874.999001	lysozyme-3.5	2081.000000	121.000000	0.082645
874.999001	nonpref_charged	403.000000	0.000000	0.000000
874.999001	nonpref_uncharged	14597.000000	0.000000	0.000000
874.999001	pref_charged	20558.000000	0.000000	0.000000
874.999001	pref_uncharged	14442.000000	0.000000	0.000000
874.999001	protein_kinase-0.7	818.000000	12.000000	0.500000
874.999001	rnapol-1	0.000000	11.000000	13.000000
874.999001	rnapol-3.5	428.000000	0.000000	0.000000
879.999000	E. coli B promoter	1.000000	0.000000	0.000000
879.999000	E. coli C promoter	1.000000	0.000000	0.000000
879.999000	E. coli promoter A1	1.000000	0.000000	0.000000
879.999000	E. coli promoter A2	1.000000	0.000000	0.000000
879.999000	E. coli promoter A3	1.000000	0.000000	0.000000
879.999000	T7 promoter phi1.1A	1.000000	0.000000	0.000000
879.999000	T7 promoter phi1.1B	1.000000	0.000000	0.000000
879.999000	T7 promoter phi1.3	1.000000	0.000000	0.000000
879.999000	T7 promoter phi1.5	1.000000	0.000000	0.000000
879.999000	T7 promoter phi1.6	1.000000	0.000000	0.000000
879.999000	T7 promoter phi10	0.000000	0.000000	0.000000
879.999000	T7 promoter phi13	0.000000	0.000000	0.000000
879.999000	T7 promoter phi17	0.000000	0.000000	0.000000
879.999000	T7 promoter phi2.5	1.000000	0.000000	0.000000
879.999000	T7 promoter phi3.8	0.000000	0.000000	0.000000
879.999000	T7 promoter phi4.3	1.000000	0.000000	0.000000
879.999000	T7 promoter phi4.7	0.000000	0.000000	0.000000
879.999000	T7 promoter phi4c	1.000000	0.000000	0.000000
879.999000	T7 promoter phi6.5	1.000000	0.000000	0.000000
879.999000	T7 promoter phi9	0.000000	0.000000	0.000000
879.999000	__gene 0.3_rbs	12.000000	0.000000	0.000000
879.999000	__gene 1.1_rbs	48.000000	0.000000	0.000000
879.999000	__gene 1.2_rbs	26.000000	0.000000	0.000000
879.999000	__gene 1.3_rbs	63.000000	0.000000	0.000000
879.999000	__gene 1.4_rbs	59.000000	0.000000	0.000000
879.999000	__gene 1.7_rbs	106.000000	0.000000	0.000000
879.999000	__gene 1.8_rbs	104.000000	0.000000	0.000000
879.999000	__gene 10A_rbs	1442.000000	0.000000	0.000000
879.999000	__gene 11_rbs	225.000000	0.000000	0.000000
879.999000	__gene 12_rbs	225.000000	0.000000	0.000000
879.999000	__gene 13_rbs	455.000000	0.000000	0.000000
879.999000	__gene 14_rbs	447.000000	0.000000	0.000000
879.999000	__gene 15_rbs	445.000000	0.000000	0.000000
879.999000	__gene 16_rbs	434.000000	0.000000	0.000000
879.999000	__gene 17.5_rbs	583.000000	0.000000	0.000000
879.999000	__gene 17_rbs	598.000000	0.000000	0.000000
879.999000	__gene 18.5_rbs	575.000000	0.000000	0.000000
879.999000	__gene 18.7_rbs	560.000000	0.000000	0.000000
879.999000	__gene 18_rbs	566.000000	0.000000	0.000000
879.999000	__gene 19.2_rbs	552.000000	0.000000	0.000000
879.999000	__gene 19.3_rbs	546.000000	0.000000	0.000000
879.999000	__gene 19.5_rbs	545.000000	0.000000	0.000000
879.999000	__gene 19_rbs	570.000000	0.000000	0.000000
879.999000	__gene 2.5_rbs	127.000000	0.000000	0.000000
879.999000	__gene 2.8_rbs	124.000000	0.000000	0.000000
879.999000	__gene 3.8_rbs	140.000000	0.000000	0.000000
879.999000	__gene 3_rbs	121.000000	0.000000	0.000000
879.999000	__gene 4.2_rbs	151.000000	0.000000	0.000000
879.999000	__gene 4.3_rbs	153.000000	0.000000	0.000000
879.999000	__gene 4.5_rbs	177.000000	0.000000	0.000000
879.999000	__gene 4.7_rbs	176.000000	0.000000	0.000000
879.999000	__gene 4A_rbs	137.000000	0.000000	0.000000
879.999000	__gene 5.3_rbs	175.000000	0.000000	0.000000
879.999000	__gene 5.5_rbs	178.000000	0.000000	0.000000
879.999000	__gene 5.7_rbs	181.000000	0.000000	0.000000
879.999000	__gene 5.9_rbs	178.000000	0.000000	0.000000
879.999000	__gene 5_rbs	182.000000	0.000000	0.000000
879.999000	__gene 6.3_rbs	171.000000	0.000000	0.000000
879.999000	__gene 6.5_rbs	309.000000	0.000000	0.000000
879.999000	__gene 6.7_rbs	312.000000	0.000000	0.000000
879.999000	__gene 6_rbs	173.000000	0.000000	0.000000
879.999000	__gene 7.3_rbs	310.000000	0.000000	0.000000
879.999000	__gene 7.7_rbs	310.000000	0.000000	0.000000
879.999000	__gene 7_rbs	314.000000	0.000000	0.000000
879.999000	__gene 8_rbs	306.000000	0.000000	0.000000
879.999000	__gene 9_rbs	723.000000	0.000000	0.000000
879.999000	__gp-2_rbs	101.000000	0.000000	0.000000
879.999000	__lysozyme-3.5_rbs	121.000000	0.000000	0.000000
879.999000	__protein_kinase-0.7_rbs	12.000000	0.000000	0.000000
879.999000	__ribosome	7.000000	0.000000	0.000000
879.999000	__rnapol-1_rbs	11.000000	0.000000	0.000000
879.999000	bound_ecolipol	0.000000	0.000000	0.000000
879.999000	bound_ecolipol_p	973.000000	0.000000	0.000000
879.999000	bound_ribosome	5662.000000	0.000000	0.000000
879.999000	degraded_transcript	30989.000000	0.000000	0.000000
879.999000	ecoli_genome	827.000000	0.000000	0.000000
879.999000	ecoli_transcript	27247.000000	0.000000	0.000000
879.999000	ecolipol	0.000000	0.000000	0.000000
879.999000	ecolipol-2	0.000000	0.000000	0.000000
879.999000	ecolipol-2-p	814.000000	0.000000	0.000000
879.999000	ecolipol-p	12.000000	0.000000	0.000000
879.999000	gene 0.3	851.000000	12.000000	0.250000
879.999000	gene 1.1	1773.000000	56.000000	0.267857
879.999000	gene 1.2	1200.000000	34.000000	4.205882
879.999000	gene 1.3	1568.000000	72.000000	5.555556
879.999000	gene 1.4	1490.000000	60.000000	0.150000
879.999000	gene 1.7	2579.000000	108.000000	0.222222
879.999000	gene 1.8	2488.000000	108.000000	0.083333
879.999000	gene 10A	30610.000000	1457.000000	0.179135
879.999000	gene 11	4903.000000	229.000000	0.209607
879.999000	gene 12	4724.000000	228.000000	0.723684
879.999000	gene 13	8841.000000	461.000000	0.140998
879.999000	gene 14	8347.000000	460.000000	0.143478
879.999000	gene 15	8169.000000	456.000000	0.774123
879.999000	gene 16	7341.000000	437.000000	1.167048
879.999000	gene 17	9626.000000	600.000000	0.576667
879.999000	gene 17.5	9358.000000	587.000000	0.078365
879.999000	gene 18	9391.000000	584.000000	0.104452
879.999000	gene 18.5	9242.000000	582.000000	0.158076
879.999000	gene 18.7	9145.000000	582.000000	0.104811
879.999000	gene 19	8828.000000	580.000000	0.581034
879.999000	gene 19.2	8751.000000	570.000000	0.091228
879.999000	gene 19.3	8667.000000	562.000000	0.083630
879.999000	gene 19.5	8315.000000	554.000000	0.064982
879.999000	gene 2.5	2821.000000	127.000000	0.188976
879.999000	gene 2.8	2773.000000	124.000000	0.112903
879.999000	gene 3	2642.000000	123.000000	0.154472
879.999000	gene 3.8	3253.000000	142.000000	0.133803
879.999000	gene 4.2	3279.000000	155.000000	0.148387
879.999000	gene 4.3	3423.000000	155.000000	0.051613
879.999000	gene 4.5	3872.000000	178.000000	0.067416
879.999000	gene 4.7	3948.000000	177.000000	0.124294
879.999000	gene 4A	2975.000000	142.000000	0.556338
879.999000	gene 5	4031.000000	188.000000	0.803191
879.999000	gene 5.3	3909.000000	183.000000	0.131148
879.999000	gene 5.5	3877.000000	183.000000	0.087432
879.999000	gene 5.7	3815.000000	182.000000	0.043956
879.999000	gene 5.9	3807.000000	181.000000	0.066298
879.999000	gene 6	3729.000000	181.000000	0.298343
879.999000	gene 6.3	3860.000000	177.000000	0.045198
879.999000	gene 6.5	6821.000000	322.000000	0.108696
879.999000	gene 6.7	6787.000000	321.000000	0.087227
879.999000	gene 7	6658.000000	320.000000	0.134375
879.999000	gene 7.3	6728.000000	316.000000	0.075949
879.999000	gene 7.7	6698.000000	315.000000	0.120635
879.999000	gene 8	6268.000000	314.000000	0.563694
879.999000	gene 9	14586.000000	730.000000	0.249315
879.999000	gp-2	1580.000000	108.000000	0.037037
879.999000	lysozyme-3.5	2116.000000	123.000000	0.089431
879.999000	nonpref_charged	401.000000	0.000000	0.000000
879.999000	nonpref_uncharged	14599.000000	0.000000	0.000000
879.999000	pref_charged	21015.000000	0.000000	0.000000
879.999000	pref_uncharged	13985.000000	0.000000	0.000000
879.999000	protein_kinase-0.7	822.000000	12.000000	0.583333
879.999000	rnapol-1	0.000000	11.000000	12.727273
879.999000	rnapol-3.5	436.000000	0.000000	0.000000
884.999001	E. coli B promoter	1.000000	0.000000	0.000000
884.999001	E. coli C promoter	1.000000	0.000000	0.000000
884.999001	E. coli promoter A1	1.000000	0.000000	0.000000
884.999001	E. coli promoter A2	1.000000	0.000000	0.000000
884.999001	E. coli promoter A3	1.000000	0.000000	0.000000
884.999001	T7 promoter phi1.1A	1.000000	0.000000	0.000000
884.999001	T7 promoter phi1.1B	1.000000	0.000000	0.000000
884.999001	T7 promoter phi1.3	1.000000	0.000000	0.000000
884.999001	T7 promoter phi1.5	1.000000	0.000000	0.000000
884.999001	T7 promoter phi1.6	1.000000	0.000000	0.000000
884.999001	T7 promoter phi10	0.000000	0.000000	0.000000
884.999001	T7 promoter phi13	0.000000	0.000000	0.000000
884.999001	T7 promoter phi17	1.000000	0.000000	0.000000
884.999001	T7 promoter phi2.5	1.000000	0.000000	0.000000
884.999001	T7 promoter phi3.8	0.000000	0.000000	0.000000
884.999001	T7 promoter phi4.3	1.000000	0.000000	0.000000
884.999001	T7 promoter phi4.7	1.000000	0.000000	0.000000
884.999001	T7 promoter phi4c	1.000000	0.000000	0.000000
884.999001	T7 promoter phi6.5	0.000000	0.000000	0.000000
884.999001	T7 promoter phi9	0.000000	0.000000	0.000000
884.999001	__gene 0.3_rbs	12.000000	0.000000	0.000000
884.999001	__gene 1.1_rbs	48.000000	0.000000	0.000000
884.999001	__gene 1.2_rbs	26.000000	0.000000	0.000000
884.999001	__gene 1.3_rbs	64.000000	0.000000	0.000000
884.999001	__gene 1.4_rbs	59.000000	0.000000	0.000000
884.999001	__gene 1.7_rbs	107.000000	0.000000	0.000000
884.999001	__gene 1.8_rbs	107.000000	0.000000	0.000000
884.999001	__gene 10A_rbs	1458.000000	0.000000	0.000000
884.999001	__gene 11_rbs	229.000000	0.000000	0.000000
884.999001	__gene 12_rbs	226.000000	0.000000	0.000000
884.999001	__gene 13_rbs	461.000000	0.000000	0.000000
884.999001	__gene 14_rbs	455.000000	0.000000	0.000000
884.999001	__gene 15_rbs	451.000000	0.000000	0.000000
884.999001	__gene 16_rbs	445.000000	0.000000	0.000000
884.999001	__gene 17.5_rbs	589.000000	0.000000	0.000000
884.999001	__gene 17_rbs	604.000000	0.000000	0.000000
884.999001	__gene 18.5_rbs	583.000000	0.000000	0.000000
884.999001	__gene 18.7_rbs	567.000000	0.000000	0.000000
884.999001	__gene 18_rbs	575.000000	0.000000	0.000000
884.999001	__gene 19.2_rbs	563.000000	0.000000	0.000000
884.999001	__gene 19.3_rbs	564.000000	0.000000	0.000000
884.999001	__gene 19.5_rbs	556.000000	0.000000	0.000000
884.999001	__gene 19_rbs	583.000000	0.000000	0.000000
884.999001	__gene 2.5_rbs	127.000000	0.000000	0.000000
884.999001	__gene 2.8_rbs	127.000000	0.000000	0.000000
884.999001	__gene 3.8_rbs	143.000000	0.000000	0.000000
884.999001	__gene 3_rbs	121.000000	0.000000	0.000000
884.999001	__gene 4.2_rbs	151.000000	0.000000	0.000000
884.999001	__gene 4.3_rbs	153.000000	0.000000	0.000000
884.999001	__gene 4.5_rbs	176.000000	0.000000	0.000000
884.999001	__gene 4.7_rbs	176.000000	0.000000	0.000000
884.999001	__gene 4A_rbs	140.000000	0.000000	0.000000
884.999001	__gene 5.3_rbs	187.000000	0.000000	0.000000
884.999001	__gene 5.5_rbs	185.000000	0.000000	0.000000
884.999001	__gene 5.7_rbs	184.000000	0.000000	0.000000
884.999001	__gene 5.9_rbs	178.000000	0.000000	0.000000
884.999001	__gene 5_rbs	192.000000	0.000000	0.000000
884.999001	__gene 6.3_rbs	181.000000	0.000000	0.000000
884.999001	__gene 6.5_rbs	326.000000	0.000000	0.000000
884.999001	__gene 6.7_rbs	322.000000	0.000000	0.000000
884.999001	__gene 6_rbs	179.000000	0.000000	0.000000
884.999001	__gene 7.3_rbs	313.000000	0.000000	0.000000
884.999001	__gene 7.7_rbs	320.000000	0.000000	0.000000
884.999001	__gene 7_rbs	323.000000	0.000000	0.000000
884.999001	__gene 8_rbs	307.000000	0.000000	0.000000
884.999001	__gene 9_rbs	739.000000	0.000000	0.000000
884.999001	__gp-2_rbs	104.000000	0.000000	0.000000
884.999001	__lysozyme-3.5_rbs	121.000000	0.000000	0.000000
884.999001	__protein_kinase-0.7_rbs	12.000000	0.000000	0.000000
884.999001	__ribosome	6.000000	0.000000	0.000000
884.999001	__rnapol-1_rbs	10.000000	0.000000	0.000000
884.999001	bound_ecolipol	0.000000	0.000000	0.000000
884.999001	bound_ecolipol_p	962.000000	0.000000	0.000000
884.999001	bound_ribosome	5588.000000	0.000000	0.000000
884.999001	degraded_transcript	31282.000000	0.000000	0.000000
884.999001	ecoli_genome	838.000000	0.000000	0.000000
884.999001	ecoli_transcript	27241.000000	0.000000	0.000000
884.999001	ecolipol	0.000000	0.000000	0.000000
884.999001	ecolipol-2	0.000000	0.000000	0.000000
884.999001	ecolipol-2-p	828.000000	0.000000	0.000000
884.999001	ecolipol-p	9.000000	0.000000	0.000000
884.999001	gene 0.3	856.000000	12.000000	0.416667
884.999001	gene 1.1	1789.000000	56.000000	0.250000
884.999001	gene 1.2	1207.000000	34.000000	4.264706
884.999001	gene 1.3	1591.000000	72.000000	5.444444
884.999001	gene 1.4	1518.000000	61.000000	0.131148
884.999001	gene 1.7	2616.000000	109.000000	0.165138
884.999001	gene 1.8	2514.000000	108.000000	0.055556
884.999001	gene 10A	31129.000000	1479.000000	0.212306
884.999001	gene 11	5006.000000	230.000000	0.169565
884.999001	gene 12	4794.000000	230.000000	0.821739
884.999001	gene 13	8995.000000	471.000000	0.146497
884.999001	gene 14	8491.000000	466.000000	0.188841
884.999001	gene 15	8326.000000	462.000000	0.770563
884.999001	gene 16	7477.000000	449.000000	1.160356
884.999001	gene 17	9856.000000	609.000000	0.543514
884.999001	gene 17.5	9593.000000	596.000000	0.073826
884.999001	gene 18	9630.000000	594.000000	0.085859
884.999001	gene 18.5	9452.000000	590.000000	0.184746
884.999001	gene 18.7	9340.000000	589.000000	0.134126
884.999001	gene 19	9051.000000	587.000000	0.511073
884.999001	gene 19.2	8966.000000	582.000000	0.082474
884.999001	gene 19.3	8858.000000	579.000000	0.096718
884.999001	gene 19.5	8527.000000	566.000000	0.083039
884.999001	gene 2.5	2869.000000	128.000000	0.093750
884.999001	gene 2.8	2812.000000	127.000000	0.110236
884.999001	gene 3	2684.000000	127.000000	0.220472
884.999001	gene 3.8	3304.000000	145.000000	0.158621
884.999001	gene 4.2	3345.000000	156.000000	0.108974
884.999001	gene 4.3	3478.000000	155.000000	0.064516
884.999001	gene 4.5	3934.000000	178.000000	0.073034
884.999001	gene 4.7	4015.000000	178.000000	0.101124
884.999001	gene 4A	3033.000000	144.000000	0.506944
884.999001	gene 5	4110.000000	192.000000	0.760417
884.999001	gene 5.3	3971.000000	188.000000	0.117021
884.999001	gene 5.5	3945.000000	187.000000	0.085561
884.999001	gene 5.7	3879.000000	185.000000	0.064865
884.999001	gene 5.9	3878.000000	185.000000	0.037838
884.999001	gene 6	3805.000000	184.000000	0.260870
884.999001	gene 6.3	3930.000000	182.000000	0.043956
884.999001	gene 6.5	6940.000000	331.000000	0.081571
884.999001	gene 6.7	6916.000000	330.000000	0.057576
884.999001	gene 7	6770.000000	329.000000	0.164134
884.999001	gene 7.3	6840.000000	323.000000	0.114551
884.999001	gene 7.7	6794.000000	321.000000	0.102804
884.999001	gene 8	6396.000000	320.000000	0.446875
884.999001	gene 9	14858.000000	742.000000	0.293801
884.999001	gp-2	1602.000000	108.000000	0.074074
884.999001	lysozyme-3.5	2151.000000	125.000000	0.144000
884.999001	nonpref_charged	391.000000	0.000000	0.000000
884.999001	nonpref_uncharged	14609.000000	0.000000	0.000000
884.999001	pref_charged	20760.000000	0.000000	0.000000
884.999001	pref_uncharged	14240.000000	0.000000	0.000000
884.999001	protein_kinase-0.7	823.000000	12.000000	0.916667
884.999001	rnapol-1	0.000000	11.000000	12.909091
884.999001	rnapol-3.5	432.000000	0.000000	0.000000
889.999001	E. coli B promoter	1.000000	0.000000	0.000000
889.999001	E. coli C promoter	1.000000	0.000000	0.000000
889.999001	E. coli promoter A1	1.000000	0.000000	0.000000
889.999001	E. coli promoter A2	1.000000	0.000000	0.000000
889.999001	E. coli promoter A3	1.000000	0.000000	0.000000
889.999001	T7 promoter phi1.1A	1.000000	0.000000	0.000000
889.999001	T7 promoter phi1.1B	1.000000	0.000000	0.000000
889.999001	T7 promoter phi1.3	0.000000	0.000000	0.000000
889.999001	T7 promoter phi1.5	1.000000	0.000000	0.000000
889.999001	T7 promoter phi1.6	1.000000	0.000000	0.000000
889.999001	T7 promoter phi10	1.000000	0.000000	0.000000
889.999001	T7 promoter phi13	0.000000	0.000000	0.000000
889.999001	T7 promoter phi17	1.000000	0.000000	0.000000
889.999001	T7 promoter phi2.5	1.000000	0.000000	0.000000
889.999001	T7 promoter phi3.8	0.000000	0.000000	0.000000
889.999001	T7 promoter phi4.3	0.000000	0.000000	0.000000
889.999001	T7 promoter phi4.7	1.000000	0.000000	0.000000
889.999001	T7 promoter phi4c	1.000000	0.000000	0.000000
889.999001	T7 promoter phi6.5	0.000000	0.000000	0.000000
889.999001	T7 promoter phi9	0.000000	0.000000	0.000000
889.999001	__gene 0.3_rbs	12.000000	0.000000	0.000000
889.999001	__gene 1.1_rbs	48.000000	0.000000	0.000000
889.999001	__gene 1.2_rbs	26.000000	0.000000	0.000000
889.999001	__gene 1.3_rbs	63.000000	0.000000	0.000000
889.999001	__gene 1.4_rbs	60.000000	0.000000	0.000000
889.999001	__gene 1.7_rbs	107.000000	0.000000	0.000000
889.999001	__gene 1.8_rbs	104.000000	0.000000	0.000000
889.999001	__gene 10A_rbs	1487.000000	0.000000	0.000000
889.999001	__gene 11_rbs	229.000000	0.000000	0.000000
889.999001	__gene 12_rbs	224.000000	0.000000	0.000000
889.999001	__gene 13_rbs	471.000000	0.000000	0.000000
889.999001	__gene 14_rbs	468.000000	0.000000	0.000000
889.999001	__gene 15_rbs	460.000000	0.000000	0.000000
889.999001	__gene 16_rbs	449.000000	0.000000	0.000000
889.999001	__gene 17.5_rbs	593.000000	0.000000	0.000000
889.999001	__gene 17_rbs	615.000000	0.000000	0.000000
889.999001	__gene 18.5_rbs	592.000000	0.000000	0.000000
889.999001	__gene 18.7_rbs	573.000000	0.000000	0.000000
889.999001	__gene 18_rbs	577.000000	0.000000	0.000000
889.999001	__gene 19.2_rbs	571.000000	0.000000	0.000000
889.999001	__gene 19.3_rbs	570.000000	0.000000	0.000000
889.999001	__gene 19.5_rbs	576.000000	0.000000	0.000000
889.999001	__gene 19_rbs	588.000000	0.000000	0.000000
889.999001	__gene 2.5_rbs	130.000000	0.000000	0.000000
889.999001	__gene 2.8_rbs	125.000000	0.000000	0.000000
889.999001	__gene 3.8_rbs	147.000000	0.000000	0.000000
889.999001	__gene 3_rbs	125.000000	0.000000	0.000000
889.999001	__gene 4.2_rbs	153.000000	0.000000	0.000000
889.999001	__gene 4.3_rbs	154.000000	0.000000	0.000000
889.999001	__gene 4.5_rbs	178.000000	0.000000	0.000000
889.999001	__gene 4.7_rbs	176.000000	0.000000	0.000000
889.999001	__gene 4A_rbs	142.000000	0.000000	0.000000
889.999001	__gene 5.3_rbs	189.000000	0.000000	0.000000
889.999001	__gene 5.5_rbs	185.000000	0.000000	0.000000
889.999001	__gene 5.7_rbs	186.000000	0.000000	0.000000
889.999001	__gene 5.9_rbs	183.000000	0.000000	0.000000
889.999001	__gene 5_rbs	190.000000	0.000000	0.000000
889.999001	__gene 6.3_rbs	176.000000	0.000000	0.000000
889.999001	__gene 6.5_rbs	329.000000	0.000000	0.000000
889.999001	__gene 6.7_rbs	332.000000	0.000000	0.000000
889.999001	__gene 6_rbs	180.000000	0.000000	0.000000
889.999001	__gene 7.3_rbs	327.000000	0.000000	0.000000
889.999001	__gene 7.7_rbs	324.000000	0.000000	0.000000
889.999001	__gene 7_rbs	324.000000	0.000000	0.000000
889.999001	__gene 8_rbs	320.000000	0.000000	0.000000
889.999001	__gene 9_rbs	747.000000	0.000000	0.000000
889.999001	__gp-2_rbs	107.000000	0.000000	0.000000
889.999001	__lysozyme-3.5_rbs	126.000000	0.000000	0.000000
889.999001	__protein_kinase-0.7_rbs	12.000000	0.000000	0.000000
889.999001	__ribosome	5.000000	0.000000	0.000000
889.999001	__rnapol-1_rbs	9.000000	0.000000	0.000000
889.999001	bound_ecolipol	0.000000	0.000000	0.000000
889.999001	bound_ecolipol_p	956.000000	0.000000	0.000000
889.999001	bound_ribosome	5510.000000	0.000000	0.000000
889.999001	degraded_transcript	31525.000000	0.000000	0.000000
889.999001	ecoli_genome	844.000000	0.000000	0.000000
889.999001	ecoli_transcript	27277.000000	0.000000	0.000000
889.999001	ecolipol	0.000000	0.000000	0.000000
889.999001	ecolipol-2	0.000000	0.000000	0.000000
889.999001	ecolipol-2-p	836.000000	0.000000	0.000000
889.999001	ecolipol-p	7.000000	0.000000	0.000000
889.999001	gene 0.3	864.000000	12.000000	0.083333
889.999001	gene 1.1	1806.000000	56.000000	0.250000
889.999001	gene 1.2	1215.000000	34.000000	4.264706
889.999001	gene 1.3	1607.000000	73.000000	5.410959
889.999001	gene 1.4	1541.000000	61.000000	0.098361
889.999001	gene 1.7	2655.000000	110.000000	0.327273
889.999001	gene 1.8	2549.000000	110.000000	0.063636
889.999001	gene 10A	31696.000000	1496.000000	0.199198
889.999001	gene 11	5092.000000	232.000000	0.142241
889.999001	gene 12	4879.000000	230.000000	0.821739
889.999001	gene 13	9157.000000	477.000000	0.159329
889.999001	gene 14	8665.000000	476.000000	0.153361
889.999001	gene 15	8508.000000	473.000000	0.756871
889.999001	gene 16	7639.000000	456.000000	1.142544
889.999001	gene 17	10079.000000	618.000000	0.579288
889.999001	gene 17.5	9792.000000	603.000000	0.076285
889.999001	gene 18	9827.000000	602.000000	0.093023
889.999001	gene 18.5	9690.000000	600.000000	0.161667
889.999001	gene 18.7	9569.000000	599.000000	0.116861
889.999001	gene 19	9247.000000	596.000000	0.560403
889.999001	gene 19.2	9164.000000	590.000000	0.108475
889.999001	gene 19.3	9064.000000	587.000000	0.078365
889.999001	gene 19.5	8777.000000	582.000000	0.058419
889.999001	gene 2.5	2905.000000	131.000000	0.167939
889.999001	gene 2.8	2855.000000	127.000000	0.173228
889.999001	gene 3	2741.000000	128.000000	0.125000
889.999001	gene 3.8	3352.000000	148.000000	0.175676
889.999001	gene 4.2	3404.000000	158.000000	0.044304
889.999001	gene 4.3	3537.000000	157.000000	0.076433
889.999001	gene 4.5	3999.000000	179.000000	0.083799
889.999001	gene 4.7	4084.000000	179.000000	0.145251
889.999001	gene 4A	3072.000000	147.000000	0.612245
889.999001	gene 5	4191.000000	192.000000	0.604167
889.999001	gene 5.3	4031.000000	190.000000	0.121053
889.999001	gene 5.5	4011.000000	188.000000	0.122340
889.999001	gene 5.7	3963.000000	188.000000	0.069149
889.999001	gene 5.9	3938.000000	188.000000	0.074468
889.999001	gene 6	3866.000000	188.000000	0.404255
889.999001	gene 6.3	3993.000000	185.000000	0.048649
889.999001	gene 6.5	7051.000000	337.000000	0.086053
889.999001	gene 6.7	7015.000000	335.000000	0.122388
889.999001	gene 7	6899.000000	335.000000	0.155224
889.999001	gene 7.3	6993.000000	333.000000	0.081081
889.999001	gene 7.7	6891.000000	330.000000	0.181818
889.999001	gene 8	6485.000000	328.000000	0.472561
889.999001	gene 9	15158.000000	754.000000	0.225464
889.999001	gp-2	1646.000000	110.000000	0.072727
889.999001	lysozyme-3.5	2204.000000	128.000000	0.140625
889.999001	nonpref_charged	406.000000	0.000000	0.000000
889.999001	nonpref_uncharged	14594.000000	0.000000	0.000000
889.999001	pref_charged	20703.000000	0.000000	0.000000
889.999001	pref_uncharged	14297.000000	0.000000	0.000000
889.999001	protein_kinase-0.7	827.000000	12.000000	1.000000
889.999001	rnapol-1	1.000000	11.000000	13.272727
889.999001	rnapol-3.5	440.000000	0.000000	0.000000
894.999000	E. coli B promoter	1.000000	0.000000	0.000000
894.999000	E. coli C promoter	1.000000	0.000000	0.000000
894.999000	E. coli promoter A1	1.000000	0.000000	0.000000
894.999000	E. coli promoter A2	1.000000	0.000000	0.000000
894.999000	E. coli promoter A3	1.000000	0.000000	0.000000
894.999000	T7 promoter phi1.1A	1.000000	0.000000	0.000000
894.999000	T7 promoter phi1.1B	1.000000	0.000000	0.000000
894.999000	T7 promoter phi1.3	1.000000	0.000000	0.000000
894.999000	T7 promoter phi1.5	1.000000	0.000000	0.000000
894.999000	T7 promoter phi1.6	0.000000	0.000000	0.000000
894.999000	T7 promoter phi10	0.000000	0.000000	0.000000
894.999000	T7 promoter phi13	1.000000	0.000000	0.000000
894.999000	T7 promoter phi17	1.000000	0.000000	0.000000
894.999000	T7 promoter phi2.5	1.000000	0.000000	0.000000
894.999000	T7 promoter phi3.8	1.000000	0.000000	0.000000
894.999000	T7 promoter phi4.3	1.000000	0.000000	0.000000
894.999000	T7 promoter phi4.7	1.000000	0.000000	0.000000
894.999000	T7 promoter phi4c	0.000000	0.000000	0.000000
894.999000	T7 promoter phi6.5	1.000000	0.000000	0.000000
894.999000	T7 promoter phi9	0.000000	0.000000	0.000000
894.999000	__gene 0.3_rbs	12.000000	0.000000	0.000000
894.999000	__gene 1.1_rbs	48.000000	0.000000	0.000000
894.999000	__gene 1.2_rbs	26.000000	0.000000	0.000000
894.999000	__gene 1.3_rbs	64.000000	0.000000	0.000000
894.999000	__gene 1.4_rbs	61.000000	0.000000	0.000000
894.999000	__gene 1.7_rbs	110.000000	0.000000	0.000000
894.999000	__gene 1.8_rbs	106.000000	0.000000	0.000000
894.999000	__gene 10A_rbs	1504.000000	0.000000	0.000000
894.999000	__gene 11_rbs	231.000000	0.000000	0.000000
894.999000	__gene 12_rbs	230.000000	0.000000	0.000000
894.999000	__gene 13_rbs	481.000000	0.000000	0.000000
894.999000	__gene 14_rbs	477.000000	0.000000	0.000000
894.999000	__gene 15_rbs	470.000000	0.000000	0.000000
894.999000	__gene 16_rbs	457.000000	0.000000	0.000000
894.999000	__gene 17.5_rbs	603.000000	0.000000	0.000000
894.999000	__gene 17_rbs	622.000000	0.000000	0.000000
894.999000	__gene 18.5_rbs	602.000000	0.000000	0.000000
894.999000	__gene 18.7_rbs	580.000000	0.000000	0.000000
894.999000	__gene 18_rbs	592.000000	0.000000	0.000000
894.999000	__gene 19.2_rbs	579.000000	0.000000	0.000000
894.999000	__gene 19.3_rbs	573.000000	0.000000	0.000000
894.999000	__gene 19.5_rbs	583.000000	0.000000	0.000000
894.999000	__gene 19_rbs	590.000000	0.000000	0.000000
894.999000	__gene 2.5_rbs	130.000000	0.000000	0.000000
894.999000	__gene 2.8_rbs	130.000000	0.000000	0.000000
894.999000	__gene 3.8_rbs	149.000000	0.000000	0.000000
894.999000	__gene 3_rbs	127.000000	0.000000	0.000000
894.999000	__gene 4.2_rbs	152.000000	0.000000	0.000000
894.999000	__gene 4.3_rbs	157.000000	0.000000	0.000000
894.999000	__gene 4.5_rbs	181.000000	0.000000	0.000000
894.999000	__gene 4.7_rbs	179.000000	0.000000	0.000000
894.999000	__gene 4A_rbs	147.000000	0.000000	0.000000
894.999000	__gene 5.3_rbs	191.000000	0.000000	0.000000
894.999000	__gene 5.5_rbs	186.000000	0.000000	0.000000
894.999000	__gene 5.7_rbs	188.000000	0.000000	0.000000
894.999000	__gene 5.9_rbs	183.000000	0.000000	0.000000
894.999000	__gene 5_rbs	192.000000	0.000000	0.000000
894.999000	__gene 6.3_rbs	185.000000	0.000000	0.000000
894.999000	__gene 6.5_rbs	340.000000	0.000000	0.000000
894.999000	__gene 6.7_rbs	337.000000	0.000000	0.000000
894.999000	__gene 6_rbs	183.000000	0.000000	0.000000
894.999000	__gene 7.3_rbs	333.000000	0.000000	0.000000
894.999000	__gene 7.7_rbs	334.000000	0.000000	0.000000
894.999000	__gene 7_rbs	332.000000	0.000000	0.000000
894.999000	__gene 8_rbs	323.000000	0.000000	0.000000
894.999000	__gene 9_rbs	761.000000	0.000000	0.000000
894.999000	__gp-2_rbs	107.000000	0.000000	0.000000
894.999000	__lysozyme-3.5_rbs	124.000000	0.000000	0.000000
894.999000	__protein_kinase-0.7_rbs	12.000000	0.000000	0.000000
894.999000	__ribosome	6.000000	0.000000	0.000000
894.999000	__rnapol-1_rbs	10.000000	0.000000	0.000000
894.999000	bound_ecolipol	0.000000	0.000000	0.000000
894.999000	bound_ecolipol_p	928.000000	0.000000	0.000000
894.999000	bound_ribosome	5441.000000	0.000000	0.000000
894.999000	degraded_transcript	31778.000000	0.000000	0.000000
894.999000	ecoli_genome	872.000000	0.000000	0.000000
894.999000	ecoli_transcript	27305.000000	0.000000	0.000000
894.999000	ecolipol	0.000000	0.000000	0.000000
894.999000	ecolipol-2	0.000000	0.000000	0.000000
894.999000	ecolipol-2-p	862.000000	0.000000	0.000000
894.999000	ecolipol-p	9.000000	0.000000	0.000000
894.999000	gene 0.3	867.000000	12.000000	0.333333
894.999000	gene 1.1	1825.000000	56.000000	0.250000
894.999000	gene 1.2	1224.000000	34.000000	4.294118
894.999000	gene 1.3	1624.000000	74.000000	5.472973
894.999000	gene 1.4	1566.000000	63.000000	0.063492
894.999000	gene 1.7	2711.000000	111.000000	0.252252
894.999000	gene 1.8	2588.000000	111.000000	0.054054
894.999000	gene 10A	32231.000000	1518.000000	0.212780
894.999000	gene 11	5162.000000	235.000000	0.191489
894.999000	gene 12	4969.000000	232.000000	0.823276
894.999000	gene 13	9339.000000	486.000000	0.117284
894.999000	gene 14	8802.000000	482.000000	0.165975
894.999000	gene 15	8657.000000	478.000000	0.807531
894.999000	gene 16	7785.000000	462.000000	1.158009
894.999000	gene 17	10320.000000	625.000000	0.542400
894.999000	gene 17.5	10000.000000	612.000000	0.075163
894.999000	gene 18	10046.000000	611.000000	0.099836
894.999000	gene 18.5	9899.000000	609.000000	0.197044
894.999000	gene 18.7	9766.000000	608.000000	0.087171
894.999000	gene 19	9455.000000	604.000000	0.597682
894.999000	gene 19.2	9372.000000	600.000000	0.096667
894.999000	gene 19.3	9284.000000	596.000000	0.077181
894.999000	gene 19.5	8995.000000	588.000000	0.056122
894.999000	gene 2.5	2957.000000	131.000000	0.129771
894.999000	gene 2.8	2901.000000	131.000000	0.206107
894.999000	gene 3	2775.000000	131.000000	0.167939
894.999000	gene 3.8	3409.000000	150.000000	0.120000
894.999000	gene 4.2	3456.000000	160.000000	0.087500
894.999000	gene 4.3	3602.000000	160.000000	0.043750
894.999000	gene 4.5	4061.000000	181.000000	0.038674
894.999000	gene 4.7	4155.000000	181.000000	0.149171
894.999000	gene 4A	3130.000000	150.000000	0.620000
894.999000	gene 5	4262.000000	195.000000	0.589744
894.999000	gene 5.3	4083.000000	192.000000	0.125000
894.999000	gene 5.5	4076.000000	192.000000	0.130208
894.999000	gene 5.7	4014.000000	191.000000	0.052356
894.999000	gene 5.9	4001.000000	190.000000	0.068421
894.999000	gene 6	3947.000000	190.000000	0.321053
894.999000	gene 6.3	4061.000000	188.000000	0.037234
894.999000	gene 6.5	7177.000000	344.000000	0.078488
894.999000	gene 6.7	7139.000000	344.000000	0.107558
894.999000	gene 7	7033.000000	342.000000	0.140351
894.999000	gene 7.3	7107.000000	340.000000	0.079412
894.999000	gene 7.7	7014.000000	337.000000	0.142433
894.999000	gene 8	6581.000000	335.000000	0.492537
894.999000	gene 9	15421.000000	765.000000	0.253595
894.999000	gp-2	1668.000000	111.000000	0.090090
894.999000	lysozyme-3.5	2250.000000	129.000000	0.108527
894.999000	nonpref_charged	403.000000	0.000000	0.000000
894.999000	nonpref_uncharged	14597.000000	0.000000	0.000000
894.999000	pref_charged	20486.000000	0.000000	0.000000
894.999000	pref_uncharged	14514.000000	0.000000	0.000000
894.999000	protein_kinase-0.7	836.000000	12.000000	0.500000
894.999000	rnapol-1	0.000000	11.000000	13.545455
894.999000	rnapol-3.5	440.000000	0.000000	0.000000
899.999001	E. coli B promoter	1.000000	0.000000	0.000000
899.999001	E. coli C promoter	1.000000	0.000000	0.000000
899.999001	E. coli promoter A1	1.000000	0.000000	0.000000
899.999001	E. coli promoter A2	1.000000	0.000000	0.000000
899.999001	E. coli promoter A3	1.000000	0.000000	0.000000
899.999001	T7 promoter phi1.1A	1.000000	0.000000	0.000000
899.999001	T7 promoter phi1.1B	1.000000	0.000000	0.000000
899.999001	T7 promoter phi1.3	1.000000	0.000000	0.000000
899.999001	T7 promoter phi1.5	1.000000	0.000000	0.000000
899.999001	T7 promoter phi1.6	1.000000	0.000000	0.000000
899.999001	T7 promoter phi10	0.000000	0.000000	0.000000
899.999001	T7 promoter phi13	1.000000	0.000000	0.000000
899.999001	T7 promoter phi17	0.000000	0.000000	0.000000
899.999001	T7 promoter phi2.5	1.000000	0.000000	0.000000
899.999001	T7 promoter phi3.8	1.000000	0.000000	0.000000
899.999001	T7 promoter phi4.3	1.000000	0.000000	0.000000
899.999001	T7 promoter phi4.7	1.000000	0.000000	0.000000
899.999001	T7 promoter phi4c	1.000000	0.000000	0.000000
899.999001	T7 promoter phi6.5	1.000000	0.000000	0.000000
899.999001	T7 promoter phi9	1.000000	0.000000	0.000000
899.999001	__gene 0.3_rbs	12.000000	0.000000	0.000000
899.999001	__gene 1.1_rbs	48.000000	0.000000	0.000000
899.999001	__gene 1.2_rbs	26.000000	0.000000	0.000000
899.999001	__gene 1.3_rbs	64.000000	0.000000	0.000000
899.999001	__gene 1.4_rbs	61.000000	0.000000	0.000000
899.999001	__gene 1.7_rbs	109.000000	0.000000	0.000000
899.999001	__gene 1.8_rbs	106.000000	0.000000	0.000000
899.999001	__gene 10A_rbs	1525.000000	0.000000	0.000000
899.999001	__gene 11_rbs	233.000000	0.000000	0.000000
899.999001	__gene 12_rbs	232.000000	0.000000	0.000000
899.999001	__gene 13_rbs	480.000000	0.000000	0.000000
899.999001	__gene 14_rbs	480.000000	0.000000	0.000000
899.999001	__gene 15_rbs	472.000000	0.000000	0.000000
899.999001	__gene 16_rbs	462.000000	0.000000	0.000000
899.999001	__gene 17.5_rbs	612.000000	0.000000	0.000000
899.999001	__gene 17_rbs	626.000000	0.000000	0.000000
899.999001	__gene 18.5_rbs	609.000000	0.000000	0.000000
899.999001	__gene 18.7_rbs	597.000000	0.000000	0.000000
899.999001	__gene 18_rbs	600.000000	0.000000	0.000000
899.999001	__gene 19.2_rbs	587.000000	0.000000	0.000000
899.999001	__gene 19.3_rbs	578.000000	0.000000	0.000000
899.999001	__gene 19.5_rbs	591.000000	0.000000	0.000000
899.999001	__gene 19_rbs	602.000000	0.000000	0.000000
899.999001	__gene 2.5_rbs	132.000000	0.000000	0.000000
899.999001	__gene 2.8_rbs	129.000000	0.000000	0.000000
899.999001	__gene 3.8_rbs	151.000000	0.000000	0.000000
899.999001	__gene 3_rbs	126.000000	0.000000	0.000000
899.999001	__gene 4.2_rbs	160.000000	0.000000	0.000000
899.999001	__gene 4.3_rbs	160.000000	0.000000	0.000000
899.999001	__gene 4.5_rbs	184.000000	0.000000	0.000000
899.999001	__gene 4.7_rbs	184.000000	0.000000	0.000000
899.999001	__gene 4A_rbs	146.000000	0.000000	0.000000
899.999001	__gene 5.3_rbs	191.000000	0.000000	0.000000
899.999001	__gene 5.5_rbs	188.000000	0.000000	0.000000
899.999001	__gene 5.7_rbs	190.000000	0.000000	0.000000
899.999001	__gene 5.9_rbs	189.000000	0.000000	0.000000
899.999001	__gene 5_rbs	195.000000	0.000000	0.000000
899.999001	__gene 6.3_rbs	185.000000	0.000000	0.000000
899.999001	__gene 6.5_rbs	341.000000	0.000000	0.000000
899.999001	__gene 6.7_rbs	335.000000	0.000000	0.000000
899.999001	__gene 6_rbs	189.000000	0.000000	0.000000
899.999001	__gene 7.3_rbs	336.000000	0.000000	0.000000
899.999001	__gene 7.7_rbs	340.000000	0.000000	0.000000
899.999001	__gene 7_rbs	337.000000	0.000000	0.000000
899.999001	__gene 8_rbs	329.000000	0.000000	0.000000
899.999001	__gene 9_rbs	767.000000	0.000000	0.000000
899.999001	__gp-2_rbs	110.000000	0.000000	0.000000
899.999001	__lysozyme-3.5_rbs	126.000000	0.000000	0.000000
899.999001	__protein_kinase-0.7_rbs	12.000000	0.000000	0.000000
899.999001	__ribosome	4.000000	0.000000	0.000000
899.999001	__rnapol-1_rbs	12.000000	0.000000	0.000000
899.999001	bound_ecolipol	0.000000	0.000000	0.000000
899.999001	bound_ecolipol_p	952.000000	0.000000	0.000000
899.999001	bound_ribosome	5309.000000	0.000000	0.000000
899.999001	degraded_transcript	32035.000000	0.000000	0.000000
899.999001	ecoli_genome	848.000000	0.000000	0.000000
899.999001	ecoli_transcript	27356.000000	0.000000	0.000000
899.999001	ecolipol	0.000000	0.000000	0.000000
899.999001	ecolipol-2	0.000000	0.000000	0.000000
899.999001	ecolipol-2-p	836.000000	0.000000	0.000000
899.999001	ecolipol-p	11.000000	0.000000	0.000000
899.999001	gene 0.3	871.000000	12.000000	0.416667
899.999001	gene 1.1	1839.000000	56.000000	0.267857
899.999001	gene 1.2	1232.000000	34.000000	4.323529
899.999001	gene 1.3	1648.000000	74.000000	5.472973
899.999001	gene 1.4	1589.000000	63.000000	0.047619
899.999001	gene 1.7	2753.000000	113.000000	0.212389
899.999001	gene 1.8	2626.000000	113.000000	0.079646
899.999001	gene 10A	32763.000000	1539.000000	0.213125
899.999001	gene 11	5240.000000	238.000000	0.218487
899.999001	gene 12	5043.000000	237.000000	0.873418
899.999001	gene 13	9479.000000	489.000000	0.165644
899.999001	gene 14	8954.000000	488.000000	0.161885
899.999001	gene 15	8833.000000	486.000000	0.757202
899.999001	gene 16	7908.000000	473.000000	1.190275
899.999001	gene 17	10563.000000	633.000000	0.521327
899.999001	gene 17.5	10220.000000	620.000000	0.070968
899.999001	gene 18	10265.000000	620.000000	0.100000
899.999001	gene 18.5	10156.000000	617.000000	0.197731
899.999001	gene 18.7	9956.000000	617.000000	0.103728
899.999001	gene 19	9679.000000	614.000000	0.579805
899.999001	gene 19.2	9578.000000	609.000000	0.082102
899.999001	gene 19.3	9497.000000	604.000000	0.079470
899.999001	gene 19.5	9225.000000	599.000000	0.051753
899.999001	gene 2.5	2999.000000	134.000000	0.223881
899.999001	gene 2.8	2961.000000	133.000000	0.225564
899.999001	gene 3	2820.000000	131.000000	0.137405
899.999001	gene 3.8	3454.000000	153.000000	0.150327
899.999001	gene 4.2	3505.000000	165.000000	0.133333
899.999001	gene 4.3	3663.000000	164.000000	0.060976
899.999001	gene 4.5	4107.000000	187.000000	0.080214
899.999001	gene 4.7	4229.000000	184.000000	0.103261
899.999001	gene 4A	3180.000000	152.000000	0.592105
899.999001	gene 5	4311.000000	199.000000	0.743719
899.999001	gene 5.3	4138.000000	192.000000	0.109375
899.999001	gene 5.5	4144.000000	192.000000	0.083333
899.999001	gene 5.7	4087.000000	192.000000	0.072917
899.999001	gene 5.9	4075.000000	192.000000	0.031250
899.999001	gene 6	4028.000000	192.000000	0.302083
899.999001	gene 6.3	4129.000000	191.000000	0.052356
899.999001	gene 6.5	7300.000000	348.000000	0.129310
899.999001	gene 6.7	7263.000000	347.000000	0.115274
899.999001	gene 7	7149.000000	346.000000	0.135838
899.999001	gene 7.3	7256.000000	344.000000	0.095930
899.999001	gene 7.7	7122.000000	344.000000	0.162791
899.999001	gene 8	6690.000000	342.000000	0.467836
899.999001	gene 9	15683.000000	778.000000	0.260925
899.999001	gp-2	1737.000000	112.000000	0.053571
899.999001	lysozyme-3.5	2297.000000	131.000000	0.106870
899.999001	nonpref_charged	376.000000	0.000000	0.000000
899.999001	nonpref_uncharged	14624.000000	0.000000	0.000000
899.999001	pref_charged	20752.000000	0.000000	0.000000
899.999001	pref_uncharged	14248.000000	0.000000	0.000000
899.999001	protein_kinase-0.7	840.000000	12.000000	0.500000
899.999001	rnapol-1	0.000000	11.000000	14.000000
899.999001	rnapol-3.5	441.000000	0.000000	0.000000
904.999000	E. coli B promoter	1.000000	0.000000	0.000000
904.999000	E. coli C promoter	1.000000	0.000000	0.000000
904.999000	E. coli promoter A1	1.000000	0.000000	0.000000
904.999000	E. coli promoter A2	1.000000	0.000000	0.000000
904.999000	E. coli promoter A3	1.000000	0.000000	0.000000
904.999000	T7 promoter phi1.1A	1.000000	0.000000	0.000000
904.999000	T7 promoter phi1.1B	1.000000	0.000000	0.000000
904.999000	T7 promoter phi1.3	1.000000	0.000000	0.000000
904.999000	T7 promoter phi1.5	1.000000	0.000000	0.000000
904.999000	T7 promoter phi1.6	1.000000	0.000000	0.000000
904.999000	T7 promoter phi10	1.000000	0.000000	0.000000
904.999000	T7 promoter phi13	1.000000	0.000000	0.000000
904.999000	T7 promoter phi17	0.000000	0.000000	0.000000
904.999000	T7 promoter phi2.5	0.000000	0.000000	0.000000
904.999000	T7 promoter phi3.8	0.000000	0.000000	0.000000
904.999000	T7 promoter phi4.3	1.000000	0.000000	0.000000
904.999000	T7 promoter phi4.7	1.000000	0.000000	0.000000
904.999000	T7 promoter phi4c	1.000000	0.000000	0.000000
904.999000	T7 promoter phi6.5	1.000000	0.000000	0.000000
904.999000	T7 promoter phi9	0.000000	0.000000	0.000000
904.999000	__gene 0.3_rbs	12.000000	0.000000	0.000000
904.999000	__gene 1.1_rbs	48.000000	0.000000	0.000000
904.999000	__gene 1.2_rbs	26.000000	0.000000	0.000000
904.999000	__gene 1.3_rbs	65.000000	0.000000	0.000000
904.999000	__gene 1.4_rbs	63.000000	0.000000	0.000000
904.999000	__gene 1.7_rbs	111.000000	0.000000	0.000000
904.999000	__gene 1.8_rbs	103.000000	0.000000	0.000000
904.999000	__gene 10A_rbs	1545.000000	0.000000	0.000000
904.999000	__gene 11_rbs	236.000000	0.000000	0.000000
904.999000	__gene 12_rbs	239.000000	0.000000	0.000000
904.999000	__gene 13_rbs	484.000000	0.000000	0.000000
904.999000	__gene 14_rbs	478.000000	0.000000	0.000000
904.999000	__gene 15_rbs	475.000000	0.000000	0.000000
904.999000	__gene 16_rbs	470.000000	0.000000	0.000000
904.999000	__gene 17.5_rbs	621.000000	0.000000	0.000000
904.999000	__gene 17_rbs	644.000000	0.000000	0.000000
904.999000	__gene 18.5_rbs	613.000000	0.000000	0.000000
904.999000	__gene 18.7_rbs	604.000000	0.000000	0.000000
904.999000	__gene 18_rbs	610.000000	0.000000	0.000000
904.999000	__gene 19.2_rbs	602.000000	0.000000	0.000000
904.999000	__gene 19.3_rbs	591.000000	0.000000	0.000000
904.999000	__gene 19.5_rbs	595.000000	0.000000	0.000000
904.999000	__gene 19_rbs	611.000000	0.000000	0.000000
904.999000	__gene 2.5_rbs	137.000000	0.000000	0.000000
904.999000	__gene 2.8_rbs	135.000000	0.000000	0.000000
904.999000	__gene 3.8_rbs	151.000000	0.000000	0.000000
904.999000	__gene 3_rbs	131.000000	0.000000	0.000000
904.999000	__gene 4.2_rbs	159.000000	0.000000	0.000000
904.999000	__gene 4.3_rbs	157.000000	0.000000	0.000000
904.999000	__gene 4.5_rbs	188.000000	0.000000	0.000000
904.999000	__gene 4.7_rbs	190.000000	0.000000	0.000000
904.999000	__gene 4A_rbs	146.000000	0.000000	0.000000
904.999000	__gene 5.3_rbs	193.000000	0.000000	0.000000
904.999000	__gene 5.5_rbs	189.000000	0.000000	0.000000
904.999000	__gene 5.7_rbs	190.000000	0.000000	0.000000
904.999000	__gene 5.9_rbs	189.000000	0.000000	0.000000
904.999000	__gene 5_rbs	199.000000	0.000000	0.000000
904.999000	__gene 6.3_rbs	188.000000	0.000000	0.000000
904.999000	__gene 6.5_rbs	348.000000	0.000000	0.000000
904.999000	__gene 6.7_rbs	346.000000	0.000000	0.000000
904.999000	__gene 6_rbs	189.000000	0.000000	0.000000
904.999000	__gene 7.3_rbs	337.000000	0.000000	0.000000
904.999000	__gene 7.7_rbs	343.000000	0.000000	0.000000
904.999000	__gene 7_rbs	338.000000	0.000000	0.000000
904.999000	__gene 8_rbs	337.000000	0.000000	0.000000
904.999000	__gene 9_rbs	782.000000	0.000000	0.000000
904.999000	__gp-2_rbs	108.000000	0.000000	0.000000
904.999000	__lysozyme-3.5_rbs	132.000000	0.000000	0.000000
904.999000	__protein_kinase-0.7_rbs	12.000000	0.000000	0.000000
904.999000	__ribosome	4.000000	0.000000	0.000000
904.999000	__rnapol-1_rbs	12.000000	0.000000	0.000000
904.999000	bound_ecolipol	0.000000	0.000000	0.000000
904.999000	bound_ecolipol_p	924.000000	0.000000	0.000000
904.999000	bound_ribosome	5249.000000	0.000000	0.000000
904.999000	degraded_transcript	32317.000000	0.000000	0.000000
904.999000	ecoli_genome	876.000000	0.000000	0.000000
904.999000	ecoli_transcript	27352.000000	0.000000	0.000000
904.999000	ecolipol	0.000000	0.000000	0.000000
904.999000	ecolipol-2	0.000000	0.000000	0.000000
904.999000	ecolipol-2-p	867.000000	0.000000	0.000000
904.999000	ecolipol-p	8.000000	0.000000	0.000000
904.999000	gene 0.3	878.000000	12.000000	0.583333
904.999000	gene 1.1	1853.000000	56.000000	0.285714
904.999000	gene 1.2	1242.000000	34.000000	4.411765
904.999000	gene 1.3	1673.000000	74.000000	5.364865
904.999000	gene 1.4	1609.000000	63.000000	0.015873
904.999000	gene 1.7	2793.000000	114.000000	0.263158
904.999000	gene 1.8	2673.000000	114.000000	0.052632
904.999000	gene 10A	33342.000000	1559.000000	0.216806
904.999000	gene 11	5337.000000	240.000000	0.179167
904.999000	gene 12	5144.000000	239.000000	0.824268
904.999000	gene 13	9665.000000	494.000000	0.157895
904.999000	gene 14	9095.000000	492.000000	0.205285
904.999000	gene 15	9012.000000	490.000000	0.712245
904.999000	gene 16	8050.000000	478.000000	1.190377
904.999000	gene 17	10762.000000	645.000000	0.551938
904.999000	gene 17.5	10427.000000	629.000000	0.069952
904.999000	gene 18	10501.000000	628.000000	0.116242
904.999000	gene 18.5	10380.000000	625.000000	0.176000
904.999000	gene 18.7	10136.000000	624.000000	0.107372
904.999000	gene 19	9879.000000	620.000000	0.545161
904.999000	gene 19.2	9790.000000	617.000000	0.095624
904.999000	gene 19.3	9714.000000	613.000000	0.066884
904.999000	gene 19.5	9431.000000	607.000000	0.079077
904.999000	gene 2.5	3049.000000	137.000000	0.204380
904.999000	gene 2.8	3009.000000	137.000000	0.145985
904.999000	gene 3	2858.000000	134.000000	0.194030
904.999000	gene 3.8	3499.000000	153.000000	0.163399
904.999000	gene 4.2	3562.000000	166.000000	0.132530
904.999000	gene 4.3	3715.000000	165.000000	0.109091
904.999000	gene 4.5	4171.000000	190.000000	0.068421
904.999000	gene 4.7	4297.000000	190.000000	0.178947
904.999000	gene 4A	3244.000000	153.000000	0.444444
904.999000	gene 5	4374.000000	203.000000	0.753695
904.999000	gene 5.3	4199.000000	195.000000	0.174359
904.999000	gene 5.5	4198.000000	193.000000	0.113990
904.999000	gene 5.7	4153.000000	193.000000	0.056995
904.999000	gene 5.9	4140.000000	193.000000	0.041451
904.999000	gene 6	4101.000000	193.000000	0.259067
904.999000	gene 6.3	4195.000000	192.000000	0.072917
904.999000	gene 6.5	7423.000000	354.000000	0.096045
904.999000	gene 6.7	7394.000000	354.000000	0.135593
904.999000	gene 7	7292.000000	353.000000	0.135977
904.999000	gene 7.3	7375.000000	349.000000	0.088825
904.999000	gene 7.7	7262.000000	348.000000	0.175287
904.999000	gene 8	6791.000000	346.000000	0.520231
904.999000	gene 9	15963.000000	788.000000	0.244924
904.999000	gp-2	1743.000000	114.000000	0.087719
904.999000	lysozyme-3.5	2337.000000	133.000000	0.142857
904.999000	nonpref_charged	352.000000	0.000000	0.000000
904.999000	nonpref_uncharged	14648.000000	0.000000	0.000000
904.999000	pref_charged	20708.000000	0.000000	0.000000
904.999000	pref_uncharged	14292.000000	0.000000	0.000000
904.999000	protein_kinase-0.7	843.000000	12.000000	0.583333
904.999000	rnapol-1	0.000000	11.000000	13.818182
904.999000	rnapol-3.5	450.000000	0.000000	0.000000
909.999001	E. coli B promoter	1.000000	0.000000	0.000000
909.999001	E. coli C promoter	1.000000	0.000000	0.000000
909.999001	E. coli promoter A1	1.000000	0.000000	0.000000
909.999001	E. coli promoter A2	1.000000	0.000000	0.000000
909.999001	E. coli promoter A3	1.000000	0.000000	0.000000
909.999001	T7 promoter phi1.1A	1.000000	0.000000	0.000000
909.999001	T7 promoter phi1.1B	1.000000	0.000000	0.000000
909.999001	T7 promoter phi1.3	1.000000	0.000000	0.000000
909.999001	T7 promoter phi1.5	1.000000	0.000000	0.000000
909.999001	T7 promoter phi1.6	1.000000	0.000000	0.000000
909.999001	T7 promoter phi10	0.000000	0.000000	0.000000
909.999001	T7 promoter phi13	1.000000	0.000000	0.000000
909.999001	T7 promoter phi17	1.000000	0.000000	0.000000
909.999001	T7 promoter phi2.5	1.000000	0.000000	0.000000
909.999001	T7 promoter phi3.8	1.000000	0.000000	0.000000
909.999001	T7 promoter phi4.3	1.000000	0.000000	0.000000
909.999001	T7 promoter phi4.7	0.000000	0.000000	0.000000
909.999001	T7 promoter phi4c	1.000000	0.000000	0.000000
909.999001	T7 promoter phi6.5	1.000000	0.000000	0.000000
909.999001	T7 promoter phi9	1.000000	0.000000	0.000000
909.999001	__gene 0.3_rbs	12.000000	0.000000	0.000000
909.999001	__gene 1.1_rbs	47.000000	0.000000	0.000000
909.999001	__gene 1.2_rbs	26.000000	0.000000	0.000000
909.999001	__gene 1.3_rbs	64.000000	0.000000	0.000000
909.999001	__gene 1.4_rbs	62.000000	0.000000	0.000000
909.999001	__gene 1.7_rbs	113.000000	0.000000	0.000000
909.999001	__gene 1.8_rbs	110.000000	0.000000	0.000000
909.999001	__gene 10A_rbs	1567.000000	0.000000	0.000000
909.999001	__gene 11_rbs	236.000000	0.000000	0.000000
909.999001	__gene 12_rbs	239.000000	0.000000	0.000000
909.999001	__gene 13_rbs	498.000000	0.000000	0.000000
909.999001	__gene 14_rbs	487.000000	0.000000	0.000000
909.999001	__gene 15_rbs	476.000000	0.000000	0.000000
909.999001	__gene 16_rbs	480.000000	0.000000	0.000000
909.999001	__gene 17.5_rbs	634.000000	0.000000	0.000000
909.999001	__gene 17_rbs	646.000000	0.000000	0.000000
909.999001	__gene 18.5_rbs	628.000000	0.000000	0.000000
909.999001	__gene 18.7_rbs	604.000000	0.000000	0.000000
909.999001	__gene 18_rbs	617.000000	0.000000	0.000000
909.999001	__gene 19.2_rbs	607.000000	0.000000	0.000000
909.999001	__gene 19.3_rbs	603.000000	0.000000	0.000000
909.999001	__gene 19.5_rbs	609.000000	0.000000	0.000000
909.999001	__gene 19_rbs	612.000000	0.000000	0.000000
909.999001	__gene 2.5_rbs	139.000000	0.000000	0.000000
909.999001	__gene 2.8_rbs	136.000000	0.000000	0.000000
909.999001	__gene 3.8_rbs	154.000000	0.000000	0.000000
909.999001	__gene 3_rbs	133.000000	0.000000	0.000000
909.999001	__gene 4.2_rbs	161.000000	0.000000	0.000000
909.999001	__gene 4.3_rbs	167.000000	0.000000	0.000000
909.999001	__gene 4.5_rbs	191.000000	0.000000	0.000000
909.999001	__gene 4.7_rbs	190.000000	0.000000	0.000000
909.999001	__gene 4A_rbs	150.000000	0.000000	0.000000
909.999001	__gene 5.3_rbs	198.000000	0.000000	0.000000
909.999001	__gene 5.5_rbs	192.000000	0.000000	0.000000
909.999001	__gene 5.7_rbs	190.000000	0.000000	0.000000
909.999001	__gene 5.9_rbs	188.000000	0.000000	0.000000
909.999001	__gene 5_rbs	202.000000	0.000000	0.000000
909.999001	__gene 6.3_rbs	187.000000	0.000000	0.000000
909.999001	__gene 6.5_rbs	351.000000	0.000000	0.000000
909.999001	__gene 6.7_rbs	346.000000	0.000000	0.000000
909.999001	__gene 6_rbs	189.000000	0.000000	0.000000
909.999001	__gene 7.3_rbs	345.000000	0.000000	0.000000
909.999001	__gene 7.7_rbs	349.000000	0.000000	0.000000
909.999001	__gene 7_rbs	349.000000	0.000000	0.000000
909.999001	__gene 8_rbs	344.000000	0.000000	0.000000
909.999001	__gene 9_rbs	792.000000	0.000000	0.000000
909.999001	__gp-2_rbs	112.000000	0.000000	0.000000
909.999001	__lysozyme-3.5_rbs	136.000000	0.000000	0.000000
909.999001	__protein_kinase-0.7_rbs	12.000000	0.000000	0.000000
909.999001	__ribosome	4.000000	0.000000	0.000000
909.999001	__rnapol-1_rbs	11.000000	0.000000	0.000000
909.999001	bound_ecolipol	0.000000	0.000000	0.000000
909.999001	bound_ecolipol_p	927.000000	0.000000	0.000000
909.999001	bound_ribosome	5116.000000	0.000000	0.000000
909.999001	degraded_transcript	32570.000000	0.000000	0.000000
909.999001	ecoli_genome	873.000000	0.000000	0.000000
909.999001	ecoli_transcript	27422.000000	0.000000	0.000000
909.999001	ecolipol	0.000000	0.000000	0.000000
909.999001	ecolipol-2	0.000000	0.000000	0.000000
909.999001	ecolipol-2-p	865.000000	0.000000	0.000000
909.999001	ecolipol-p	7.000000	0.000000	0.000000
909.999001	gene 0.3	885.000000	12.000000	0.333333
909.999001	gene 1.1	1874.000000	56.000000	0.267857
909.999001	gene 1.2	1255.000000	34.000000	4.264706
909.999001	gene 1.3	1693.000000	74.000000	5.364865
909.999001	gene 1.4	1628.000000	63.000000	0.095238
909.999001	gene 1.7	2839.000000	114.000000	0.289474
909.999001	gene 1.8	2717.000000	114.000000	0.078947
909.999001	gene 10A	33929.000000	1581.000000	0.205566
909.999001	gene 11	5416.000000	242.000000	0.165289
909.999001	gene 12	5228.000000	241.000000	0.767635
909.999001	gene 13	9845.000000	506.000000	0.173913
909.999001	gene 14	9269.000000	501.000000	0.231537
909.999001	gene 15	9156.000000	495.000000	0.759596
909.999001	gene 16	8197.000000	486.000000	1.218107
909.999001	gene 17	10992.000000	654.000000	0.596330
909.999001	gene 17.5	10662.000000	640.000000	0.070312
909.999001	gene 18	10731.000000	636.000000	0.103774
909.999001	gene 18.5	10610.000000	633.000000	0.178515
909.999001	gene 18.7	10347.000000	632.000000	0.112342
909.999001	gene 19	10096.000000	630.000000	0.512698
909.999001	gene 19.2	10017.000000	625.000000	0.108800
909.999001	gene 19.3	9928.000000	620.000000	0.079032
909.999001	gene 19.5	9655.000000	615.000000	0.065041
909.999001	gene 2.5	3101.000000	139.000000	0.179856
909.999001	gene 2.8	3046.000000	138.000000	0.152174
909.999001	gene 3	2908.000000	137.000000	0.218978
909.999001	gene 3.8	3556.000000	157.000000	0.146497
909.999001	gene 4.2	3629.000000	168.000000	0.166667
909.999001	gene 4.3	3790.000000	168.000000	0.035714
909.999001	gene 4.5	4232.000000	193.000000	0.056995
909.999001	gene 4.7	4390.000000	191.000000	0.120419
909.999001	gene 4A	3278.000000	156.000000	0.544872
909.999001	gene 5	4456.000000	207.000000	0.719807
909.999001	gene 5.3	4273.000000	199.000000	0.120603
909.999001	gene 5.5	4263.000000	196.000000	0.102041
909.999001	gene 5.7	4219.000000	195.000000	0.092308
909.999001	gene 5.9	4216.000000	194.000000	0.067010
909.999001	gene 6	4160.000000	195.000000	0.307692
909.999001	gene 6.3	4255.000000	193.000000	0.062176
909.999001	gene 6.5	7544.000000	356.000000	0.087079
909.999001	gene 6.7	7521.000000	354.000000	0.101695
909.999001	gene 7	7409.000000	354.000000	0.155367
909.999001	gene 7.3	7507.000000	354.000000	0.101695
909.999001	gene 7.7	7392.000000	354.000000	0.161017
909.999001	gene 8	6892.000000	353.000000	0.569405
909.999001	gene 9	16228.000000	801.000000	0.285893
909.999001	gp-2	1786.000000	114.000000	0.070175
909.999001	lysozyme-3.5	2387.000000	137.000000	0.160584
909.999001	nonpref_charged	369.000000	0.000000	0.000000
909.999001	nonpref_uncharged	14631.000000	0.000000	0.000000
909.999001	pref_charged	20611.000000	0.000000	0.000000
909.999001	pref_uncharged	14389.000000	0.000000	0.000000
909.999001	protein_kinase-0.7	846.000000	12.000000	0.500000
909.999001	rnapol-1	0.000000	11.000000	14.090909
909.999001	rnapol-3.5	451.000000	0.000000	0.000000
914.999001	E. coli B promoter	1.000000	0.000000	0.000000
914.999001	E. coli C promoter	1.000000	0.000000	0.000000
914.999001	E. coli promoter A1	1.000000	0.000000	0.000000
914.999001	E. coli promoter A2	1.000000	0.000000	0.000000
914.999001	E. coli promoter A3	1.000000	0.000000	0.000000
914.999001	T7 promoter phi1.1A	1.000000	0.000000	0.000000
914.999001	T7 promoter phi1.1B	1.000000	0.000000	0.000000
914.999001	T7 promoter phi1.3	1.000000	0.000000	0.000000
914.999001	T7 promoter phi1.5	1.000000	0.000000	0.000000
914.999001	T7 promoter phi1.6	1.000000	0.000000	0.000000
914.999001	T7 promoter phi10	0.000000	0.000000	0.000000
914.999001	T7 promoter phi13	1.000000	0.000000	0.000000
914.999001	T7 promoter phi17	1.000000	0.000000	0.000000
914.999001	T7 promoter phi2.5	1.000000	0.000000	0.000000
914.999001	T7 promoter phi3.8	1.000000	0.000000	0.000000
914.999001	T7 promoter phi4.3	1.000000	0.000000	0.000000
914.999001	T7 promoter phi4.7	1.000000	0.000000	0.000000
914.999001	T7 promoter phi4c	1.000000	0.000000	0.000000
914.999001	T7 promoter phi6.5	1.000000	0.000000	0.000000
914.999001	T7 promoter phi9	0.000000	0.000000	0.000000
914.999001	__gene 0.3_rbs	11.000000	0.000000	0.000000
914.999001	__gene 1.1_rbs	47.000000	0.000000	0.000000
914.999001	__gene 1.2_rbs	26.000000	0.000000	0.000000
914.999001	__gene 1.3_rbs	65.000000	0.000000	0.000000
914.999001	__gene 1.4_rbs	63.000000	0.000000	0.000000
914.999001	__gene 1.7_rbs	114.000000	0.000000	0.000000
914.999001	__gene 1.8_rbs	106.000000	0.000000	0.000000
914.999001	__gene 10A_rbs	1594.000000	0.000000	0.000000
914.999001	__gene 11_rbs	243.000000	0.000000	0.000000
914.999001	__gene 12_rbs	239.000000	0.000000	0.000000
914.999001	__gene 13_rbs	500.000000	0.000000	0.000000
914.999001	__gene 14_rbs	496.000000	0.000000	0.000000
914.999001	__gene 15_rbs	494.000000	0.000000	0.000000
914.999001	__gene 16_rbs	483.000000	0.000000	0.000000
914.999001	__gene 17.5_rbs	641.000000	0.000000	0.000000
914.999001	__gene 17_rbs	659.000000	0.000000	0.000000
914.999001	__gene 18.5_rbs	639.000000	0.000000	0.000000
914.999001	__gene 18.7_rbs	622.000000	0.000000	0.000000
914.999001	__gene 18_rbs	632.000000	0.000000	0.000000
914.999001	__gene 19.2_rbs	616.000000	0.000000	0.000000
914.999001	__gene 19.3_rbs	604.000000	0.000000	0.000000
914.999001	__gene 19.5_rbs	612.000000	0.000000	0.000000
914.999001	__gene 19_rbs	638.000000	0.000000	0.000000
914.999001	__gene 2.5_rbs	139.000000	0.000000	0.000000
914.999001	__gene 2.8_rbs	138.000000	0.000000	0.000000
914.999001	__gene 3.8_rbs	158.000000	0.000000	0.000000
914.999001	__gene 3_rbs	135.000000	0.000000	0.000000
914.999001	__gene 4.2_rbs	167.000000	0.000000	0.000000
914.999001	__gene 4.3_rbs	164.000000	0.000000	0.000000
914.999001	__gene 4.5_rbs	189.000000	0.000000	0.000000
914.999001	__gene 4.7_rbs	189.000000	0.000000	0.000000
914.999001	__gene 4A_rbs	152.000000	0.000000	0.000000
914.999001	__gene 5.3_rbs	203.000000	0.000000	0.000000
914.999001	__gene 5.5_rbs	198.000000	0.000000	0.000000
914.999001	__gene 5.7_rbs	196.000000	0.000000	0.000000
914.999001	__gene 5.9_rbs	196.000000	0.000000	0.000000
914.999001	__gene 5_rbs	206.000000	0.000000	0.000000
914.999001	__gene 6.3_rbs	191.000000	0.000000	0.000000
914.999001	__gene 6.5_rbs	356.000000	0.000000	0.000000
914.999001	__gene 6.7_rbs	347.000000	0.000000	0.000000
914.999001	__gene 6_rbs	193.000000	0.000000	0.000000
914.999001	__gene 7.3_rbs	351.000000	0.000000	0.000000
914.999001	__gene 7.7_rbs	345.000000	0.000000	0.000000
914.999001	__gene 7_rbs	349.000000	0.000000	0.000000
914.999001	__gene 8_rbs	344.000000	0.000000	0.000000
914.999001	__gene 9_rbs	801.000000	0.000000	0.000000
914.999001	__gp-2_rbs	113.000000	0.000000	0.000000
914.999001	__lysozyme-3.5_rbs	135.000000	0.000000	0.000000
914.999001	__protein_kinase-0.7_rbs	11.000000	0.000000	0.000000
914.999001	__ribosome	2.000000	0.000000	0.000000
914.999001	__rnapol-1_rbs	12.000000	0.000000	0.000000
914.999001	bound_ecolipol	0.000000	0.000000	0.000000
914.999001	bound_ecolipol_p	906.000000	0.000000	0.000000
914.999001	bound_ribosome	5095.000000	0.000000	0.000000
914.999001	degraded_transcript	32834.000000	0.000000	0.000000
914.999001	ecoli_genome	894.000000	0.000000	0.000000
914.999001	ecoli_transcript	27395.000000	0.000000	0.000000
914.999001	ecolipol	0.000000	0.000000	0.000000
914.999001	ecolipol-2	0.000000	0.000000	0.000000
914.999001	ecolipol-2-p	884.000000	0.000000	0.000000
914.999001	ecolipol-p	9.000000	0.000000	0.000000
914.999001	gene 0.3	891.000000	12.000000	0.250000
914.999001	gene 1.1	1892.000000	56.000000	0.250000
914.999001	gene 1.2	1264.000000	34.000000	4.352941
914.999001	gene 1.3	1707.000000	74.000000	5.581081
914.999001	gene 1.4	1655.000000	63.000000	0.095238
914.999001	gene 1.7	2887.000000	115.000000	0.200000
914.999001	gene 1.8	2763.000000	114.000000	0.087719
914.999001	gene 10A	34485.000000	1603.000000	0.205240
914.999001	gene 11	5484.000000	245.000000	0.187755
914.999001	gene 12	5307.000000	244.000000	0.709016
914.999001	gene 13	10019.000000	512.000000	0.173828
914.999001	gene 14	9473.000000	509.000000	0.178782
914.999001	gene 15	9298.000000	506.000000	0.794466
914.999001	gene 16	8337.000000	490.000000	1.204082
914.999001	gene 17	11207.000000	661.000000	0.597579
914.999001	gene 17.5	10863.000000	649.000000	0.075501
914.999001	gene 18	10946.000000	648.000000	0.091049
914.999001	gene 18.5	10821.000000	645.000000	0.178295
914.999001	gene 18.7	10557.000000	645.000000	0.108527
914.999001	gene 19	10283.000000	641.000000	0.519501
914.999001	gene 19.2	10242.000000	633.000000	0.107425
914.999001	gene 19.3	10124.000000	629.000000	0.076312
914.999001	gene 19.5	9853.000000	624.000000	0.067308
914.999001	gene 2.5	3161.000000	139.000000	0.115108
914.999001	gene 2.8	3101.000000	139.000000	0.158273
914.999001	gene 3	2953.000000	139.000000	0.172662
914.999001	gene 3.8	3616.000000	160.000000	0.175000
914.999001	gene 4.2	3689.000000	170.000000	0.141176
914.999001	gene 4.3	3844.000000	170.000000	0.076471
914.999001	gene 4.5	4303.000000	193.000000	0.098446
914.999001	gene 4.7	4459.000000	193.000000	0.129534
914.999001	gene 4A	3326.000000	159.000000	0.578616
914.999001	gene 5	4521.000000	210.000000	0.738095
914.999001	gene 5.3	4361.000000	205.000000	0.117073
914.999001	gene 5.5	4324.000000	203.000000	0.128079
914.999001	gene 5.7	4291.000000	202.000000	0.064356
914.999001	gene 5.9	4283.000000	199.000000	0.070352
914.999001	gene 6	4228.000000	200.000000	0.290000
914.999001	gene 6.3	4326.000000	195.000000	0.030769
914.999001	gene 6.5	7640.000000	359.000000	0.108635
914.999001	gene 6.7	7631.000000	359.000000	0.083565
914.999001	gene 7	7532.000000	358.000000	0.142458
914.999001	gene 7.3	7627.000000	356.000000	0.087079
914.999001	gene 7.7	7507.000000	355.000000	0.194366
914.999001	gene 8	7008.000000	354.000000	0.525424
914.999001	gene 9	16518.000000	809.000000	0.276885
914.999001	gp-2	1802.000000	114.000000	0.078947
914.999001	lysozyme-3.5	2430.000000	139.000000	0.172662
914.999001	nonpref_charged	367.000000	0.000000	0.000000
914.999001	nonpref_uncharged	14633.000000	0.000000	0.000000
914.999001	pref_charged	20701.000000	0.000000	0.000000
914.999001	pref_uncharged	14299.000000	0.000000	0.000000
914.999001	protein_kinase-0.7	851.000000	12.000000	0.666667
914.999001	rnapol-1	0.000000	11.000000	14.272727
914.999001	rnapol-3.5	454.000000	0.000000	0.000000
919.999000	E. coli B promoter	1.000000	0.000000	0.000000
919.999000	E. coli C promoter	1.000000	0.000000	0.000000
919.999000	E. coli promoter A1	1.000000	0.000000	0.000000
919.999000	E. coli promoter A2	1.000000	0.000000	0.000000
919.999000	E. coli promoter A3	1.000000	0.000000	0.000000
919.999000	T7 promoter phi1.1A	1.000000	0.000000	0.000000
919.999000	T7 promoter phi1.1B	1.000000	0.000000	0.000000
919.999000	T7 promoter phi1.3	0.000000	0.000000	0.000000
919.999000	T7 promoter phi1.5	1.000000	0.000000	0.000000
919.999000	T7 promoter phi1.6	1.000000	0.000000	0.000000
919.999000	T7 promoter phi10	0.000000	0.000000	0.000000
919.999000	T7 promoter phi13	1.000000	0.000000	0.000000
919.999000	T7 promoter phi17	1.000000	0.000000	0.000000
919.999000	T7 promoter phi2.5	1.000000	0.000000	0.000000
919.999000	T7 promoter phi3.8	1.000000	0.000000	0.000000
919.999000	T7 promoter phi4.3	1.000000	0.000000	0.000000
919.999000	T7 promoter phi4.7	1.000000	0.000000	0.000000
919.999000	T7 promoter phi4c	1.000000	0.000000	0.000000
919.999000	T7 promoter phi6.5	1.000000	0.000000	0.000000
919.999000	T7 promoter phi9	0.000000	0.000000	0.000000
919.999000	__gene 0.3_rbs	12.000000	0.000000	0.000000
919.999000	__gene 1.1_rbs	46.000000	0.000000	0.000000
919.999000	__gene 1.2_rbs	24.000000	0.000000	0.000000
919.999000	__gene 1.3_rbs	65.000000	0.000000	0.000000
919.999000	__gene 1.4_rbs	62.000000	0.000000	0.000000
919.999000	__gene 1.7_rbs	113.000000	0.000000	0.000000
919.999000	__gene 1.8_rbs	113.000000	0.000000	0.000000
919.999000	__gene 10A_rbs	1611.000000	0.000000	0.000000
919.999000	__gene 11_rbs	247.000000	0.000000	0.000000
919.999000	__gene 12_rbs	241.000000	0.000000	0.000000
919.999000	__gene 13_rbs	510.000000	0.000000	0.000000
919.999000	__gene 14_rbs	507.000000	0.000000	0.000000
919.999000	__gene 15_rbs	499.000000	0.000000	0.000000
919.999000	__gene 16_rbs	487.000000	0.000000	0.000000
919.999000	__gene 17.5_rbs	649.000000	0.000000	0.000000
919.999000	__gene 17_rbs	670.000000	0.000000	0.000000
919.999000	__gene 18.5_rbs	643.000000	0.000000	0.000000
919.999000	__gene 18.7_rbs	631.000000	0.000000	0.000000
919.999000	__gene 18_rbs	634.000000	0.000000	0.000000
919.999000	__gene 19.2_rbs	620.000000	0.000000	0.000000
919.999000	__gene 19.3_rbs	624.000000	0.000000	0.000000
919.999000	__gene 19.5_rbs	628.000000	0.000000	0.000000
919.999000	__gene 19_rbs	639.000000	0.000000	0.000000
919.999000	__gene 2.5_rbs	139.000000	0.000000	0.000000
919.999000	__gene 2.8_rbs	134.000000	0.000000	0.000000
919.999000	__gene 3.8_rbs	158.000000	0.000000	0.000000
919.999000	__gene 3_rbs	134.000000	0.000000	0.000000
919.999000	__gene 4.2_rbs	169.000000	0.000000	0.000000
919.999000	__gene 4.3_rbs	167.000000	0.000000	0.000000
919.999000	__gene 4.5_rbs	196.000000	0.000000	0.000000
919.999000	__gene 4.7_rbs	195.000000	0.000000	0.000000
919.999000	__gene 4A_rbs	152.000000	0.000000	0.000000
919.999000	__gene 5.3_rbs	205.000000	0.000000	0.000000
919.999000	__gene 5.5_rbs	203.000000	0.000000	0.000000
919.999000	__gene 5.7_rbs	202.000000	0.000000	0.000000
919.999000	__gene 5.9_rbs	197.000000	0.000000	0.000000
919.999000	__gene 5_rbs	207.000000	0.000000	0.000000
919.999000	__gene 6.3_rbs	196.000000	0.000000	0.000000
919.999000	__gene 6.5_rbs	360.000000	0.000000	0.000000
919.999000	__gene 6.7_rbs	354.000000	0.000000	0.000000
919.999000	__gene 6_rbs	195.000000	0.000000	0.000000
919.999000	__gene 7.3_rbs	349.000000	0.000000	0.000000
919.999000	__gene 7.7_rbs	354.000000	0.000000	0.000000
919.999000	__gene 7_rbs	353.000000	0.000000	0.000000
919.999000	__gene 8_rbs	347.000000	0.000000	0.000000
919.999000	__gene 9_rbs	818.000000	0.000000	0.000000
919.999000	__gp-2_rbs	115.000000	0.000000	0.000000
919.999000	__lysozyme-3.5_rbs	135.000000	0.000000	0.000000
919.999000	__protein_kinase-0.7_rbs	12.000000	0.000000	0.000000
919.999000	__ribosome	8.000000	0.000000	0.000000
919.999000	__rnapol-1_rbs	11.000000	0.000000	0.000000
919.999000	bound_ecolipol	0.000000	0.000000	0.000000
919.999000	bound_ecolipol_p	923.000000	0.000000	0.000000
919.999000	bound_ribosome	5089.000000	0.000000	0.000000
919.999000	degraded_transcript	33093.000000	0.000000	0.000000
919.999000	ecoli_genome	877.000000	0.000000	0.000000
919.999000	ecoli_transcript	27314.000000	0.000000	0.000000
919.999000	ecolipol	0.000000	0.000000	0.000000
919.999000	ecolipol-2	0.000000	0.000000	0.000000
919.999000	ecolipol-2-p	866.000000	0.000000	0.000000
919.999000	ecolipol-p	10.000000	0.000000	0.000000
919.999000	gene 0.3	894.000000	12.000000	0.166667
919.999000	gene 1.1	1912.000000	56.000000	0.267857
919.999000	gene 1.2	1273.000000	34.000000	4.382353
919.999000	gene 1.3	1735.000000	74.000000	5.540541
919.999000	gene 1.4	1673.000000	63.000000	0.063492
919.999000	gene 1.7	2922.000000	116.000000	0.198276
919.999000	gene 1.8	2802.000000	116.000000	0.068966
919.999000	gene 10A	35010.000000	1624.000000	0.209975
919.999000	gene 11	5574.000000	248.000000	0.193548
919.999000	gene 12	5386.000000	246.000000	0.837398
919.999000	gene 13	10209.000000	520.000000	0.182692
919.999000	gene 14	9630.000000	516.000000	0.155039
919.999000	gene 15	9475.000000	513.000000	0.791423
919.999000	gene 16	8488.000000	495.000000	1.222222
919.999000	gene 17	11453.000000	672.000000	0.544643
919.999000	gene 17.5	11082.000000	656.000000	0.067073
919.999000	gene 18	11184.000000	655.000000	0.083969
919.999000	gene 18.5	11047.000000	654.000000	0.163609
919.999000	gene 18.7	10770.000000	654.000000	0.116208
919.999000	gene 19	10479.000000	650.000000	0.563077
919.999000	gene 19.2	10458.000000	645.000000	0.082171
919.999000	gene 19.3	10306.000000	640.000000	0.068750
919.999000	gene 19.5	10044.000000	632.000000	0.053797
919.999000	gene 2.5	3197.000000	140.000000	0.142857
919.999000	gene 2.8	3161.000000	140.000000	0.171429
919.999000	gene 3	2998.000000	139.000000	0.165468
919.999000	gene 3.8	3676.000000	161.000000	0.136646
919.999000	gene 4.2	3750.000000	174.000000	0.149425
919.999000	gene 4.3	3918.000000	173.000000	0.080925
919.999000	gene 4.5	4370.000000	197.000000	0.065990
919.999000	gene 4.7	4527.000000	196.000000	0.102041
919.999000	gene 4A	3381.000000	161.000000	0.503106
919.999000	gene 5	4600.000000	212.000000	0.731132
919.999000	gene 5.3	4435.000000	207.000000	0.135266
919.999000	gene 5.5	4391.000000	206.000000	0.135922
919.999000	gene 5.7	4368.000000	206.000000	0.063107
919.999000	gene 5.9	4360.000000	206.000000	0.053398
919.999000	gene 6	4294.000000	205.000000	0.263415
919.999000	gene 6.3	4399.000000	200.000000	0.045000
919.999000	gene 6.5	7758.000000	365.000000	0.101370
919.999000	gene 6.7	7759.000000	364.000000	0.101648
919.999000	gene 7	7661.000000	361.000000	0.155125
919.999000	gene 7.3	7745.000000	359.000000	0.086351
919.999000	gene 7.7	7638.000000	359.000000	0.158774
919.999000	gene 8	7128.000000	358.000000	0.536313
919.999000	gene 9	16807.000000	823.000000	0.264885
919.999000	gp-2	1855.000000	116.000000	0.051724
919.999000	lysozyme-3.5	2475.000000	139.000000	0.129496
919.999000	nonpref_charged	326.000000	0.000000	0.000000
919.999000	nonpref_uncharged	14674.000000	0.000000	0.000000
919.999000	pref_charged	20724.000000	0.000000	0.000000
919.999000	pref_uncharged	14276.000000	0.000000	0.000000
919.999000	protein_kinase-0.7	852.000000	12.000000	0.916667
919.999000	rnapol-1	0.000000	11.000000	14.727273
919.999000	rnapol-3.5	455.000000	0.000000	0.000000
924.999000	E. coli B promoter	1.000000	0.000000	0.000000
924.999000	E. coli C promoter	1.000000	0.000000	0.000000
924.999000	E. coli promoter A1	1.000000	0.000000	0.000000
924.999000	E. coli promoter A2	1.000000	0.000000	0.000000
924.999000	E. coli promoter A3	1.000000	0.000000	0.000000
924.999000	T7 promoter phi1.1A	1.000000	0.000000	0.000000
924.999000	T7 promoter phi1.1B	1.000000	0.000000	0.000000
924.999000	T7 promoter phi1.3	1.000000	0.000000	0.000000
924.999000	T7 promoter phi1.5	1.000000	0.000000	0.000000
924.999000	T7 promoter phi1.6	1.000000	0.000000	0.000000
924.999000	T7 promoter phi10	1.000000	0.000000	0.000000
924.999000	T7 promoter phi13	1.000000	0.000000	0.000000
924.999000	T7 promoter phi17	1.000000	0.000000	0.000000
924.999000	T7 promoter phi2.5	1.000000	0.000000	0.000000
924.999000	T7 promoter phi3.8	1.000000	0.000000	0.000000
924.999000	T7 promoter phi4.3	1.000000	0.000000	0.000000
924.999000	T7 promoter phi4.7	1.000000	0.000000	0.000000
924.999000	T7 promoter phi4c	1.000000	0.000000	0.000000
924.999000	T7 promoter phi6.5	0.000000	0.000000	0.000000
924.999000	T7 promoter phi9	0.000000	0.000000	0.000000
924.999000	__gene 0.3_rbs	12.000000	0.000000	0.000000
924.999000	__gene 1.1_rbs	48.000000	0.000000	0.000000
924.999000	__gene 1.2_rbs	26.000000	0.000000	0.000000
924.999000	__gene 1.3_rbs	67.000000	0.000000	0.000000
924.999000	__gene 1.4_rbs	62.000000	0.000000	0.000000
924.999000	__gene 1.7_rbs	115.000000	0.000000	0.000000
924.999000	__gene 1.8_rbs	114.000000	0.000000	0.000000
924.999000	__gene 10A_rbs	1626.000000	0.000000	0.000000
924.999000	__gene 11_rbs	250.000000	0.000000	0.000000
924.999000	__gene 12_rbs	245.000000	0.000000	0.000000
924.999000	__gene 13_rbs	520.000000	0.000000	0.000000
924.999000	__gene 14_rbs	506.000000	0.000000	0.000000
924.999000	__gene 15_rbs	504.000000	0.000000	0.000000
924.999000	__gene 16_rbs	497.000000	0.000000	0.000000
924.999000	__gene 17.5_rbs	657.000000	0.000000	0.000000
924.999000	__gene 17_rbs	676.000000	0.000000	0.000000
924.999000	__gene 18.5_rbs	648.000000	0.000000	0.000000
924.999000	__gene 18.7_rbs	638.000000	0.000000	0.000000
924.999000	__gene 18_rbs	651.000000	0.000000	0.000000
924.999000	__gene 19.2_rbs	630.000000	0.000000	0.000000
924.999000	__gene 19.3_rbs	635.000000	0.000000	0.000000
924.999000	__gene 19.5_rbs	635.000000	0.000000	0.000000
924.999000	__gene 19_rbs	647.000000	0.000000	0.000000
924.999000	__gene 2.5_rbs	140.000000	0.000000	0.000000
924.999000	__gene 2.8_rbs	137.000000	0.000000	0.000000
924.999000	__gene 3.8_rbs	156.000000	0.000000	0.000000
924.999000	__gene 3_rbs	134.000000	0.000000	0.000000
924.999000	__gene 4.2_rbs	170.000000	0.000000	0.000000
924.999000	__gene 4.3_rbs	172.000000	0.000000	0.000000
924.999000	__gene 4.5_rbs	199.000000	0.000000	0.000000
924.999000	__gene 4.7_rbs	197.000000	0.000000	0.000000
924.999000	__gene 4A_rbs	153.000000	0.000000	0.000000
924.999000	__gene 5.3_rbs	207.000000	0.000000	0.000000
924.999000	__gene 5.5_rbs	205.000000	0.000000	0.000000
924.999000	__gene 5.7_rbs	207.000000	0.000000	0.000000
924.999000	__gene 5.9_rbs	201.000000	0.000000	0.000000
924.999000	__gene 5_rbs	212.000000	0.000000	0.000000
924.999000	__gene 6.3_rbs	203.000000	0.000000	0.000000
924.999000	__gene 6.5_rbs	365.000000	0.000000	0.000000
924.999000	__gene 6.7_rbs	363.000000	0.000000	0.000000
924.999000	__gene 6_rbs	197.000000	0.000000	0.000000
924.999000	__gene 7.3_rbs	359.000000	0.000000	0.000000
924.999000	__gene 7.7_rbs	358.000000	0.000000	0.000000
924.999000	__gene 7_rbs	360.000000	0.000000	0.000000
924.999000	__gene 8_rbs	355.000000	0.000000	0.000000
924.999000	__gene 9_rbs	829.000000	0.000000	0.000000
924.999000	__gp-2_rbs	113.000000	0.000000	0.000000
924.999000	__lysozyme-3.5_rbs	137.000000	0.000000	0.000000
924.999000	__protein_kinase-0.7_rbs	12.000000	0.000000	0.000000
924.999000	__ribosome	3.000000	0.000000	0.000000
924.999000	__rnapol-1_rbs	12.000000	0.000000	0.000000
924.999000	bound_ecolipol	0.000000	0.000000	0.000000
924.999000	bound_ecolipol_p	930.000000	0.000000	0.000000
924.999000	bound_ribosome	5008.000000	0.000000	0.000000
924.999000	degraded_transcript	33328.000000	0.000000	0.000000
924.999000	ecoli_genome	870.000000	0.000000	0.000000
924.999000	ecoli_transcript	27340.000000	0.000000	0.000000
924.999000	ecolipol	0.000000	0.000000	0.000000
924.999000	ecolipol-2	0.000000	0.000000	0.000000
924.999000	ecolipol-2-p	864.000000	0.000000	0.000000
924.999000	ecolipol-p	5.000000	0.000000	0.000000
924.999000	gene 0.3	896.000000	12.000000	0.166667
924.999000	gene 1.1	1921.000000	57.000000	0.263158
924.999000	gene 1.2	1284.000000	34.000000	4.147059
924.999000	gene 1.3	1764.000000	77.000000	5.207792
924.999000	gene 1.4	1697.000000	63.000000	0.063492
924.999000	gene 1.7	2961.000000	116.000000	0.198276
924.999000	gene 1.8	2848.000000	116.000000	0.043103
924.999000	gene 10A	35543.000000	1644.000000	0.215328
924.999000	gene 11	5662.000000	253.000000	0.181818
924.999000	gene 12	5454.000000	249.000000	0.899598
924.999000	gene 13	10387.000000	525.000000	0.129524
924.999000	gene 14	9791.000000	522.000000	0.216475
924.999000	gene 15	9636.000000	520.000000	0.838462
924.999000	gene 16	8628.000000	506.000000	1.229249
924.999000	gene 17	11676.000000	681.000000	0.513950
924.999000	gene 17.5	11315.000000	668.000000	0.062874
924.999000	gene 18	11381.000000	666.000000	0.073574
924.999000	gene 18.5	11246.000000	661.000000	0.177005
924.999000	gene 18.7	10978.000000	661.000000	0.111952
924.999000	gene 19	10673.000000	658.000000	0.574468
924.999000	gene 19.2	10685.000000	654.000000	0.105505
924.999000	gene 19.3	10522.000000	650.000000	0.072308
924.999000	gene 19.5	10253.000000	644.000000	0.046584
924.999000	gene 2.5	3234.000000	141.000000	0.184397
924.999000	gene 2.8	3208.000000	141.000000	0.127660
924.999000	gene 3	3039.000000	140.000000	0.157143
924.999000	gene 3.8	3720.000000	162.000000	0.216049
924.999000	gene 4.2	3822.000000	176.000000	0.130682
924.999000	gene 4.3	3982.000000	175.000000	0.074286
924.999000	gene 4.5	4437.000000	200.000000	0.065000
924.999000	gene 4.7	4590.000000	199.000000	0.130653
924.999000	gene 4A	3422.000000	162.000000	0.574074
924.999000	gene 5	4666.000000	216.000000	0.777778
924.999000	gene 5.3	4501.000000	210.000000	0.119048
924.999000	gene 5.5	4468.000000	210.000000	0.104762
924.999000	gene 5.7	4441.000000	210.000000	0.047619
924.999000	gene 5.9	4427.000000	208.000000	0.052885
924.999000	gene 6	4360.000000	207.000000	0.270531
924.999000	gene 6.3	4467.000000	206.000000	0.053398
924.999000	gene 6.5	7877.000000	374.000000	0.104278
924.999000	gene 6.7	7881.000000	372.000000	0.086022
924.999000	gene 7	7787.000000	371.000000	0.145553
924.999000	gene 7.3	7866.000000	365.000000	0.093151
924.999000	gene 7.7	7749.000000	365.000000	0.156164
924.999000	gene 8	7241.000000	362.000000	0.508287
924.999000	gene 9	17063.000000	834.000000	0.249400
924.999000	gp-2	1891.000000	116.000000	0.068966
924.999000	lysozyme-3.5	2516.000000	140.000000	0.121429
924.999000	nonpref_charged	379.000000	0.000000	0.000000
924.999000	nonpref_uncharged	14621.000000	0.000000	0.000000
924.999000	pref_charged	20595.000000	0.000000	0.000000
924.999000	pref_uncharged	14405.000000	0.000000	0.000000
924.999000	protein_kinase-0.7	860.000000	12.000000	0.750000
924.999000	rnapol-1	0.000000	12.000000	13.750000
924.999000	rnapol-3.5	453.000000	0.000000	0.000000
929.999000	E. coli B promoter	1.000000	0.000000	0.000000
929.999000	E. coli C promoter	1.000000	0.000000	0.000000
929.999000	E. coli promoter A1	1.000000	0.000000	0.000000
929.999000	E. coli promoter A2	1.000000	0.000000	0.000000
929.999000	E. coli promoter A3	1.000000	0.000000	0.000000
929.999000	T7 promoter phi1.1A	1.000000	0.000000	0.000000
929.999000	T7 promoter phi1.1B	1.000000	0.000000	0.000000
929.999000	T7 promoter phi1.3	1.000000	0.000000	0.000000
929.999000	T7 promoter phi1.5	1.000000	0.000000	0.000000
929.999000	T7 promoter phi1.6	0.000000	0.000000	0.000000
929.999000	T7 promoter phi10	0.000000	0.000000	0.000000
929.999000	T7 promoter phi13	1.000000	0.000000	0.000000
929.999000	T7 promoter phi17	1.000000	0.000000	0.000000
929.999000	T7 promoter phi2.5	1.000000	0.000000	0.000000
929.999000	T7 promoter phi3.8	0.000000	0.000000	0.000000
929.999000	T7 promoter phi4.3	1.000000	0.000000	0.000000
929.999000	T7 promoter phi4.7	1.000000	0.000000	0.000000
929.999000	T7 promoter phi4c	1.000000	0.000000	0.000000
929.999000	T7 promoter phi6.5	1.000000	0.000000	0.000000
929.999000	T7 promoter phi9	1.000000	0.000000	0.000000
929.999000	__gene 0.3_rbs	12.000000	0.000000	0.000000
929.999000	__gene 1.1_rbs	49.000000	0.000000	0.000000
929.999000	__gene 1.2_rbs	26.000000	0.000000	0.000000
929.999000	__gene 1.3_rbs	66.000000	0.000000	0.000000
929.999000	__gene 1.4_rbs	64.000000	0.000000	0.000000
929.999000	__gene 1.7_rbs	116.000000	0.000000	0.000000
929.999000	__gene 1.8_rbs	112.000000	0.000000	0.000000
929.999000	__gene 10A_rbs	1652.000000	0.000000	0.000000
929.999000	__gene 11_rbs	251.000000	0.000000	0.000000
929.999000	__gene 12_rbs	251.000000	0.000000	0.000000
929.999000	__gene 13_rbs	524.000000	0.000000	0.000000
929.999000	__gene 14_rbs	517.000000	0.000000	0.000000
929.999000	__gene 15_rbs	513.000000	0.000000	0.000000
929.999000	__gene 16_rbs	506.000000	0.000000	0.000000
929.999000	__gene 17.5_rbs	669.000000	0.000000	0.000000
929.999000	__gene 17_rbs	683.000000	0.000000	0.000000
929.999000	__gene 18.5_rbs	663.000000	0.000000	0.000000
929.999000	__gene 18.7_rbs	648.000000	0.000000	0.000000
929.999000	__gene 18_rbs	659.000000	0.000000	0.000000
929.999000	__gene 19.2_rbs	639.000000	0.000000	0.000000
929.999000	__gene 19.3_rbs	641.000000	0.000000	0.000000
929.999000	__gene 19.5_rbs	647.000000	0.000000	0.000000
929.999000	__gene 19_rbs	659.000000	0.000000	0.000000
929.999000	__gene 2.5_rbs	139.000000	0.000000	0.000000
929.999000	__gene 2.8_rbs	137.000000	0.000000	0.000000
929.999000	__gene 3.8_rbs	160.000000	0.000000	0.000000
929.999000	__gene 3_rbs	136.000000	0.000000	0.000000
929.999000	__gene 4.2_rbs	172.000000	0.000000	0.000000
929.999000	__gene 4.3_rbs	174.000000	0.000000	0.000000
929.999000	__gene 4.5_rbs	196.000000	0.000000	0.000000
929.999000	__gene 4.7_rbs	201.000000	0.000000	0.000000
929.999000	__gene 4A_rbs	156.000000	0.000000	0.000000
929.999000	__gene 5.3_rbs	210.000000	0.000000	0.000000
929.999000	__gene 5.5_rbs	200.000000	0.000000	0.000000
929.999000	__gene 5.7_rbs	208.000000	0.000000	0.000000
929.999000	__gene 5.9_rbs	205.000000	0.000000	0.000000
929.999000	__gene 5_rbs	215.000000	0.000000	0.000000
929.999000	__gene 6.3_rbs	204.000000	0.000000	0.000000
929.999000	__gene 6.5_rbs	371.000000	0.000000	0.000000
929.999000	__gene 6.7_rbs	371.000000	0.000000	0.000000
929.999000	__gene 6_rbs	207.000000	0.000000	0.000000
929.999000	__gene 7.3_rbs	367.000000	0.000000	0.000000
929.999000	__gene 7.7_rbs	368.000000	0.000000	0.000000
929.999000	__gene 7_rbs	367.000000	0.000000	0.000000
929.999000	__gene 8_rbs	360.000000	0.000000	0.000000
929.999000	__gene 9_rbs	837.000000	0.000000	0.000000
929.999000	__gp-2_rbs	111.000000	0.000000	0.000000
929.999000	__lysozyme-3.5_rbs	137.000000	0.000000	0.000000
929.999000	__protein_kinase-0.7_rbs	12.000000	0.000000	0.000000
929.999000	__ribosome	3.000000	0.000000	0.000000
929.999000	__rnapol-1_rbs	12.000000	0.000000	0.000000
929.999000	bound_ecolipol	0.000000	0.000000	0.000000
929.999000	bound_ecolipol_p	925.000000	0.000000	0.000000
929.999000	bound_ribosome	4943.000000	0.000000	0.000000
929.999000	degraded_transcript	33600.000000	0.000000	0.000000
929.999000	ecoli_genome	875.000000	0.000000	0.000000
929.999000	ecoli_transcript	27316.000000	0.000000	0.000000
929.999000	ecolipol	0.000000	0.000000	0.000000
929.999000	ecolipol-2	0.000000	0.000000	0.000000
929.999000	ecolipol-2-p	864.000000	0.000000	0.000000
929.999000	ecolipol-p	10.000000	0.000000	0.000000
929.999000	gene 0.3	898.000000	12.000000	0.083333
929.999000	gene 1.1	1934.000000	57.000000	0.245614
929.999000	gene 1.2	1287.000000	34.000000	4.205882
929.999000	gene 1.3	1780.000000	77.000000	5.298701
929.999000	gene 1.4	1716.000000	66.000000	0.045455
929.999000	gene 1.7	2999.000000	117.000000	0.196581
929.999000	gene 1.8	2883.000000	116.000000	0.034483
929.999000	gene 10A	36121.000000	1664.000000	0.212740
929.999000	gene 11	5742.000000	254.000000	0.212598
929.999000	gene 12	5549.000000	254.000000	0.787402
929.999000	gene 13	10538.000000	530.000000	0.147170
929.999000	gene 14	9963.000000	530.000000	0.179245
929.999000	gene 15	9810.000000	526.000000	0.769962
929.999000	gene 16	8788.000000	513.000000	1.235867
929.999000	gene 17	11877.000000	689.000000	0.542816
929.999000	gene 17.5	11512.000000	675.000000	0.075556
929.999000	gene 18	11578.000000	673.000000	0.087667
929.999000	gene 18.5	11472.000000	672.000000	0.183036
929.999000	gene 18.7	11177.000000	672.000000	0.114583
929.999000	gene 19	10883.000000	669.000000	0.575486
929.999000	gene 19.2	10910.000000	661.000000	0.111952
929.999000	gene 19.3	10727.000000	657.000000	0.079148
929.999000	gene 19.5	10438.000000	654.000000	0.047401
929.999000	gene 2.5	3277.000000	141.000000	0.191489
929.999000	gene 2.8	3247.000000	141.000000	0.184397
929.999000	gene 3	3086.000000	141.000000	0.134752
929.999000	gene 3.8	3776.000000	163.000000	0.153374
929.999000	gene 4.2	3872.000000	177.000000	0.090395
929.999000	gene 4.3	4036.000000	177.000000	0.073446
929.999000	gene 4.5	4486.000000	201.000000	0.124378
929.999000	gene 4.7	4656.000000	201.000000	0.134328
929.999000	gene 4A	3477.000000	163.000000	0.527607
929.999000	gene 5	4743.000000	217.000000	0.829493
929.999000	gene 5.3	4569.000000	212.000000	0.132075
929.999000	gene 5.5	4530.000000	211.000000	0.118483
929.999000	gene 5.7	4506.000000	210.000000	0.071429
929.999000	gene 5.9	4494.000000	210.000000	0.038095
929.999000	gene 6	4420.000000	210.000000	0.261905
929.999000	gene 6.3	4539.000000	209.000000	0.062201
929.999000	gene 6.5	8002.000000	376.000000	0.106383
929.999000	gene 6.7	8006.000000	376.000000	0.111702
929.999000	gene 7	7916.000000	375.000000	0.122667
929.999000	gene 7.3	8000.000000	375.000000	0.069333
929.999000	gene 7.7	7866.000000	373.000000	0.136729
929.999000	gene 8	7350.000000	371.000000	0.522911
929.999000	gene 9	17319.000000	845.000000	0.263905
929.999000	gp-2	1932.000000	116.000000	0.086207
929.999000	lysozyme-3.5	2568.000000	141.000000	0.141844
929.999000	nonpref_charged	327.000000	0.000000	0.000000
929.999000	nonpref_uncharged	14673.000000	0.000000	0.000000
929.999000	pref_charged	20513.000000	0.000000	0.000000
929.999000	pref_uncharged	14487.000000	0.000000	0.000000
929.999000	protein_kinase-0.7	865.000000	12.000000	0.666667
929.999000	rnapol-1	0.000000	12.000000	13.666667
929.999000	rnapol-3.5	464.000000	0.000000	0.000000
934.999000	E. coli B promoter	1.000000	0.000000	0.000000
934.999000	E. coli C promoter	1.000000	0.000000	0.000000
934.999000	E. coli promoter A1	1.000000	0.000000	0.000000
934.999000	E. coli promoter A2	1.000000	0.000000	0.000000
934.999000	E. coli promoter A3	1.000000	0.000000	0.000000
934.999000	T7 promoter phi1.1A	1.000000	0.000000	0.000000
934.999000	T7 promoter phi1.1B	1.000000	0.000000	0.000000
934.999000	T7 promoter phi1.3	1.000000	0.000000	0.000000
934.999000	T7 promoter phi1.5	1.000000	0.000000	0.000000
934.999000	T7 promoter phi1.6	1.000000	0.000000	0.000000
934.999000	T7 promoter phi10	0.000000	0.000000	0.000000
934.999000	T7 promoter phi13	1.000000	0.000000	0.000000
934.999000	T7 promoter phi17	1.000000	0.000000	0.000000
934.999000	T7 promoter phi2.5	1.000000	0.000000	0.000000
934.999000	T7 promoter phi3.8	1.000000	0.000000	0.000000
934.999000	T7 promoter phi4.3	1.000000	0.000000	0.000000
934.999000	T7 promoter phi4.7	1.000000	0.000000	0.000000
934.999000	T7 promoter phi4c	1.000000	0.000000	0.000000
934.999000	T7 promoter phi6.5	1.000000	0.000000	0.000000
934.999000	T7 promoter phi9	1.000000	0.000000	0.000000
934.999000	__gene 0.3_rbs	12.000000	0.000000	0.000000
934.999000	__gene 1.1_rbs	50.000000	0.000000	0.000000
934.999000	__gene 1.2_rbs	25.000000	0.000000	0.000000
934.999000	__gene 1.3_rbs	70.000000	0.000000	0.000000
934.999000	__gene 1.4_rbs	64.000000	0.000000	0.000000
934.999000	__gene 1.7_rbs	116.000000	0.000000	0.000000
934.999000	__gene 1.8_rbs	117.000000	0.000000	0.000000
934.999000	__gene 10A_rbs	1672.000000	0.000000	0.000000
934.999000	__gene 11_rbs	254.000000	0.000000	0.000000
934.999000	__gene 12_rbs	250.000000	0.000000	0.000000
934.999000	__gene 13_rbs	529.000000	0.000000	0.000000
934.999000	__gene 14_rbs	513.000000	0.000000	0.000000
934.999000	__gene 15_rbs	518.000000	0.000000	0.000000
934.999000	__gene 16_rbs	509.000000	0.000000	0.000000
934.999000	__gene 17.5_rbs	676.000000	0.000000	0.000000
934.999000	__gene 17_rbs	695.000000	0.000000	0.000000
934.999000	__gene 18.5_rbs	668.000000	0.000000	0.000000
934.999000	__gene 18.7_rbs	666.000000	0.000000	0.000000
934.999000	__gene 18_rbs	665.000000	0.000000	0.000000
934.999000	__gene 19.2_rbs	650.000000	0.000000	0.000000
934.999000	__gene 19.3_rbs	647.000000	0.000000	0.000000
934.999000	__gene 19.5_rbs	649.000000	0.000000	0.000000
934.999000	__gene 19_rbs	664.000000	0.000000	0.000000
934.999000	__gene 2.5_rbs	141.000000	0.000000	0.000000
934.999000	__gene 2.8_rbs	140.000000	0.000000	0.000000
934.999000	__gene 3.8_rbs	164.000000	0.000000	0.000000
934.999000	__gene 3_rbs	138.000000	0.000000	0.000000
934.999000	__gene 4.2_rbs	171.000000	0.000000	0.000000
934.999000	__gene 4.3_rbs	176.000000	0.000000	0.000000
934.999000	__gene 4.5_rbs	201.000000	0.000000	0.000000
934.999000	__gene 4.7_rbs	200.000000	0.000000	0.000000
934.999000	__gene 4A_rbs	158.000000	0.000000	0.000000
934.999000	__gene 5.3_rbs	210.000000	0.000000	0.000000
934.999000	__gene 5.5_rbs	211.000000	0.000000	0.000000
934.999000	__gene 5.7_rbs	203.000000	0.000000	0.000000
934.999000	__gene 5.9_rbs	210.000000	0.000000	0.000000
934.999000	__gene 5_rbs	218.000000	0.000000	0.000000
934.999000	__gene 6.3_rbs	207.000000	0.000000	0.000000
934.999000	__gene 6.5_rbs	376.000000	0.000000	0.000000
934.999000	__gene 6.7_rbs	364.000000	0.000000	0.000000
934.999000	__gene 6_rbs	202.000000	0.000000	0.000000
934.999000	__gene 7.3_rbs	366.000000	0.000000	0.000000
934.999000	__gene 7.7_rbs	374.000000	0.000000	0.000000
934.999000	__gene 7_rbs	368.000000	0.000000	0.000000
934.999000	__gene 8_rbs	368.000000	0.000000	0.000000
934.999000	__gene 9_rbs	846.000000	0.000000	0.000000
934.999000	__gp-2_rbs	113.000000	0.000000	0.000000
934.999000	__lysozyme-3.5_rbs	139.000000	0.000000	0.000000
934.999000	__protein_kinase-0.7_rbs	11.000000	0.000000	0.000000
934.999000	__ribosome	8.000000	0.000000	0.000000
934.999000	__rnapol-1_rbs	11.000000	0.000000	0.000000
934.999000	bound_ecolipol	0.000000	0.000000	0.000000
934.999000	bound_ecolipol_p	904.000000	0.000000	0.000000
934.999000	bound_ribosome	4828.000000	0.000000	0.000000
934.999000	degraded_transcript	33858.000000	0.000000	0.000000
934.999000	ecoli_genome	896.000000	0.000000	0.000000
934.999000	ecoli_transcript	27364.000000	0.000000	0.000000
934.999000	ecolipol	0.000000	0.000000	0.000000
934.999000	ecolipol-2	0.000000	0.000000	0.000000
934.999000	ecolipol-2-p	881.000000	0.000000	0.000000
934.999000	ecolipol-p	14.000000	0.000000	0.000000
934.999000	gene 0.3	900.000000	12.000000	0.333333
934.999000	gene 1.1	1946.000000	58.000000	0.258621
934.999000	gene 1.2	1294.000000	35.000000	4.142857
934.999000	gene 1.3	1802.000000	78.000000	5.166667
934.999000	gene 1.4	1741.000000	66.000000	0.075758
934.999000	gene 1.7	3034.000000	120.000000	0.200000
934.999000	gene 1.8	2921.000000	119.000000	0.058824
934.999000	gene 10A	36684.000000	1683.000000	0.199643
934.999000	gene 11	5825.000000	259.000000	0.208494
934.999000	gene 12	5634.000000	257.000000	0.782101
934.999000	gene 13	10709.000000	538.000000	0.165428
934.999000	gene 14	10117.000000	535.000000	0.198131
934.999000	gene 15	9972.000000	531.000000	0.789077
934.999000	gene 16	8926.000000	520.000000	1.301923
934.999000	gene 17	12097.000000	698.000000	0.558739
934.999000	gene 17.5	11734.000000	686.000000	0.069971
934.999000	gene 18	11805.000000	684.000000	0.087719
934.999000	gene 18.5	11693.000000	681.000000	0.187959
934.999000	gene 18.7	11387.000000	680.000000	0.107353
934.999000	gene 19	11088.000000	678.000000	0.587021
934.999000	gene 19.2	11118.000000	672.000000	0.107143
934.999000	gene 19.3	10934.000000	669.000000	0.080717
934.999000	gene 19.5	10621.000000	661.000000	0.059002
934.999000	gene 2.5	3327.000000	143.000000	0.167832
934.999000	gene 2.8	3298.000000	141.000000	0.127660
934.999000	gene 3	3132.000000	141.000000	0.212766
934.999000	gene 3.8	3822.000000	164.000000	0.152439
934.999000	gene 4.2	3914.000000	178.000000	0.101124
934.999000	gene 4.3	4101.000000	177.000000	0.045198
934.999000	gene 4.5	4560.000000	202.000000	0.094059
934.999000	gene 4.7	4736.000000	202.000000	0.113861
934.999000	gene 4A	3527.000000	164.000000	0.567073
934.999000	gene 5	4817.000000	219.000000	0.863014
934.999000	gene 5.3	4644.000000	216.000000	0.162037
934.999000	gene 5.5	4585.000000	215.000000	0.167442
934.999000	gene 5.7	4571.000000	213.000000	0.032864
934.999000	gene 5.9	4552.000000	213.000000	0.061033
934.999000	gene 6	4481.000000	212.000000	0.268868
934.999000	gene 6.3	4611.000000	210.000000	0.047619
934.999000	gene 6.5	8124.000000	382.000000	0.109948
934.999000	gene 6.7	8128.000000	381.000000	0.091864
934.999000	gene 7	8039.000000	381.000000	0.131234
934.999000	gene 7.3	8100.000000	378.000000	0.063492
934.999000	gene 7.7	7976.000000	376.000000	0.127660
934.999000	gene 8	7459.000000	376.000000	0.537234
934.999000	gene 9	17597.000000	856.000000	0.244159
934.999000	gp-2	1958.000000	119.000000	0.058824
934.999000	lysozyme-3.5	2610.000000	141.000000	0.141844
934.999000	nonpref_charged	330.000000	0.000000	0.000000
934.999000	nonpref_uncharged	14670.000000	0.000000	0.000000
934.999000	pref_charged	20862.000000	0.000000	0.000000
934.999000	pref_uncharged	14138.000000	0.000000	0.000000
934.999000	protein_kinase-0.7	870.000000	12.000000	0.416667
934.999000	rnapol-1	0.000000	12.000000	14.166667
934.999000	rnapol-3.5	461.000000	0.000000	0.000000
939.999001	E. coli B promoter	1.000000	0.000000	0.000000
939.999001	E. coli C promoter	1.000000	0.000000	0.000000
939.999001	E. coli promoter A1	1.000000	0.000000	0.000000
939.999001	E. coli promoter A2	1.000000	0.000000	0.000000
939.999001	E. coli promoter A3	0.000000	0.000000	0.000000
939.999001	T7 promoter phi1.1A	1.000000	0.000000	0.000000
939.999001	T7 promoter phi1.1B	1.000000	0.000000	0.000000
939.999001	T7 promoter phi1.3	1.000000	0.000000	0.000000
939.999001	T7 promoter phi1.5	0.000000	0.000000	0.000000
939.999001	T7 promoter phi1.6	1.000000	0.000000	0.000000
939.999001	T7 promoter phi10	0.000000	0.000000	0.000000
939.999001	T7 promoter phi13	1.000000	0.000000	0.000000
939.999001	T7 promoter phi17	0.000000	0.000000	0.000000
939.999001	T7 promoter phi2.5	1.000000	0.000000	0.000000
939.999001	T7 promoter phi3.8	1.000000	0.000000	0.000000
939.999001	T7 promoter phi4.3	1.000000	0.000000	0.000000
939.999001	T7 promoter phi4.7	1.000000	0.000000	0.000000
939.999001	T7 promoter phi4c	1.000000	0.000000	0.000000
939.999001	T7 promoter phi6.5	0.000000	0.000000	0.000000
939.999001	T7 promoter phi9	1.000000	0.000000	0.000000
939.999001	__gene 0.3_rbs	12.000000	0.000000	0.000000
939.999001	__gene 1.1_rbs	49.000000	0.000000	0.000000
939.999001	__gene 1.2_rbs	27.000000	0.000000	0.000000
939.999001	__gene 1.3_rbs	70.000000	0.000000	0.000000
939.999001	__gene 1.4_rbs	67.000000	0.000000	0.000000
939.999001	__gene 1.7_rbs	119.000000	0.000000	0.000000
939.999001	__gene 1.8_rbs	116.000000	0.000000	0.000000
939.999001	__gene 10A_rbs	1691.000000	0.000000	0.000000
939.999001	__gene 11_rbs	254.000000	0.000000	0.000000
939.999001	__gene 12_rbs	257.000000	0.000000	0.000000
939.999001	__gene 13_rbs	538.000000	0.000000	0.000000
939.999001	__gene 14_rbs	530.000000	0.000000	0.000000
939.999001	__gene 15_rbs	522.000000	0.000000	0.000000
939.999001	__gene 16_rbs	513.000000	0.000000	0.000000
939.999001	__gene 17.5_rbs	681.000000	0.000000	0.000000
939.999001	__gene 17_rbs	705.000000	0.000000	0.000000
939.999001	__gene 18.5_rbs	675.000000	0.000000	0.000000
939.999001	__gene 18.7_rbs	660.000000	0.000000	0.000000
939.999001	__gene 18_rbs	666.000000	0.000000	0.000000
939.999001	__gene 19.2_rbs	655.000000	0.000000	0.000000
939.999001	__gene 19.3_rbs	647.000000	0.000000	0.000000
939.999001	__gene 19.5_rbs	660.000000	0.000000	0.000000
939.999001	__gene 19_rbs	676.000000	0.000000	0.000000
939.999001	__gene 2.5_rbs	145.000000	0.000000	0.000000
939.999001	__gene 2.8_rbs	140.000000	0.000000	0.000000
939.999001	__gene 3.8_rbs	164.000000	0.000000	0.000000
939.999001	__gene 3_rbs	137.000000	0.000000	0.000000
939.999001	__gene 4.2_rbs	173.000000	0.000000	0.000000
939.999001	__gene 4.3_rbs	177.000000	0.000000	0.000000
939.999001	__gene 4.5_rbs	202.000000	0.000000	0.000000
939.999001	__gene 4.7_rbs	201.000000	0.000000	0.000000
939.999001	__gene 4A_rbs	159.000000	0.000000	0.000000
939.999001	__gene 5.3_rbs	216.000000	0.000000	0.000000
939.999001	__gene 5.5_rbs	212.000000	0.000000	0.000000
939.999001	__gene 5.7_rbs	211.000000	0.000000	0.000000
939.999001	__gene 5.9_rbs	211.000000	0.000000	0.000000
939.999001	__gene 5_rbs	215.000000	0.000000	0.000000
939.999001	__gene 6.3_rbs	203.000000	0.000000	0.000000
939.999001	__gene 6.5_rbs	376.000000	0.000000	0.000000
939.999001	__gene 6.7_rbs	369.000000	0.000000	0.000000
939.999001	__gene 6_rbs	204.000000	0.000000	0.000000
939.999001	__gene 7.3_rbs	379.000000	0.000000	0.000000
939.999001	__gene 7.7_rbs	379.000000	0.000000	0.000000
939.999001	__gene 7_rbs	374.000000	0.000000	0.000000
939.999001	__gene 8_rbs	369.000000	0.000000	0.000000
939.999001	__gene 9_rbs	861.000000	0.000000	0.000000
939.999001	__gp-2_rbs	117.000000	0.000000	0.000000
939.999001	__lysozyme-3.5_rbs	139.000000	0.000000	0.000000
939.999001	__protein_kinase-0.7_rbs	12.000000	0.000000	0.000000
939.999001	__ribosome	5.000000	0.000000	0.000000
939.999001	__rnapol-1_rbs	12.000000	0.000000	0.000000
939.999001	bound_ecolipol	0.000000	0.000000	0.000000
939.999001	bound_ecolipol_p	874.000000	0.000000	0.000000
939.999001	bound_ribosome	4820.000000	0.000000	0.000000
939.999001	degraded_transcript	34108.000000	0.000000	0.000000
939.999001	ecoli_genome	926.000000	0.000000	0.000000
939.999001	ecoli_transcript	27314.000000	0.000000	0.000000
939.999001	ecolipol	0.000000	0.000000	0.000000
939.999001	ecolipol-2	0.000000	0.000000	0.000000
939.999001	ecolipol-2-p	918.000000	0.000000	0.000000
939.999001	ecolipol-p	6.000000	0.000000	0.000000
939.999001	gene 0.3	905.000000	12.000000	0.416667
939.999001	gene 1.1	1960.000000	58.000000	0.224138
939.999001	gene 1.2	1300.000000	35.000000	4.085714
939.999001	gene 1.3	1823.000000	78.000000	5.217949
939.999001	gene 1.4	1770.000000	67.000000	0.089552
939.999001	gene 1.7	3075.000000	120.000000	0.275000
939.999001	gene 1.8	2960.000000	120.000000	0.050000
939.999001	gene 10A	37199.000000	1704.000000	0.190728
939.999001	gene 11	5915.000000	261.000000	0.195402
939.999001	gene 12	5719.000000	260.000000	0.757692
939.999001	gene 13	10896.000000	547.000000	0.170018
939.999001	gene 14	10287.000000	544.000000	0.196691
939.999001	gene 15	10146.000000	539.000000	0.729128
939.999001	gene 16	9076.000000	526.000000	1.368821
939.999001	gene 17	12311.000000	708.000000	0.564972
939.999001	gene 17.5	11940.000000	693.000000	0.069264
939.999001	gene 18	12007.000000	691.000000	0.105644
939.999001	gene 18.5	11921.000000	689.000000	0.166909
939.999001	gene 18.7	11585.000000	688.000000	0.114826
939.999001	gene 19	11304.000000	687.000000	0.534207
939.999001	gene 19.2	11329.000000	681.000000	0.104258
939.999001	gene 19.3	11149.000000	676.000000	0.072485
939.999001	gene 19.5	10827.000000	671.000000	0.065574
939.999001	gene 2.5	3376.000000	145.000000	0.151724
939.999001	gene 2.8	3342.000000	144.000000	0.131944
939.999001	gene 3	3179.000000	143.000000	0.167832
939.999001	gene 3.8	3864.000000	164.000000	0.182927
939.999001	gene 4.2	3962.000000	179.000000	0.134078
939.999001	gene 4.3	4154.000000	179.000000	0.078212
939.999001	gene 4.5	4620.000000	204.000000	0.073529
939.999001	gene 4.7	4800.000000	203.000000	0.133005
939.999001	gene 4A	3575.000000	164.000000	0.542683
939.999001	gene 5	4907.000000	220.000000	0.786364
939.999001	gene 5.3	4721.000000	217.000000	0.092166
939.999001	gene 5.5	4671.000000	217.000000	0.105991
939.999001	gene 5.7	4634.000000	217.000000	0.036866
939.999001	gene 5.9	4633.000000	216.000000	0.050926
939.999001	gene 6	4543.000000	216.000000	0.296296
939.999001	gene 6.3	4687.000000	213.000000	0.070423
939.999001	gene 6.5	8255.000000	385.000000	0.114286
939.999001	gene 6.7	8259.000000	385.000000	0.114286
939.999001	gene 7	8151.000000	384.000000	0.125000
939.999001	gene 7.3	8202.000000	382.000000	0.102094
939.999001	gene 7.7	8098.000000	381.000000	0.165354
939.999001	gene 8	7573.000000	381.000000	0.522310
939.999001	gene 9	17863.000000	869.000000	0.237054
939.999001	gp-2	1960.000000	120.000000	0.091667
939.999001	lysozyme-3.5	2664.000000	142.000000	0.140845
939.999001	nonpref_charged	350.000000	0.000000	0.000000
939.999001	nonpref_uncharged	14650.000000	0.000000	0.000000
939.999001	pref_charged	20821.000000	0.000000	0.000000
939.999001	pref_uncharged	14179.000000	0.000000	0.000000
939.999001	protein_kinase-0.7	873.000000	12.000000	0.583333
939.999001	rnapol-1	0.000000	12.000000	14.250000
939.999001	rnapol-3.5	468.000000	0.000000	0.000000
944.999001	E. coli B promoter	1.000000	0.000000	0.000000
944.999001	E. coli C promoter	1.000000	0.000000	0.000000
944.999001	E. coli promoter A1	1.000000	0.000000	0.000000
944.999001	E. coli promoter A2	1.000000	0.000000	0.000000
944.999001	E. coli promoter A3	1.000000	0.000000	0.000000
944.999001	T7 promoter phi1.1A	1.000000	0.000000	0.000000
944.999001	T7 promoter phi1.1B	1.000000	0.000000	0.000000
944.999001	T7 promoter phi1.3	0.000000	0.000000	0.000000
944.999001	T7 promoter phi1.5	1.000000	0.000000	0.000000
944.999001	T7 promoter phi1.6	1.000000	0.000000	0.000000
944.999001	T7 promoter phi10	0.000000	0.000000	0.000000
944.999001	T7 promoter phi13	0.000000	0.000000	0.000000
944.999001	T7 promoter phi17	0.000000	0.000000	0.000000
944.999001	T7 promoter phi2.5	1.000000	0.000000	0.000000
944.999001	T7 promoter phi3.8	1.000000	0.000000	0.000000
944.999001	T7 promoter phi4.3	1.000000	0.000000	0.000000
944.999001	T7 promoter phi4.7	1.000000	0.000000	0.000000
944.999001	T7 promoter phi4c	1.000000	0.000000	0.000000
944.999001	T7 promoter phi6.5	1.000000	0.000000	0.000000
944.999001	T7 promoter phi9	0.000000	0.000000	0.000000
944.999001	__gene 0.3_rbs	12.000000	0.000000	0.000000
944.999001	__gene 1.1_rbs	48.000000	0.000000	0.000000
944.999001	__gene 1.2_rbs	27.000000	0.000000	0.000000
944.999001	__gene 1.3_rbs	69.000000	0.000000	0.000000
944.999001	__gene 1.4_rbs	67.000000	0.000000	0.000000
944.999001	__gene 1.7_rbs	121.000000	0.000000	0.000000
944.999001	__gene 1.8_rbs	118.000000	0.000000	0.000000
944.999001	__gene 10A_rbs	1702.000000	0.000000	0.000000
944.999001	__gene 11_rbs	261.000000	0.000000	0.000000
944.999001	__gene 12_rbs	259.000000	0.000000	0.000000
944.999001	__gene 13_rbs	544.000000	0.000000	0.000000
944.999001	__gene 14_rbs	535.000000	0.000000	0.000000
944.999001	__gene 15_rbs	526.000000	0.000000	0.000000
944.999001	__gene 16_rbs	525.000000	0.000000	0.000000
944.999001	__gene 17.5_rbs	694.000000	0.000000	0.000000
944.999001	__gene 17_rbs	716.000000	0.000000	0.000000
944.999001	__gene 18.5_rbs	687.000000	0.000000	0.000000
944.999001	__gene 18.7_rbs	664.000000	0.000000	0.000000
944.999001	__gene 18_rbs	676.000000	0.000000	0.000000
944.999001	__gene 19.2_rbs	663.000000	0.000000	0.000000
944.999001	__gene 19.3_rbs	663.000000	0.000000	0.000000
944.999001	__gene 19.5_rbs	670.000000	0.000000	0.000000
944.999001	__gene 19_rbs	685.000000	0.000000	0.000000
944.999001	__gene 2.5_rbs	145.000000	0.000000	0.000000
944.999001	__gene 2.8_rbs	141.000000	0.000000	0.000000
944.999001	__gene 3.8_rbs	166.000000	0.000000	0.000000
944.999001	__gene 3_rbs	136.000000	0.000000	0.000000
944.999001	__gene 4.2_rbs	174.000000	0.000000	0.000000
944.999001	__gene 4.3_rbs	177.000000	0.000000	0.000000
944.999001	__gene 4.5_rbs	202.000000	0.000000	0.000000
944.999001	__gene 4.7_rbs	203.000000	0.000000	0.000000
944.999001	__gene 4A_rbs	163.000000	0.000000	0.000000
944.999001	__gene 5.3_rbs	214.000000	0.000000	0.000000
944.999001	__gene 5.5_rbs	215.000000	0.000000	0.000000
944.999001	__gene 5.7_rbs	212.000000	0.000000	0.000000
944.999001	__gene 5.9_rbs	214.000000	0.000000	0.000000
944.999001	__gene 5_rbs	219.000000	0.000000	0.000000
944.999001	__gene 6.3_rbs	212.000000	0.000000	0.000000
944.999001	__gene 6.5_rbs	384.000000	0.000000	0.000000
944.999001	__gene 6.7_rbs	372.000000	0.000000	0.000000
944.999001	__gene 6_rbs	212.000000	0.000000	0.000000
944.999001	__gene 7.3_rbs	368.000000	0.000000	0.000000
944.999001	__gene 7.7_rbs	383.000000	0.000000	0.000000
944.999001	__gene 7_rbs	380.000000	0.000000	0.000000
944.999001	__gene 8_rbs	371.000000	0.000000	0.000000
944.999001	__gene 9_rbs	867.000000	0.000000	0.000000
944.999001	__gp-2_rbs	117.000000	0.000000	0.000000
944.999001	__lysozyme-3.5_rbs	143.000000	0.000000	0.000000
944.999001	__protein_kinase-0.7_rbs	12.000000	0.000000	0.000000
944.999001	__ribosome	6.000000	0.000000	0.000000
944.999001	__rnapol-1_rbs	12.000000	0.000000	0.000000
944.999001	bound_ecolipol	0.000000	0.000000	0.000000
944.999001	bound_ecolipol_p	887.000000	0.000000	0.000000
944.999001	bound_ribosome	4742.000000	0.000000	0.000000
944.999001	degraded_transcript	34381.000000	0.000000	0.000000
944.999001	ecoli_genome	913.000000	0.000000	0.000000
944.999001	ecoli_transcript	27298.000000	0.000000	0.000000
944.999001	ecolipol	0.000000	0.000000	0.000000
944.999001	ecolipol-2	0.000000	0.000000	0.000000
944.999001	ecolipol-2-p	901.000000	0.000000	0.000000
944.999001	ecolipol-p	10.000000	0.000000	0.000000
944.999001	gene 0.3	910.000000	13.000000	0.230769
944.999001	gene 1.1	1973.000000	59.000000	0.288136
944.999001	gene 1.2	1305.000000	35.000000	4.057143
944.999001	gene 1.3	1841.000000	78.000000	5.269231
944.999001	gene 1.4	1792.000000	67.000000	0.014925
944.999001	gene 1.7	3122.000000	121.000000	0.190083
944.999001	gene 1.8	2985.000000	121.000000	0.057851
944.999001	gene 10A	37735.000000	1724.000000	0.196636
944.999001	gene 11	6006.000000	265.000000	0.203774
944.999001	gene 12	5787.000000	262.000000	0.786260
944.999001	gene 13	11091.000000	553.000000	0.142857
944.999001	gene 14	10447.000000	549.000000	0.205829
944.999001	gene 15	10291.000000	548.000000	0.735401
944.999001	gene 16	9225.000000	531.000000	1.369115
944.999001	gene 17	12551.000000	721.000000	0.542302
944.999001	gene 17.5	12178.000000	702.000000	0.095442
944.999001	gene 18	12204.000000	701.000000	0.085592
944.999001	gene 18.5	12122.000000	698.000000	0.159026
944.999001	gene 18.7	11796.000000	696.000000	0.122126
944.999001	gene 19	11502.000000	694.000000	0.560519
944.999001	gene 19.2	11552.000000	689.000000	0.072569
944.999001	gene 19.3	11345.000000	686.000000	0.058309
944.999001	gene 19.5	11064.000000	680.000000	0.064706
944.999001	gene 2.5	3424.000000	145.000000	0.200000
944.999001	gene 2.8	3382.000000	145.000000	0.179310
944.999001	gene 3	3227.000000	145.000000	0.248276
944.999001	gene 3.8	3920.000000	168.000000	0.166667
944.999001	gene 4.2	4012.000000	179.000000	0.134078
944.999001	gene 4.3	4208.000000	179.000000	0.089385
944.999001	gene 4.5	4684.000000	204.000000	0.112745
944.999001	gene 4.7	4865.000000	204.000000	0.137255
944.999001	gene 4A	3626.000000	166.000000	0.475904
944.999001	gene 5	4988.000000	221.000000	0.769231
944.999001	gene 5.3	4774.000000	219.000000	0.159817
944.999001	gene 5.5	4742.000000	219.000000	0.086758
944.999001	gene 5.7	4712.000000	218.000000	0.045872
944.999001	gene 5.9	4695.000000	218.000000	0.050459
944.999001	gene 6	4612.000000	218.000000	0.247706
944.999001	gene 6.3	4748.000000	217.000000	0.046083
944.999001	gene 6.5	8370.000000	391.000000	0.115090
944.999001	gene 6.7	8385.000000	390.000000	0.125641
944.999001	gene 7	8272.000000	388.000000	0.115979
944.999001	gene 7.3	8318.000000	386.000000	0.111399
944.999001	gene 7.7	8214.000000	385.000000	0.176623
944.999001	gene 8	7688.000000	385.000000	0.563636
944.999001	gene 9	18116.000000	879.000000	0.246871
944.999001	gp-2	2018.000000	120.000000	0.050000
944.999001	lysozyme-3.5	2712.000000	145.000000	0.110345
944.999001	nonpref_charged	350.000000	0.000000	0.000000
944.999001	nonpref_uncharged	14650.000000	0.000000	0.000000
944.999001	pref_charged	20909.000000	0.000000	0.000000
944.999001	pref_uncharged	14091.000000	0.000000	0.000000
944.999001	protein_kinase-0.7	875.000000	12.000000	0.833333
944.999001	rnapol-1	1.000000	12.000000	14.666667
944.999001	rnapol-3.5	462.000000	0.000000	0.000000
949.999000	E. coli B promoter	1.000000	0.000000	0.000000
949.999000	E. coli C promoter	1.000000	0.000000	0.000000
949.999000	E. coli promoter A1	1.000000	0.000000	0.000000
949.999000	E. coli promoter A2	1.000000	0.000000	0.000000
949.999000	E. coli promoter A3	1.000000	0.000000	0.000000
949.999000	T7 promoter phi1.1A	1.000000	0.000000	0.000000
949.999000	T7 promoter phi1.1B	1.000000	0.000000	0.000000
949.999000	T7 promoter phi1.3	1.000000	0.000000	0.000000
949.999000	T7 promoter phi1.5	1.000000	0.000000	0.000000
949.999000	T7 promoter phi1.6	1.000000	0.000000	0.000000
949.999000	T7 promoter phi10	0.000000	0.000000	0.000000
949.999000	T7 promoter phi13	1.000000	0.000000	0.000000
949.999000	T7 promoter phi17	1.000000	0.000000	0.000000
949.999000	T7 promoter phi2.5	1.000000	0.000000	0.000000
949.999000	T7 promoter phi3.8	1.000000	0.000000	0.000000
949.999000	T7 promoter phi4.3	1.000000	0.000000	0.000000
949.999000	T7 promoter phi4.7	1.000000	0.000000	0.000000
949.999000	T7 promoter phi4c	1.000000	0.000000	0.000000
949.999000	T7 promoter phi6.5	1.000000	0.000000	0.000000
949.999000	T7 promoter phi9	1.000000	0.000000	0.000000
949.999000	__gene 0.3_rbs	12.000000	0.000000	0.000000
949.999000	__gene 1.1_rbs	50.000000	0.000000	0.000000
949.999000	__gene 1.2_rbs	27.000000	0.000000	0.000000
949.999000	__gene 1.3_rbs	70.000000	0.000000	0.000000
949.999000	__gene 1.4_rbs	66.000000	0.000000	0.000000
949.999000	__gene 1.7_rbs	121.000000	0.000000	0.000000
949.999000	__gene 1.8_rbs	121.000000	0.000000	0.000000
949.999000	__gene 10A_rbs	1718.000000	0.000000	0.000000
949.999000	__gene 11_rbs	263.000000	0.000000	0.000000
949.999000	__gene 12_rbs	263.000000	0.000000	0.000000
949.999000	__gene 13_rbs	554.000000	0.000000	0.000000
949.999000	__gene 14_rbs	541.000000	0.000000	0.000000
949.999000	__gene 15_rbs	538.000000	0.000000	0.000000
949.999000	__gene 16_rbs	530.000000	0.000000	0.000000
949.999000	__gene 17.5_rbs	704.000000	0.000000	0.000000
949.999000	__gene 17_rbs	726.000000	0.000000	0.000000
949.999000	__gene 18.5_rbs	690.000000	0.000000	0.000000
949.999000	__gene 18.7_rbs	682.000000	0.000000	0.000000
949.999000	__gene 18_rbs	699.000000	0.000000	0.000000
949.999000	__gene 19.2_rbs	674.000000	0.000000	0.000000
949.999000	__gene 19.3_rbs	670.000000	0.000000	0.000000
949.999000	__gene 19.5_rbs	682.000000	0.000000	0.000000
949.999000	__gene 19_rbs	692.000000	0.000000	0.000000
949.999000	__gene 2.5_rbs	145.000000	0.000000	0.000000
949.999000	__gene 2.8_rbs	143.000000	0.000000	0.000000
949.999000	__gene 3.8_rbs	166.000000	0.000000	0.000000
949.999000	__gene 3_rbs	140.000000	0.000000	0.000000
949.999000	__gene 4.2_rbs	176.000000	0.000000	0.000000
949.999000	__gene 4.3_rbs	178.000000	0.000000	0.000000
949.999000	__gene 4.5_rbs	204.000000	0.000000	0.000000
949.999000	__gene 4.7_rbs	203.000000	0.000000	0.000000
949.999000	__gene 4A_rbs	165.000000	0.000000	0.000000
949.999000	__gene 5.3_rbs	215.000000	0.000000	0.000000
949.999000	__gene 5.5_rbs	217.000000	0.000000	0.000000
949.999000	__gene 5.7_rbs	212.000000	0.000000	0.000000
949.999000	__gene 5.9_rbs	213.000000	0.000000	0.000000
949.999000	__gene 5_rbs	220.000000	0.000000	0.000000
949.999000	__gene 6.3_rbs	206.000000	0.000000	0.000000
949.999000	__gene 6.5_rbs	391.000000	0.000000	0.000000
949.999000	__gene 6.7_rbs	377.000000	0.000000	0.000000
949.999000	__gene 6_rbs	208.000000	0.000000	0.000000
949.999000	__gene 7.3_rbs	383.000000	0.000000	0.000000
949.999000	__gene 7.7_rbs	385.000000	0.000000	0.000000
949.999000	__gene 7_rbs	384.000000	0.000000	0.000000
949.999000	__gene 8_rbs	383.000000	0.000000	0.000000
949.999000	__gene 9_rbs	880.000000	0.000000	0.000000
949.999000	__gp-2_rbs	117.000000	0.000000	0.000000
949.999000	__lysozyme-3.5_rbs	142.000000	0.000000	0.000000
949.999000	__protein_kinase-0.7_rbs	11.000000	0.000000	0.000000
949.999000	__ribosome	4.000000	0.000000	0.000000
949.999000	__rnapol-1_rbs	12.000000	0.000000	0.000000
949.999000	bound_ecolipol	0.000000	0.000000	0.000000
949.999000	bound_ecolipol_p	900.000000	0.000000	0.000000
949.999000	bound_ribosome	4570.000000	0.000000	0.000000
949.999000	degraded_transcript	34654.000000	0.000000	0.000000
949.999000	ecoli_genome	900.000000	0.000000	0.000000
949.999000	ecoli_transcript	27367.000000	0.000000	0.000000
949.999000	ecolipol	0.000000	0.000000	0.000000
949.999000	ecolipol-2	0.000000	0.000000	0.000000
949.999000	ecolipol-2-p	884.000000	0.000000	0.000000
949.999000	ecolipol-p	14.000000	0.000000	0.000000
949.999000	gene 0.3	913.000000	13.000000	0.153846
949.999000	gene 1.1	1993.000000	59.000000	0.237288
949.999000	gene 1.2	1311.000000	35.000000	4.114286
949.999000	gene 1.3	1860.000000	79.000000	5.202532
949.999000	gene 1.4	1809.000000	67.000000	0.014925
949.999000	gene 1.7	3153.000000	122.000000	0.229508
949.999000	gene 1.8	3021.000000	122.000000	0.065574
949.999000	gene 10A	38270.000000	1744.000000	0.225344
949.999000	gene 11	6094.000000	268.000000	0.194030
949.999000	gene 12	5874.000000	266.000000	0.703008
949.999000	gene 13	11249.000000	560.000000	0.142857
949.999000	gene 14	10613.000000	557.000000	0.195691
949.999000	gene 15	10456.000000	554.000000	0.765343
949.999000	gene 16	9376.000000	538.000000	1.388476
949.999000	gene 17	12761.000000	732.000000	0.554645
949.999000	gene 17.5	12405.000000	715.000000	0.065734
949.999000	gene 18	12399.000000	713.000000	0.107994
949.999000	gene 18.5	12330.000000	708.000000	0.186441
949.999000	gene 18.7	11993.000000	708.000000	0.125706
949.999000	gene 19	11691.000000	704.000000	0.558239
949.999000	gene 19.2	11772.000000	698.000000	0.107450
949.999000	gene 19.3	11533.000000	694.000000	0.074928
949.999000	gene 19.5	11299.000000	688.000000	0.053779
949.999000	gene 2.5	3479.000000	146.000000	0.232877
949.999000	gene 2.8	3427.000000	146.000000	0.143836
949.999000	gene 3	3281.000000	145.000000	0.206897
949.999000	gene 3.8	3969.000000	169.000000	0.213018
949.999000	gene 4.2	4066.000000	181.000000	0.055249
949.999000	gene 4.3	4273.000000	179.000000	0.055866
949.999000	gene 4.5	4756.000000	204.000000	0.049020
949.999000	gene 4.7	4934.000000	204.000000	0.098039
949.999000	gene 4A	3669.000000	169.000000	0.514793
949.999000	gene 5	5058.000000	221.000000	0.823529
949.999000	gene 5.3	4847.000000	220.000000	0.118182
949.999000	gene 5.5	4812.000000	219.000000	0.132420
949.999000	gene 5.7	4778.000000	219.000000	0.063927
949.999000	gene 5.9	4768.000000	219.000000	0.063927
949.999000	gene 6	4668.000000	219.000000	0.310502
949.999000	gene 6.3	4819.000000	218.000000	0.068807
949.999000	gene 6.5	8480.000000	396.000000	0.118687
949.999000	gene 6.7	8512.000000	394.000000	0.098985
949.999000	gene 7	8381.000000	393.000000	0.150127
949.999000	gene 7.3	8444.000000	392.000000	0.084184
949.999000	gene 7.7	8343.000000	391.000000	0.138107
949.999000	gene 8	7800.000000	388.000000	0.561856
949.999000	gene 9	18366.000000	890.000000	0.276404
949.999000	gp-2	2083.000000	122.000000	0.065574
949.999000	lysozyme-3.5	2752.000000	145.000000	0.131034
949.999000	nonpref_charged	300.000000	0.000000	0.000000
949.999000	nonpref_uncharged	14700.000000	0.000000	0.000000
949.999000	pref_charged	20079.000000	0.000000	0.000000
949.999000	pref_uncharged	14921.000000	0.000000	0.000000
949.999000	protein_kinase-0.7	880.000000	12.000000	0.666667
949.999000	rnapol-1	0.000000	12.000000	15.083333
949.999000	rnapol-3.5	468.000000	0.000000	0.000000
954.999001	E. coli B promoter	1.000000	0.000000	0.000000
954.999001	E. coli C promoter	1.000000	0.000000	0.000000
954.999001	E. coli promoter A1	1.000000	0.000000	0.000000
954.999001	E. coli promoter A2	1.000000	0.000000	0.000000
954.999001	E. coli promoter A3	1.000000	0.000000	0.000000
954.999001	T7 promoter phi1.1A	1.000000	0.000000	0.000000
954.999001	T7 promoter phi1.1B	1.000000	0.000000	0.000000
954.999001	T7 promoter phi1.3	1.000000	0.000000	0.000000
954.999001	T7 promoter phi1.5	1.000000	0.000000	0.000000
954.999001	T7 promoter phi1.6	1.000000	0.000000	0.000000
954.999001	T7 promoter phi10	0.000000	0.000000	0.000000
954.999001	T7 promoter phi13	1.000000	0.000000	0.000000
954.999001	T7 promoter phi17	1.000000	0.000000	0.000000
954.999001	T7 promoter phi2.5	1.000000	0.000000	0.000000
954.999001	T7 promoter phi3.8	1.000000	0.000000	0.000000
954.999001	T7 promoter phi4.3	1.000000	0.000000	0.000000
954.999001	T7 promoter phi4.7	0.000000	0.000000	0.000000
954.999001	T7 promoter phi4c	1.000000	0.000000	0.000000
954.999001	T7 promoter phi6.5	1.000000	0.000000	0.000000
954.999001	T7 promoter phi9	0.000000	0.000000	0.000000
954.999001	__gene 0.3_rbs	13.000000	0.000000	0.000000
954.999001	__gene 1.1_rbs	51.000000	0.000000	0.000000
954.999001	__gene 1.2_rbs	27.000000	0.000000	0.000000
954.999001	__gene 1.3_rbs	70.000000	0.000000	0.000000
954.999001	__gene 1.4_rbs	68.000000	0.000000	0.000000
954.999001	__gene 1.7_rbs	121.000000	0.000000	0.000000
954.999001	__gene 1.8_rbs	122.000000	0.000000	0.000000
954.999001	__gene 10A_rbs	1751.000000	0.000000	0.000000
954.999001	__gene 11_rbs	266.000000	0.000000	0.000000
954.999001	__gene 12_rbs	266.000000	0.000000	0.000000
954.999001	__gene 13_rbs	558.000000	0.000000	0.000000
954.999001	__gene 14_rbs	545.000000	0.000000	0.000000
954.999001	__gene 15_rbs	546.000000	0.000000	0.000000
954.999001	__gene 16_rbs	541.000000	0.000000	0.000000
954.999001	__gene 17.5_rbs	716.000000	0.000000	0.000000
954.999001	__gene 17_rbs	735.000000	0.000000	0.000000
954.999001	__gene 18.5_rbs	710.000000	0.000000	0.000000
954.999001	__gene 18.7_rbs	699.000000	0.000000	0.000000
954.999001	__gene 18_rbs	702.000000	0.000000	0.000000
954.999001	__gene 19.2_rbs	684.000000	0.000000	0.000000
954.999001	__gene 19.3_rbs	682.000000	0.000000	0.000000
954.999001	__gene 19.5_rbs	686.000000	0.000000	0.000000
954.999001	__gene 19_rbs	703.000000	0.000000	0.000000
954.999001	__gene 2.5_rbs	146.000000	0.000000	0.000000
954.999001	__gene 2.8_rbs	144.000000	0.000000	0.000000
954.999001	__gene 3.8_rbs	170.000000	0.000000	0.000000
954.999001	__gene 3_rbs	139.000000	0.000000	0.000000
954.999001	__gene 4.2_rbs	181.000000	0.000000	0.000000
954.999001	__gene 4.3_rbs	177.000000	0.000000	0.000000
954.999001	__gene 4.5_rbs	205.000000	0.000000	0.000000
954.999001	__gene 4.7_rbs	205.000000	0.000000	0.000000
954.999001	__gene 4A_rbs	165.000000	0.000000	0.000000
954.999001	__gene 5.3_rbs	216.000000	0.000000	0.000000
954.999001	__gene 5.5_rbs	218.000000	0.000000	0.000000
954.999001	__gene 5.7_rbs	218.000000	0.000000	0.000000
954.999001	__gene 5.9_rbs	208.000000	0.000000	0.000000
954.999001	__gene 5_rbs	218.000000	0.000000	0.000000
954.999001	__gene 6.3_rbs	211.000000	0.000000	0.000000
954.999001	__gene 6.5_rbs	394.000000	0.000000	0.000000
954.999001	__gene 6.7_rbs	391.000000	0.000000	0.000000
954.999001	__gene 6_rbs	211.000000	0.000000	0.000000
954.999001	__gene 7.3_rbs	385.000000	0.000000	0.000000
954.999001	__gene 7.7_rbs	390.000000	0.000000	0.000000
954.999001	__gene 7_rbs	387.000000	0.000000	0.000000
954.999001	__gene 8_rbs	385.000000	0.000000	0.000000
954.999001	__gene 9_rbs	886.000000	0.000000	0.000000
954.999001	__gp-2_rbs	120.000000	0.000000	0.000000
954.999001	__lysozyme-3.5_rbs	141.000000	0.000000	0.000000
954.999001	__protein_kinase-0.7_rbs	11.000000	0.000000	0.000000
954.999001	__ribosome	4.000000	0.000000	0.000000
954.999001	__rnapol-1_rbs	12.000000	0.000000	0.000000
954.999001	bound_ecolipol	0.000000	0.000000	0.000000
954.999001	bound_ecolipol_p	893.000000	0.000000	0.000000
954.999001	bound_ribosome	4539.000000	0.000000	0.000000
954.999001	degraded_transcript	34905.000000	0.000000	0.000000
954.999001	ecoli_genome	907.000000	0.000000	0.000000
954.999001	ecoli_transcript	27322.000000	0.000000	0.000000
954.999001	ecolipol	0.000000	0.000000	0.000000
954.999001	ecolipol-2	0.000000	0.000000	0.000000
954.999001	ecolipol-2-p	896.000000	0.000000	0.000000
954.999001	ecolipol-p	9.000000	0.000000	0.000000
954.999001	gene 0.3	915.000000	13.000000	0.307692
954.999001	gene 1.1	2006.000000	59.000000	0.237288
954.999001	gene 1.2	1317.000000	35.000000	4.085714
954.999001	gene 1.3	1877.000000	80.000000	5.187500
954.999001	gene 1.4	1821.000000	68.000000	0.014706
954.999001	gene 1.7	3190.000000	123.000000	0.186992
954.999001	gene 1.8	3046.000000	122.000000	0.040984
954.999001	gene 10A	38822.000000	1764.000000	0.209184
954.999001	gene 11	6175.000000	270.000000	0.177778
954.999001	gene 12	5952.000000	270.000000	0.692593
954.999001	gene 13	11399.000000	566.000000	0.157244
954.999001	gene 14	10784.000000	563.000000	0.184725
954.999001	gene 15	10611.000000	560.000000	0.767857
954.999001	gene 16	9547.000000	548.000000	1.339416
954.999001	gene 17	12978.000000	743.000000	0.569314
954.999001	gene 17.5	12627.000000	726.000000	0.084022
954.999001	gene 18	12639.000000	724.000000	0.096685
954.999001	gene 18.5	12542.000000	720.000000	0.141667
954.999001	gene 18.7	12211.000000	720.000000	0.129167
954.999001	gene 19	11901.000000	717.000000	0.598326
954.999001	gene 19.2	11989.000000	708.000000	0.086158
954.999001	gene 19.3	11756.000000	704.000000	0.068182
954.999001	gene 19.5	11492.000000	696.000000	0.063218
954.999001	gene 2.5	3535.000000	148.000000	0.283784
954.999001	gene 2.8	3473.000000	147.000000	0.183673
954.999001	gene 3	3330.000000	146.000000	0.212329
954.999001	gene 3.8	4024.000000	170.000000	0.147059
954.999001	gene 4.2	4117.000000	185.000000	0.145946
954.999001	gene 4.3	4330.000000	184.000000	0.086957
954.999001	gene 4.5	4802.000000	208.000000	0.086538
954.999001	gene 4.7	4996.000000	206.000000	0.140777
954.999001	gene 4A	3710.000000	170.000000	0.523529
954.999001	gene 5	5127.000000	221.000000	0.846154
954.999001	gene 5.3	4913.000000	221.000000	0.144796
954.999001	gene 5.5	4885.000000	221.000000	0.099548
954.999001	gene 5.7	4850.000000	220.000000	0.063636
954.999001	gene 5.9	4832.000000	220.000000	0.054545
954.999001	gene 6	4737.000000	220.000000	0.322727
954.999001	gene 6.3	4899.000000	219.000000	0.041096
954.999001	gene 6.5	8623.000000	402.000000	0.104478
954.999001	gene 6.7	8632.000000	402.000000	0.106965
954.999001	gene 7	8516.000000	398.000000	0.145729
954.999001	gene 7.3	8563.000000	397.000000	0.103275
954.999001	gene 7.7	8454.000000	396.000000	0.156566
954.999001	gene 8	7927.000000	393.000000	0.544529
954.999001	gene 9	18651.000000	898.000000	0.258352
954.999001	gp-2	2104.000000	122.000000	0.081967
954.999001	lysozyme-3.5	2788.000000	146.000000	0.089041
954.999001	nonpref_charged	343.000000	0.000000	0.000000
954.999001	nonpref_uncharged	14657.000000	0.000000	0.000000
954.999001	pref_charged	20425.000000	0.000000	0.000000
954.999001	pref_uncharged	14575.000000	0.000000	0.000000
954.999001	protein_kinase-0.7	885.000000	12.000000	0.666667
954.999001	rnapol-1	0.000000	12.000000	15.500000
954.999001	rnapol-3.5	460.000000	0.000000	0.000000
959.999001	E. coli B promoter	1.000000	0.000000	0.000000
959.999001	E. coli C promoter	1.000000	0.000000	0.000000
959.999001	E. coli promoter A1	1.000000	0.000000	0.000000
959.999001	E. coli promoter A2	1.000000	0.000000	0.000000
959.999001	E. coli promoter A3	1.000000	0.000000	0.000000
959.999001	T7 promoter phi1.1A	1.000000	0.000000	0.000000
959.999001	T7 promoter phi1.1B	0.000000	0.000000	0.000000
959.999001	T7 promoter phi1.3	1.000000	0.000000	0.000000
959.999001	T7 promoter phi1.5	1.000000	0.000000	0.000000
959.999001	T7 promoter phi1.6	1.000000	0.000000	0.000000
959.999001	T7 promoter phi10	0.000000	0.000000	0.000000
959.999001	T7 promoter phi13	0.000000	0.000000	0.000000
959.999001	T7 promoter phi17	1.000000	0.000000	0.000000
959.999001	T7 promoter phi2.5	1.000000	0.000000	0.000000
959.999001	T7 promoter phi3.8	1.000000	0.000000	0.000000
959.999001	T7 promoter phi4.3	1.000000	0.000000	0.000000
959.999001	T7 promoter phi4.7	1.000000	0.000000	0.000000
959.999001	T7 promoter phi4c	1.000000	0.000000	0.000000
959.999001	T7 promoter phi6.5	1.000000	0.000000	0.000000
959.999001	T7 promoter phi9	0.000000	0.000000	0.000000
959.999001	__gene 0.3_rbs	12.000000	0.000000	0.000000
959.999001	__gene 1.1_rbs	52.000000	0.000000	0.000000
959.999001	__gene 1.2_rbs	27.000000	0.000000	0.000000
959.999001	__gene 1.3_rbs	73.000000	0.000000	0.000000
959.999001	__gene 1.4_rbs	69.000000	0.000000	0.000000
959.999001	__gene 1.7_rbs	124.000000	0.000000	0.000000
959.999001	__gene 1.8_rbs	120.000000	0.000000	0.000000
959.999001	__gene 10A_rbs	1766.000000	0.000000	0.000000
959.999001	__gene 11_rbs	272.000000	0.000000	0.000000
959.999001	__gene 12_rbs	268.000000	0.000000	0.000000
959.999001	__gene 13_rbs	563.000000	0.000000	0.000000
959.999001	__gene 14_rbs	544.000000	0.000000	0.000000
959.999001	__gene 15_rbs	553.000000	0.000000	0.000000
959.999001	__gene 16_rbs	543.000000	0.000000	0.000000
959.999001	__gene 17.5_rbs	731.000000	0.000000	0.000000
959.999001	__gene 17_rbs	746.000000	0.000000	0.000000
959.999001	__gene 18.5_rbs	724.000000	0.000000	0.000000
959.999001	__gene 18.7_rbs	701.000000	0.000000	0.000000
959.999001	__gene 18_rbs	714.000000	0.000000	0.000000
959.999001	__gene 19.2_rbs	689.000000	0.000000	0.000000
959.999001	__gene 19.3_rbs	685.000000	0.000000	0.000000
959.999001	__gene 19.5_rbs	701.000000	0.000000	0.000000
959.999001	__gene 19_rbs	716.000000	0.000000	0.000000
959.999001	__gene 2.5_rbs	148.000000	0.000000	0.000000
959.999001	__gene 2.8_rbs	145.000000	0.000000	0.000000
959.999001	__gene 3.8_rbs	171.000000	0.000000	0.000000
959.999001	__gene 3_rbs	142.000000	0.000000	0.000000
959.999001	__gene 4.2_rbs	179.000000	0.000000	0.000000
959.999001	__gene 4.3_rbs	181.000000	0.000000	0.000000
959.999001	__gene 4.5_rbs	208.000000	0.000000	0.000000
959.999001	__gene 4.7_rbs	208.000000	0.000000	0.000000
959.999001	__gene 4A_rbs	163.000000	0.000000	0.000000
959.999001	__gene 5.3_rbs	218.000000	0.000000	0.000000
959.999001	__gene 5.5_rbs	216.000000	0.000000	0.000000
959.999001	__gene 5.7_rbs	216.000000	0.000000	0.000000
959.999001	__gene 5.9_rbs	212.000000	0.000000	0.000000
959.999001	__gene 5_rbs	225.000000	0.000000	0.000000
959.999001	__gene 6.3_rbs	216.000000	0.000000	0.000000
959.999001	__gene 6.5_rbs	395.000000	0.000000	0.000000
959.999001	__gene 6.7_rbs	392.000000	0.000000	0.000000
959.999001	__gene 6_rbs	217.000000	0.000000	0.000000
959.999001	__gene 7.3_rbs	390.000000	0.000000	0.000000
959.999001	__gene 7.7_rbs	394.000000	0.000000	0.000000
959.999001	__gene 7_rbs	392.000000	0.000000	0.000000
959.999001	__gene 8_rbs	386.000000	0.000000	0.000000
959.999001	__gene 9_rbs	903.000000	0.000000	0.000000
959.999001	__gp-2_rbs	120.000000	0.000000	0.000000
959.999001	__lysozyme-3.5_rbs	145.000000	0.000000	0.000000
959.999001	__protein_kinase-0.7_rbs	13.000000	0.000000	0.000000
959.999001	__ribosome	2.000000	0.000000	0.000000
959.999001	__rnapol-1_rbs	11.000000	0.000000	0.000000
959.999001	bound_ecolipol	0.000000	0.000000	0.000000
959.999001	bound_ecolipol_p	884.000000	0.000000	0.000000
959.999001	bound_ribosome	4420.000000	0.000000	0.000000
959.999001	degraded_transcript	35171.000000	0.000000	0.000000
959.999001	ecoli_genome	916.000000	0.000000	0.000000
959.999001	ecoli_transcript	27343.000000	0.000000	0.000000
959.999001	ecolipol	0.000000	0.000000	0.000000
959.999001	ecolipol-2	0.000000	0.000000	0.000000
959.999001	ecolipol-2-p	904.000000	0.000000	0.000000
959.999001	ecolipol-p	10.000000	0.000000	0.000000
959.999001	gene 0.3	921.000000	13.000000	0.076923
959.999001	gene 1.1	2024.000000	61.000000	0.262295
959.999001	gene 1.2	1322.000000	37.000000	3.972973
959.999001	gene 1.3	1901.000000	81.000000	5.086420
959.999001	gene 1.4	1841.000000	69.000000	0.086957
959.999001	gene 1.7	3225.000000	124.000000	0.201613
959.999001	gene 1.8	3082.000000	123.000000	0.073171
959.999001	gene 10A	39372.000000	1783.000000	0.219854
959.999001	gene 11	6247.000000	273.000000	0.216117
959.999001	gene 12	6019.000000	272.000000	0.742647
959.999001	gene 13	11570.000000	571.000000	0.166375
959.999001	gene 14	10946.000000	570.000000	0.228070
959.999001	gene 15	10756.000000	566.000000	0.777385
959.999001	gene 16	9714.000000	554.000000	1.332130
959.999001	gene 17	13200.000000	755.000000	0.525828
959.999001	gene 17.5	12855.000000	738.000000	0.070461
959.999001	gene 18	12855.000000	735.000000	0.089796
959.999001	gene 18.5	12741.000000	731.000000	0.184679
959.999001	gene 18.7	12447.000000	731.000000	0.113543
959.999001	gene 19	12095.000000	728.000000	0.646978
959.999001	gene 19.2	12184.000000	721.000000	0.109570
959.999001	gene 19.3	11958.000000	716.000000	0.079609
959.999001	gene 19.5	11702.000000	707.000000	0.055163
959.999001	gene 2.5	3588.000000	149.000000	0.167785
959.999001	gene 2.8	3521.000000	148.000000	0.148649
959.999001	gene 3	3374.000000	148.000000	0.189189
959.999001	gene 3.8	4072.000000	172.000000	0.162791
959.999001	gene 4.2	4164.000000	185.000000	0.183784
959.999001	gene 4.3	4386.000000	185.000000	0.108108
959.999001	gene 4.5	4865.000000	210.000000	0.066667
959.999001	gene 4.7	5061.000000	210.000000	0.114286
959.999001	gene 4A	3759.000000	171.000000	0.491228
959.999001	gene 5	5212.000000	227.000000	0.766520
959.999001	gene 5.3	4979.000000	221.000000	0.122172
959.999001	gene 5.5	4952.000000	221.000000	0.122172
959.999001	gene 5.7	4918.000000	221.000000	0.058824
959.999001	gene 5.9	4900.000000	221.000000	0.040724
959.999001	gene 6	4805.000000	221.000000	0.208145
959.999001	gene 6.3	4972.000000	220.000000	0.072727
959.999001	gene 6.5	8750.000000	406.000000	0.098522
959.999001	gene 6.7	8746.000000	406.000000	0.108374
959.999001	gene 7	8638.000000	405.000000	0.111111
959.999001	gene 7.3	8665.000000	403.000000	0.109181
959.999001	gene 7.7	8579.000000	402.000000	0.149254
959.999001	gene 8	8035.000000	400.000000	0.585000
959.999001	gene 9	18932.000000	910.000000	0.270330
959.999001	gp-2	2142.000000	123.000000	0.065041
959.999001	lysozyme-3.5	2834.000000	147.000000	0.136054
959.999001	nonpref_charged	330.000000	0.000000	0.000000
959.999001	nonpref_uncharged	14670.000000	0.000000	0.000000
959.999001	pref_charged	20250.000000	0.000000	0.000000
959.999001	pref_uncharged	14750.000000	0.000000	0.000000
959.999001	protein_kinase-0.7	888.000000	13.000000	0.461538
959.999001	rnapol-1	0.000000	12.000000	15.750000
959.999001	rnapol-3.5	456.000000	0.000000	0.000000
964.999001	E. coli B promoter	1.000000	0.000000	0.000000
964.999001	E. coli C promoter	1.000000	0.000000	0.000000
964.999001	E. coli promoter A1	1.000000	0.000000	0.000000
964.999001	E. coli promoter A2	1.000000	0.000000	0.000000
964.999001	E. coli promoter A3	1.000000	0.000000	0.000000
964.999001	T7 promoter phi1.1A	1.000000	0.000000	0.000000
964.999001	T7 promoter phi1.1B	1.000000	0.000000	0.000000
964.999001	T7 promoter phi1.3	1.000000	0.000000	0.000000
964.999001	T7 promoter phi1.5	1.000000	0.000000	0.000000
964.999001	T7 promoter phi1.6	1.000000	0.000000	0.000000
964.999001	T7 promoter phi10	0.000000	0.000000	0.000000
964.999001	T7 promoter phi13	1.000000	0.000000	0.000000
964.999001	T7 promoter phi17	0.000000	0.000000	0.000000
964.999001	T7 promoter phi2.5	1.000000	0.000000	0.000000
964.999001	T7 promoter phi3.8	1.000000	0.000000	0.000000
964.999001	T7 promoter phi4.3	1.000000	0.000000	0.000000
964.999001	T7 promoter phi4.7	1.000000	0.000000	0.000000
964.999001	T7 promoter phi4c	1.000000	0.000000	0.000000
964.999001	T7 promoter phi6.5	1.000000	0.000000	0.000000
964.999001	T7 promoter phi9	1.000000	0.000000	0.000000
964.999001	__gene 0.3_rbs	13.000000	0.000000	0.000000
964.999001	__gene 1.1_rbs	53.000000	0.000000	0.000000
964.999001	__gene 1.2_rbs	29.000000	0.000000	0.000000
964.999001	__gene 1.3_rbs	75.000000	0.000000	0.000000
964.999001	__gene 1.4_rbs	70.000000	0.000000	0.000000
964.999001	__gene 1.7_rbs	124.000000	0.000000	0.000000
964.999001	__gene 1.8_rbs	117.000000	0.000000	0.000000
964.999001	__gene 10A_rbs	1780.000000	0.000000	0.000000
964.999001	__gene 11_rbs	274.000000	0.000000	0.000000
964.999001	__gene 12_rbs	272.000000	0.000000	0.000000
964.999001	__gene 13_rbs	573.000000	0.000000	0.000000
964.999001	__gene 14_rbs	553.000000	0.000000	0.000000
964.999001	__gene 15_rbs	557.000000	0.000000	0.000000
964.999001	__gene 16_rbs	552.000000	0.000000	0.000000
964.999001	__gene 17.5_rbs	740.000000	0.000000	0.000000
964.999001	__gene 17_rbs	755.000000	0.000000	0.000000
964.999001	__gene 18.5_rbs	730.000000	0.000000	0.000000
964.999001	__gene 18.7_rbs	708.000000	0.000000	0.000000
964.999001	__gene 18_rbs	707.000000	0.000000	0.000000
964.999001	__gene 19.2_rbs	704.000000	0.000000	0.000000
964.999001	__gene 19.3_rbs	694.000000	0.000000	0.000000
964.999001	__gene 19.5_rbs	709.000000	0.000000	0.000000
964.999001	__gene 19_rbs	728.000000	0.000000	0.000000
964.999001	__gene 2.5_rbs	148.000000	0.000000	0.000000
964.999001	__gene 2.8_rbs	143.000000	0.000000	0.000000
964.999001	__gene 3.8_rbs	172.000000	0.000000	0.000000
964.999001	__gene 3_rbs	145.000000	0.000000	0.000000
964.999001	__gene 4.2_rbs	181.000000	0.000000	0.000000
964.999001	__gene 4.3_rbs	185.000000	0.000000	0.000000
964.999001	__gene 4.5_rbs	210.000000	0.000000	0.000000
964.999001	__gene 4.7_rbs	210.000000	0.000000	0.000000
964.999001	__gene 4A_rbs	170.000000	0.000000	0.000000
964.999001	__gene 5.3_rbs	219.000000	0.000000	0.000000
964.999001	__gene 5.5_rbs	214.000000	0.000000	0.000000
964.999001	__gene 5.7_rbs	213.000000	0.000000	0.000000
964.999001	__gene 5.9_rbs	217.000000	0.000000	0.000000
964.999001	__gene 5_rbs	226.000000	0.000000	0.000000
964.999001	__gene 6.3_rbs	220.000000	0.000000	0.000000
964.999001	__gene 6.5_rbs	393.000000	0.000000	0.000000
964.999001	__gene 6.7_rbs	401.000000	0.000000	0.000000
964.999001	__gene 6_rbs	218.000000	0.000000	0.000000
964.999001	__gene 7.3_rbs	392.000000	0.000000	0.000000
964.999001	__gene 7.7_rbs	400.000000	0.000000	0.000000
964.999001	__gene 7_rbs	395.000000	0.000000	0.000000
964.999001	__gene 8_rbs	391.000000	0.000000	0.000000
964.999001	__gene 9_rbs	914.000000	0.000000	0.000000
964.999001	__gp-2_rbs	123.000000	0.000000	0.000000
964.999001	__lysozyme-3.5_rbs	143.000000	0.000000	0.000000
964.999001	__protein_kinase-0.7_rbs	13.000000	0.000000	0.000000
964.999001	__ribosome	4.000000	0.000000	0.000000
964.999001	__rnapol-1_rbs	11.000000	0.000000	0.000000
964.999001	bound_ecolipol	0.000000	0.000000	0.000000
964.999001	bound_ecolipol_p	871.000000	0.000000	0.000000
964.999001	bound_ribosome	4381.000000	0.000000	0.000000
964.999001	degraded_transcript	35420.000000	0.000000	0.000000
964.999001	ecoli_genome	929.000000	0.000000	0.000000
964.999001	ecoli_transcript	27309.000000	0.000000	0.000000
964.999001	ecolipol	0.000000	0.000000	0.000000
964.999001	ecolipol-2	0.000000	0.000000	0.000000
964.999001	ecolipol-2-p	923.000000	0.000000	0.000000
964.999001	ecolipol-p	4.000000	0.000000	0.000000
964.999001	gene 0.3	923.000000	13.000000	0.153846
964.999001	gene 1.1	2045.000000	62.000000	0.225806
964.999001	gene 1.2	1332.000000	37.000000	3.918919
964.999001	gene 1.3	1922.000000	83.000000	4.951807
964.999001	gene 1.4	1863.000000	70.000000	0.085714
964.999001	gene 1.7	3257.000000	126.000000	0.261905
964.999001	gene 1.8	3126.000000	125.000000	0.040000
964.999001	gene 10A	39949.000000	1805.000000	0.215512
964.999001	gene 11	6336.000000	276.000000	0.250000
964.999001	gene 12	6083.000000	275.000000	0.803636
964.999001	gene 13	11752.000000	580.000000	0.175862
964.999001	gene 14	11140.000000	577.000000	0.223570
964.999001	gene 15	10939.000000	572.000000	0.756993
964.999001	gene 16	9892.000000	561.000000	1.301248
964.999001	gene 17	13424.000000	762.000000	0.531496
964.999001	gene 17.5	13075.000000	748.000000	0.068182
964.999001	gene 18	13080.000000	744.000000	0.106183
964.999001	gene 18.5	12953.000000	742.000000	0.169811
964.999001	gene 18.7	12657.000000	741.000000	0.098516
964.999001	gene 19	12320.000000	739.000000	0.612991
964.999001	gene 19.2	12401.000000	731.000000	0.117647
964.999001	gene 19.3	12169.000000	728.000000	0.085165
964.999001	gene 19.5	11908.000000	719.000000	0.063978
964.999001	gene 2.5	3626.000000	150.000000	0.160000
964.999001	gene 2.8	3574.000000	149.000000	0.134228
964.999001	gene 3	3418.000000	149.000000	0.201342
964.999001	gene 3.8	4119.000000	173.000000	0.161850
964.999001	gene 4.2	4233.000000	187.000000	0.069519
964.999001	gene 4.3	4457.000000	187.000000	0.064171
964.999001	gene 4.5	4930.000000	211.000000	0.075829
964.999001	gene 4.7	5122.000000	211.000000	0.156398
964.999001	gene 4A	3800.000000	173.000000	0.497110
964.999001	gene 5	5278.000000	228.000000	0.824561
964.999001	gene 5.3	5044.000000	223.000000	0.134529
964.999001	gene 5.5	5017.000000	221.000000	0.113122
964.999001	gene 5.7	4982.000000	221.000000	0.095023
964.999001	gene 5.9	4963.000000	221.000000	0.040724
964.999001	gene 6	4850.000000	221.000000	0.248869
964.999001	gene 6.3	5045.000000	221.000000	0.049774
964.999001	gene 6.5	8881.000000	409.000000	0.134474
964.999001	gene 6.7	8851.000000	409.000000	0.083130
964.999001	gene 7	8747.000000	408.000000	0.132353
964.999001	gene 7.3	8784.000000	406.000000	0.103448
964.999001	gene 7.7	8688.000000	406.000000	0.169951
964.999001	gene 8	8153.000000	405.000000	0.587654
964.999001	gene 9	19203.000000	922.000000	0.245119
964.999001	gp-2	2155.000000	125.000000	0.080000
964.999001	lysozyme-3.5	2872.000000	149.000000	0.181208
964.999001	nonpref_charged	299.000000	0.000000	0.000000
964.999001	nonpref_uncharged	14701.000000	0.000000	0.000000
964.999001	pref_charged	20662.000000	0.000000	0.000000
964.999001	pref_uncharged	14338.000000	0.000000	0.000000
964.999001	protein_kinase-0.7	892.000000	13.000000	0.230769
964.999001	rnapol-1	0.000000	12.000000	15.500000
964.999001	rnapol-3.5	463.000000	0.000000	0.000000
969.999004	E. coli B promoter	1.000000	0.000000	0.000000
969.999004	E. coli C promoter	1.000000	0.000000	0.000000
969.999004	E. coli promoter A1	1.000000	0.000000	0.000000
969.999004	E. coli promoter A2	1.000000	0.000000	0.000000
969.999004	E. coli promoter A3	1.000000	0.000000	0.000000
969.999004	T7 promoter phi1.1A	1.000000	0.000000	0.000000
969.999004	T7 promoter phi1.1B	1.000000	0.000000	0.000000
969.999004	T7 promoter phi1.3	1.000000	0.000000	0.000000
969.999004	T7 promoter phi1.5	1.000000	0.000000	0.000000
969.999004	T7 promoter phi1.6	1.000000	0.000000	0.000000
969.999004	T7 promoter phi10	0.000000	0.000000	0.000000
969.999004	T7 promoter phi13	1.000000	0.000000	0.000000
969.999004	T7 promoter phi17	0.000000	0.000000	0.000000
969.999004	T7 promoter phi2.5	1.000000	0.000000	0.000000
969.999004	T7 promoter phi3.8	1.000000	0.000000	0.000000
969.999004	T7 promoter phi4.3	1.000000	0.000000	0.000000
969.999004	T7 promoter phi4.7	0.000000	0.000000	0.000000
969.999004	T7 promoter phi4c	1.000000	0.000000	0.000000
969.999004	T7 promoter phi6.5	1.000000	0.000000	0.000000
969.999004	T7 promoter phi9	1.000000	0.000000	0.000000
969.999004	__gene 0.3_rbs	13.000000	0.000000	0.000000
969.999004	__gene 1.1_rbs	54.000000	0.000000	0.000000
969.999004	__gene 1.2_rbs	28.000000	0.000000	0.000000
969.999004	__gene 1.3_rbs	73.000000	0.000000	0.000000
969.999004	__gene 1.4_rbs	70.000000	0.000000	0.000000
969.999004	__gene 1.7_rbs	127.000000	0.000000	0.000000
969.999004	__gene 1.8_rbs	120.000000	0.000000	0.000000
969.999004	__gene 10A_rbs	1802.000000	0.000000	0.000000
969.999004	__gene 11_rbs	273.000000	0.000000	0.000000
969.999004	__gene 12_rbs	269.000000	0.000000	0.000000
969.999004	__gene 13_rbs	574.000000	0.000000	0.000000
969.999004	__gene 14_rbs	558.000000	0.000000	0.000000
969.999004	__gene 15_rbs	563.000000	0.000000	0.000000
969.999004	__gene 16_rbs	560.000000	0.000000	0.000000
969.999004	__gene 17.5_rbs	753.000000	0.000000	0.000000
969.999004	__gene 17_rbs	767.000000	0.000000	0.000000
969.999004	__gene 18.5_rbs	746.000000	0.000000	0.000000
969.999004	__gene 18.7_rbs	721.000000	0.000000	0.000000
969.999004	__gene 18_rbs	730.000000	0.000000	0.000000
969.999004	__gene 19.2_rbs	709.000000	0.000000	0.000000
969.999004	__gene 19.3_rbs	716.000000	0.000000	0.000000
969.999004	__gene 19.5_rbs	716.000000	0.000000	0.000000
969.999004	__gene 19_rbs	738.000000	0.000000	0.000000
969.999004	__gene 2.5_rbs	150.000000	0.000000	0.000000
969.999004	__gene 2.8_rbs	150.000000	0.000000	0.000000
969.999004	__gene 3.8_rbs	172.000000	0.000000	0.000000
969.999004	__gene 3_rbs	146.000000	0.000000	0.000000
969.999004	__gene 4.2_rbs	185.000000	0.000000	0.000000
969.999004	__gene 4.3_rbs	184.000000	0.000000	0.000000
969.999004	__gene 4.5_rbs	210.000000	0.000000	0.000000
969.999004	__gene 4.7_rbs	211.000000	0.000000	0.000000
969.999004	__gene 4A_rbs	168.000000	0.000000	0.000000
969.999004	__gene 5.3_rbs	225.000000	0.000000	0.000000
969.999004	__gene 5.5_rbs	223.000000	0.000000	0.000000
969.999004	__gene 5.7_rbs	221.000000	0.000000	0.000000
969.999004	__gene 5.9_rbs	220.000000	0.000000	0.000000
969.999004	__gene 5_rbs	229.000000	0.000000	0.000000
969.999004	__gene 6.3_rbs	217.000000	0.000000	0.000000
969.999004	__gene 6.5_rbs	406.000000	0.000000	0.000000
969.999004	__gene 6.7_rbs	406.000000	0.000000	0.000000
969.999004	__gene 6_rbs	215.000000	0.000000	0.000000
969.999004	__gene 7.3_rbs	395.000000	0.000000	0.000000
969.999004	__gene 7.7_rbs	402.000000	0.000000	0.000000
969.999004	__gene 7_rbs	401.000000	0.000000	0.000000
969.999004	__gene 8_rbs	396.000000	0.000000	0.000000
969.999004	__gene 9_rbs	924.000000	0.000000	0.000000
969.999004	__gp-2_rbs	125.000000	0.000000	0.000000
969.999004	__lysozyme-3.5_rbs	145.000000	0.000000	0.000000
969.999004	__protein_kinase-0.7_rbs	13.000000	0.000000	0.000000
969.999004	__ribosome	6.000000	0.000000	0.000000
969.999004	__rnapol-1_rbs	11.000000	0.000000	0.000000
969.999004	bound_ecolipol	0.000000	0.000000	0.000000
969.999004	bound_ecolipol_p	870.000000	0.000000	0.000000
969.999004	bound_ribosome	4316.000000	0.000000	0.000000
969.999004	degraded_transcript	35680.000000	0.000000	0.000000
969.999004	ecoli_genome	930.000000	0.000000	0.000000
969.999004	ecoli_transcript	27291.000000	0.000000	0.000000
969.999004	ecolipol	0.000000	0.000000	0.000000
969.999004	ecolipol-2	0.000000	0.000000	0.000000
969.999004	ecolipol-2-p	909.000000	0.000000	0.000000
969.999004	ecolipol-p	19.000000	0.000000	0.000000
969.999004	gene 0.3	927.000000	13.000000	0.230769
969.999004	gene 1.1	2058.000000	62.000000	0.290323
969.999004	gene 1.2	1340.000000	37.000000	4.054054
969.999004	gene 1.3	1941.000000	83.000000	5.084337
969.999004	gene 1.4	1896.000000	72.000000	0.083333
969.999004	gene 1.7	3298.000000	128.000000	0.203125
969.999004	gene 1.8	3157.000000	126.000000	0.071429
969.999004	gene 10A	40500.000000	1823.000000	0.210093
969.999004	gene 11	6434.000000	277.000000	0.169675
969.999004	gene 12	6158.000000	277.000000	0.855596
969.999004	gene 13	11937.000000	585.000000	0.169231
969.999004	gene 14	11330.000000	582.000000	0.211340
969.999004	gene 15	11084.000000	580.000000	0.793103
969.999004	gene 16	10042.000000	566.000000	1.323322
969.999004	gene 17	13620.000000	776.000000	0.560567
969.999004	gene 17.5	13306.000000	757.000000	0.091149
969.999004	gene 18	13313.000000	757.000000	0.107001
969.999004	gene 18.5	13188.000000	755.000000	0.161589
969.999004	gene 18.7	12866.000000	753.000000	0.106242
969.999004	gene 19	12562.000000	749.000000	0.554072
969.999004	gene 19.2	12608.000000	743.000000	0.109017
969.999004	gene 19.3	12399.000000	739.000000	0.077131
969.999004	gene 19.5	12122.000000	731.000000	0.051984
969.999004	gene 2.5	3670.000000	153.000000	0.189542
969.999004	gene 2.8	3606.000000	151.000000	0.125828
969.999004	gene 3	3461.000000	150.000000	0.186667
969.999004	gene 3.8	4172.000000	175.000000	0.160000
969.999004	gene 4.2	4263.000000	188.000000	0.159574
969.999004	gene 4.3	4511.000000	188.000000	0.069149
969.999004	gene 4.5	4995.000000	212.000000	0.094340
969.999004	gene 4.7	5193.000000	212.000000	0.122642
969.999004	gene 4A	3846.000000	175.000000	0.548571
969.999004	gene 5	5359.000000	230.000000	0.756522
969.999004	gene 5.3	5110.000000	228.000000	0.162281
969.999004	gene 5.5	5078.000000	227.000000	0.110132
969.999004	gene 5.7	5056.000000	226.000000	0.066372
969.999004	gene 5.9	5027.000000	224.000000	0.022321
969.999004	gene 6	4902.000000	223.000000	0.300448
969.999004	gene 6.3	5107.000000	221.000000	0.054299
969.999004	gene 6.5	9021.000000	413.000000	0.111380
969.999004	gene 6.7	8961.000000	412.000000	0.089806
969.999004	gene 7	8850.000000	410.000000	0.141463
969.999004	gene 7.3	8914.000000	410.000000	0.095122
969.999004	gene 7.7	8821.000000	409.000000	0.161369
969.999004	gene 8	8279.000000	408.000000	0.558824
969.999004	gene 9	19451.000000	937.000000	0.270011
969.999004	gp-2	2206.000000	126.000000	0.055556
969.999004	lysozyme-3.5	2930.000000	150.000000	0.120000
969.999004	nonpref_charged	303.000000	0.000000	0.000000
969.999004	nonpref_uncharged	14697.000000	0.000000	0.000000
969.999004	pref_charged	20501.000000	0.000000	0.000000
969.999004	pref_uncharged	14499.000000	0.000000	0.000000
969.999004	protein_kinase-0.7	894.000000	13.000000	0.076923
969.999004	rnapol-1	0.000000	12.000000	15.916667
969.999004	rnapol-3.5	465.000000	0.000000	0.000000
974.999000	E. coli B promoter	1.000000	0.000000	0.000000
974.999000	E. coli C promoter	1.000000	0.000000	0.000000
974.999000	E. coli promoter A1	1.000000	0.000000	0.000000
974.999000	E. coli promoter A2	1.000000	0.000000	0.000000
974.999000	E. coli promoter A3	1.000000	0.000000	0.000000
974.999000	T7 promoter phi1.1A	1.000000	0.000000	0.000000
974.999000	T7 promoter phi1.1B	1.000000	0.000000	0.000000
974.999000	T7 promoter phi1.3	1.000000	0.000000	0.000000
974.999000	T7 promoter phi1.5	1.000000	0.000000	0.000000
974.999000	T7 promoter phi1.6	1.000000	0.000000	0.000000
974.999000	T7 promoter phi10	0.000000	0.000000	0.000000
974.999000	T7 promoter phi13	1.000000	0.000000	0.000000
974.999000	T7 promoter phi17	0.000000	0.000000	0.000000
974.999000	T7 promoter phi2.5	1.000000	0.000000	0.000000
974.999000	T7 promoter phi3.8	1.000000	0.000000	0.000000
974.999000	T7 promoter phi4.3	1.000000	0.000000	0.000000
974.999000	T7 promoter phi4.7	0.000000	0.000000	0.000000
974.999000	T7 promoter phi4c	1.000000	0.000000	0.000000
974.999000	T7 promoter phi6.5	1.000000	0.000000	0.000000
974.999000	T7 promoter phi9	1.000000	0.000000	0.000000
974.999000	__gene 0.3_rbs	13.000000	0.000000	0.000000
974.999000	__gene 1.1_rbs	53.000000	0.000000	0.000000
974.999000	__gene 1.2_rbs	29.000000	0.000000	0.000000
974.999000	__gene 1.3_rbs	77.000000	0.000000	0.000000
974.999000	__gene 1.4_rbs	71.000000	0.000000	0.000000
974.999000	__gene 1.7_rbs	125.000000	0.000000	0.000000
974.999000	__gene 1.8_rbs	124.000000	0.000000	0.000000
974.999000	__gene 10A_rbs	1828.000000	0.000000	0.000000
974.999000	__gene 11_rbs	276.000000	0.000000	0.000000
974.999000	__gene 12_rbs	270.000000	0.000000	0.000000
974.999000	__gene 13_rbs	578.000000	0.000000	0.000000
974.999000	__gene 14_rbs	568.000000	0.000000	0.000000
974.999000	__gene 15_rbs	560.000000	0.000000	0.000000
974.999000	__gene 16_rbs	564.000000	0.000000	0.000000
974.999000	__gene 17.5_rbs	753.000000	0.000000	0.000000
974.999000	__gene 17_rbs	782.000000	0.000000	0.000000
974.999000	__gene 18.5_rbs	753.000000	0.000000	0.000000
974.999000	__gene 18.7_rbs	730.000000	0.000000	0.000000
974.999000	__gene 18_rbs	745.000000	0.000000	0.000000
974.999000	__gene 19.2_rbs	729.000000	0.000000	0.000000
974.999000	__gene 19.3_rbs	726.000000	0.000000	0.000000
974.999000	__gene 19.5_rbs	731.000000	0.000000	0.000000
974.999000	__gene 19_rbs	745.000000	0.000000	0.000000
974.999000	__gene 2.5_rbs	153.000000	0.000000	0.000000
974.999000	__gene 2.8_rbs	149.000000	0.000000	0.000000
974.999000	__gene 3.8_rbs	176.000000	0.000000	0.000000
974.999000	__gene 3_rbs	146.000000	0.000000	0.000000
974.999000	__gene 4.2_rbs	183.000000	0.000000	0.000000
974.999000	__gene 4.3_rbs	185.000000	0.000000	0.000000
974.999000	__gene 4.5_rbs	214.000000	0.000000	0.000000
974.999000	__gene 4.7_rbs	212.000000	0.000000	0.000000
974.999000	__gene 4A_rbs	170.000000	0.000000	0.000000
974.999000	__gene 5.3_rbs	224.000000	0.000000	0.000000
974.999000	__gene 5.5_rbs	224.000000	0.000000	0.000000
974.999000	__gene 5.7_rbs	218.000000	0.000000	0.000000
974.999000	__gene 5.9_rbs	220.000000	0.000000	0.000000
974.999000	__gene 5_rbs	230.000000	0.000000	0.000000
974.999000	__gene 6.3_rbs	216.000000	0.000000	0.000000
974.999000	__gene 6.5_rbs	413.000000	0.000000	0.000000
974.999000	__gene 6.7_rbs	409.000000	0.000000	0.000000
974.999000	__gene 6_rbs	221.000000	0.000000	0.000000
974.999000	__gene 7.3_rbs	408.000000	0.000000	0.000000
974.999000	__gene 7.7_rbs	405.000000	0.000000	0.000000
974.999000	__gene 7_rbs	405.000000	0.000000	0.000000
974.999000	__gene 8_rbs	401.000000	0.000000	0.000000
974.999000	__gene 9_rbs	935.000000	0.000000	0.000000
974.999000	__gp-2_rbs	125.000000	0.000000	0.000000
974.999000	__lysozyme-3.5_rbs	149.000000	0.000000	0.000000
974.999000	__protein_kinase-0.7_rbs	13.000000	0.000000	0.000000
974.999000	__ribosome	4.000000	0.000000	0.000000
974.999000	__rnapol-1_rbs	12.000000	0.000000	0.000000
974.999000	bound_ecolipol	0.000000	0.000000	0.000000
974.999000	bound_ecolipol_p	864.000000	0.000000	0.000000
974.999000	bound_ribosome	4279.000000	0.000000	0.000000
974.999000	degraded_transcript	35961.000000	0.000000	0.000000
974.999000	ecoli_genome	936.000000	0.000000	0.000000
974.999000	ecoli_transcript	27221.000000	0.000000	0.000000
974.999000	ecolipol	0.000000	0.000000	0.000000
974.999000	ecolipol-2	0.000000	0.000000	0.000000
974.999000	ecolipol-2-p	928.000000	0.000000	0.000000
974.999000	ecolipol-p	6.000000	0.000000	0.000000
974.999000	gene 0.3	930.000000	13.000000	0.153846
974.999000	gene 1.1	2078.000000	62.000000	0.225806
974.999000	gene 1.2	1352.000000	37.000000	3.945946
974.999000	gene 1.3	1957.000000	85.000000	5.011765
974.999000	gene 1.4	1921.000000	72.000000	0.027778
974.999000	gene 1.7	3329.000000	128.000000	0.234375
974.999000	gene 1.8	3200.000000	128.000000	0.054688
974.999000	gene 10A	41051.000000	1843.000000	0.201302
974.999000	gene 11	6505.000000	280.000000	0.175000
974.999000	gene 12	6239.000000	277.000000	0.823105
974.999000	gene 13	12115.000000	592.000000	0.179054
974.999000	gene 14	11504.000000	587.000000	0.211244
974.999000	gene 15	11240.000000	585.000000	0.813675
974.999000	gene 16	10206.000000	572.000000	1.302448
974.999000	gene 17	13843.000000	786.000000	0.558524
974.999000	gene 17.5	13525.000000	769.000000	0.088427
974.999000	gene 18	13542.000000	767.000000	0.106910
974.999000	gene 18.5	13390.000000	762.000000	0.165354
974.999000	gene 18.7	13085.000000	761.000000	0.107753
974.999000	gene 19	12758.000000	758.000000	0.575198
974.999000	gene 19.2	12824.000000	755.000000	0.104636
974.999000	gene 19.3	12611.000000	747.000000	0.074967
974.999000	gene 19.5	12317.000000	741.000000	0.059379
974.999000	gene 2.5	3711.000000	155.000000	0.167742
974.999000	gene 2.8	3645.000000	153.000000	0.150327
974.999000	gene 3	3502.000000	153.000000	0.241830
974.999000	gene 3.8	4222.000000	177.000000	0.158192
974.999000	gene 4.2	4326.000000	191.000000	0.109948
974.999000	gene 4.3	4560.000000	189.000000	0.058201
974.999000	gene 4.5	5064.000000	214.000000	0.065421
974.999000	gene 4.7	5261.000000	213.000000	0.122066
974.999000	gene 4A	3883.000000	176.000000	0.573864
974.999000	gene 5	5429.000000	232.000000	0.762931
974.999000	gene 5.3	5185.000000	228.000000	0.122807
974.999000	gene 5.5	5141.000000	228.000000	0.131579
974.999000	gene 5.7	5121.000000	228.000000	0.057018
974.999000	gene 5.9	5085.000000	228.000000	0.048246
974.999000	gene 6	4971.000000	228.000000	0.263158
974.999000	gene 6.3	5168.000000	226.000000	0.084071
974.999000	gene 6.5	9140.000000	420.000000	0.100000
974.999000	gene 6.7	9058.000000	417.000000	0.079137
974.999000	gene 7	8967.000000	416.000000	0.141827
974.999000	gene 7.3	9033.000000	414.000000	0.086957
974.999000	gene 7.7	8928.000000	413.000000	0.188862
974.999000	gene 8	8400.000000	411.000000	0.547445
974.999000	gene 9	19728.000000	945.000000	0.276190
974.999000	gp-2	2222.000000	128.000000	0.062500
974.999000	lysozyme-3.5	2967.000000	151.000000	0.112583
974.999000	nonpref_charged	305.000000	0.000000	0.000000
974.999000	nonpref_uncharged	14695.000000	0.000000	0.000000
974.999000	pref_charged	20661.000000	0.000000	0.000000
974.999000	pref_uncharged	14339.000000	0.000000	0.000000
974.999000	protein_kinase-0.7	895.000000	13.000000	0.307692
974.999000	rnapol-1	0.000000	12.000000	15.916667
974.999000	rnapol-3.5	472.000000	0.000000	0.000000
979.999001	E. coli B promoter	1.000000	0.000000	0.000000
979.999001	E. coli C promoter	1.000000	0.000000	0.000000
979.999001	E. coli promoter A1	1.000000	0.000000	0.000000
979.999001	E. coli promoter A2	1.000000	0.000000	0.000000
979.999001	E. coli promoter A3	1.000000	0.000000	0.000000
979.999001	T7 promoter phi1.1A	1.000000	0.000000	0.000000
979.999001	T7 promoter phi1.1B	1.000000	0.000000	0.000000
979.999001	T7 promoter phi1.3	1.000000	0.000000	0.000000
979.999001	T7 promoter phi1.5	1.000000	0.000000	0.000000
979.999001	T7 promoter phi1.6	1.000000	0.000000	0.000000
979.999001	T7 promoter phi10	0.000000	0.000000	0.000000
979.999001	T7 promoter phi13	1.000000	0.000000	0.000000
979.999001	T7 promoter phi17	0.000000	0.000000	0.000000
979.999001	T7 promoter phi2.5	1.000000	0.000000	0.000000
979.999001	T7 promoter phi3.8	1.000000	0.000000	0.000000
979.999001	T7 promoter phi4.3	1.000000	0.000000	0.000000
979.999001	T7 promoter phi4.7	1.000000	0.000000	0.000000
979.999001	T7 promoter phi4c	1.000000	0.000000	0.000000
979.999001	T7 promoter phi6.5	1.000000	0.000000	0.000000
979.999001	T7 promoter phi9	0.000000	0.000000	0.000000
979.999001	__gene 0.3_rbs	12.000000	0.000000	0.000000
979.999001	__gene 1.1_rbs	53.000000	0.000000	0.000000
979.999001	__gene 1.2_rbs	30.000000	0.000000	0.000000
979.999001	__gene 1.3_rbs	78.000000	0.000000	0.000000
979.999001	__gene 1.4_rbs	71.000000	0.000000	0.000000
979.999001	__gene 1.7_rbs	123.000000	0.000000	0.000000
979.999001	__gene 1.8_rbs	124.000000	0.000000	0.000000
979.999001	__gene 10A_rbs	1847.000000	0.000000	0.000000
979.999001	__gene 11_rbs	283.000000	0.000000	0.000000
979.999001	__gene 12_rbs	276.000000	0.000000	0.000000
979.999001	__gene 13_rbs	585.000000	0.000000	0.000000
979.999001	__gene 14_rbs	572.000000	0.000000	0.000000
979.999001	__gene 15_rbs	579.000000	0.000000	0.000000
979.999001	__gene 16_rbs	567.000000	0.000000	0.000000
979.999001	__gene 17.5_rbs	774.000000	0.000000	0.000000
979.999001	__gene 17_rbs	788.000000	0.000000	0.000000
979.999001	__gene 18.5_rbs	763.000000	0.000000	0.000000
979.999001	__gene 18.7_rbs	747.000000	0.000000	0.000000
979.999001	__gene 18_rbs	765.000000	0.000000	0.000000
979.999001	__gene 19.2_rbs	739.000000	0.000000	0.000000
979.999001	__gene 19.3_rbs	733.000000	0.000000	0.000000
979.999001	__gene 19.5_rbs	748.000000	0.000000	0.000000
979.999001	__gene 19_rbs	761.000000	0.000000	0.000000
979.999001	__gene 2.5_rbs	153.000000	0.000000	0.000000
979.999001	__gene 2.8_rbs	151.000000	0.000000	0.000000
979.999001	__gene 3.8_rbs	177.000000	0.000000	0.000000
979.999001	__gene 3_rbs	152.000000	0.000000	0.000000
979.999001	__gene 4.2_rbs	189.000000	0.000000	0.000000
979.999001	__gene 4.3_rbs	185.000000	0.000000	0.000000
979.999001	__gene 4.5_rbs	217.000000	0.000000	0.000000
979.999001	__gene 4.7_rbs	215.000000	0.000000	0.000000
979.999001	__gene 4A_rbs	165.000000	0.000000	0.000000
979.999001	__gene 5.3_rbs	227.000000	0.000000	0.000000
979.999001	__gene 5.5_rbs	224.000000	0.000000	0.000000
979.999001	__gene 5.7_rbs	226.000000	0.000000	0.000000
979.999001	__gene 5.9_rbs	225.000000	0.000000	0.000000
979.999001	__gene 5_rbs	231.000000	0.000000	0.000000
979.999001	__gene 6.3_rbs	223.000000	0.000000	0.000000
979.999001	__gene 6.5_rbs	418.000000	0.000000	0.000000
979.999001	__gene 6.7_rbs	414.000000	0.000000	0.000000
979.999001	__gene 6_rbs	219.000000	0.000000	0.000000
979.999001	__gene 7.3_rbs	409.000000	0.000000	0.000000
979.999001	__gene 7.7_rbs	413.000000	0.000000	0.000000
979.999001	__gene 7_rbs	408.000000	0.000000	0.000000
979.999001	__gene 8_rbs	404.000000	0.000000	0.000000
979.999001	__gene 9_rbs	949.000000	0.000000	0.000000
979.999001	__gp-2_rbs	125.000000	0.000000	0.000000
979.999001	__lysozyme-3.5_rbs	150.000000	0.000000	0.000000
979.999001	__protein_kinase-0.7_rbs	13.000000	0.000000	0.000000
979.999001	__ribosome	4.000000	0.000000	0.000000
979.999001	__rnapol-1_rbs	12.000000	0.000000	0.000000
979.999001	bound_ecolipol	0.000000	0.000000	0.000000
979.999001	bound_ecolipol_p	873.000000	0.000000	0.000000
979.999001	bound_ribosome	4231.000000	0.000000	0.000000
979.999001	degraded_transcript	36231.000000	0.000000	0.000000
979.999001	ecoli_genome	927.000000	0.000000	0.000000
979.999001	ecoli_transcript	27178.000000	0.000000	0.000000
979.999001	ecolipol	0.000000	0.000000	0.000000
979.999001	ecolipol-2	0.000000	0.000000	0.000000
979.999001	ecolipol-2-p	917.000000	0.000000	0.000000
979.999001	ecolipol-p	8.000000	0.000000	0.000000
979.999001	gene 0.3	932.000000	13.000000	0.230769
979.999001	gene 1.1	2088.000000	63.000000	0.222222
979.999001	gene 1.2	1361.000000	38.000000	3.921053
979.999001	gene 1.3	1985.000000	86.000000	4.848837
979.999001	gene 1.4	1942.000000	72.000000	0.069444
979.999001	gene 1.7	3366.000000	129.000000	0.240310
979.999001	gene 1.8	3229.000000	129.000000	0.023256
979.999001	gene 10A	41572.000000	1864.000000	0.219421
979.999001	gene 11	6580.000000	285.000000	0.164912
979.999001	gene 12	6323.000000	282.000000	0.751773
979.999001	gene 13	12295.000000	597.000000	0.142379
979.999001	gene 14	11673.000000	594.000000	0.213805
979.999001	gene 15	11411.000000	592.000000	0.768581
979.999001	gene 16	10349.000000	581.000000	1.335628
979.999001	gene 17	14065.000000	795.000000	0.598742
979.999001	gene 17.5	13756.000000	783.000000	0.071520
979.999001	gene 18	13772.000000	781.000000	0.090909
979.999001	gene 18.5	13594.000000	775.000000	0.163871
979.999001	gene 18.7	13294.000000	773.000000	0.116429
979.999001	gene 19	12965.000000	769.000000	0.557867
979.999001	gene 19.2	13056.000000	763.000000	0.110092
979.999001	gene 19.3	12820.000000	758.000000	0.071240
979.999001	gene 19.5	12518.000000	752.000000	0.075798
979.999001	gene 2.5	3763.000000	156.000000	0.243590
979.999001	gene 2.8	3689.000000	155.000000	0.193548
979.999001	gene 3	3560.000000	155.000000	0.174194
979.999001	gene 3.8	4271.000000	179.000000	0.201117
979.999001	gene 4.2	4379.000000	194.000000	0.144330
979.999001	gene 4.3	4597.000000	192.000000	0.078125
979.999001	gene 4.5	5116.000000	217.000000	0.078341
979.999001	gene 4.7	5328.000000	216.000000	0.074074
979.999001	gene 4A	3940.000000	179.000000	0.558659
979.999001	gene 5	5506.000000	234.000000	0.705128
979.999001	gene 5.3	5252.000000	230.000000	0.147826
979.999001	gene 5.5	5208.000000	230.000000	0.082609
979.999001	gene 5.7	5190.000000	229.000000	0.061135
979.999001	gene 5.9	5145.000000	229.000000	0.039301
979.999001	gene 6	5029.000000	228.000000	0.342105
979.999001	gene 6.3	5246.000000	228.000000	0.043860
979.999001	gene 6.5	9261.000000	427.000000	0.105386
979.999001	gene 6.7	9181.000000	426.000000	0.098592
979.999001	gene 7	9087.000000	424.000000	0.155660
979.999001	gene 7.3	9152.000000	422.000000	0.078199
979.999001	gene 7.7	9046.000000	419.000000	0.155131
979.999001	gene 8	8511.000000	416.000000	0.576923
979.999001	gene 9	20014.000000	955.000000	0.247120
979.999001	gp-2	2268.000000	129.000000	0.054264
979.999001	lysozyme-3.5	3009.000000	155.000000	0.122581
979.999001	nonpref_charged	287.000000	0.000000	0.000000
979.999001	nonpref_uncharged	14713.000000	0.000000	0.000000
979.999001	pref_charged	20738.000000	0.000000	0.000000
979.999001	pref_uncharged	14262.000000	0.000000	0.000000
979.999001	protein_kinase-0.7	895.000000	13.000000	0.538462
979.999001	rnapol-1	0.000000	12.000000	16.000000
979.999001	rnapol-3.5	461.000000	0.000000	0.000000
984.999000	E. coli B promoter	1.000000	0.000000	0.000000
984.999000	E. coli C promoter	1.000000	0.000000	0.000000
984.999000	E. coli promoter A1	1.000000	0.000000	0.000000
984.999000	E. coli promoter A2	1.000000	0.000000	0.000000
984.999000	E. coli promoter A3	1.000000	0.000000	0.000000
984.999000	T7 promoter phi1.1A	1.000000	0.000000	0.000000
984.999000	T7 promoter phi1.1B	1.000000	0.000000	0.000000
984.999000	T7 promoter phi1.3	1.000000	0.000000	0.000000
984.999000	T7 promoter phi1.5	1.000000	0.000000	0.000000
984.999000	T7 promoter phi1.6	1.000000	0.000000	0.000000
984.999000	T7 promoter phi10	0.000000	0.000000	0.000000
984.999000	T7 promoter phi13	0.000000	0.000000	0.000000
984.999000	T7 promoter phi17	0.000000	0.000000	0.000000
984.999000	T7 promoter phi2.5	1.000000	0.000000	0.000000
984.999000	T7 promoter phi3.8	1.000000	0.000000	0.000000
984.999000	T7 promoter phi4.3	1.000000	0.000000	0.000000
984.999000	T7 promoter phi4.7	1.000000	0.000000	0.000000
984.999000	T7 promoter phi4c	1.000000	0.000000	0.000000
984.999000	T7 promoter phi6.5	0.000000	0.000000	0.000000
984.999000	T7 promoter phi9	0.000000	0.000000	0.000000
984.999000	__gene 0.3_rbs	13.000000	0.000000	0.000000
984.999000	__gene 1.1_rbs	55.000000	0.000000	0.000000
984.999000	__gene 1.2_rbs	30.000000	0.000000	0.000000
984.999000	__gene 1.3_rbs	75.000000	0.000000	0.000000
984.999000	__gene 1.4_rbs	72.000000	0.000000	0.000000
984.999000	__gene 1.7_rbs	129.000000	0.000000	0.000000
984.999000	__gene 1.8_rbs	123.000000	0.000000	0.000000
984.999000	__gene 10A_rbs	1870.000000	0.000000	0.000000
984.999000	__gene 11_rbs	280.000000	0.000000	0.000000
984.999000	__gene 12_rbs	279.000000	0.000000	0.000000
984.999000	__gene 13_rbs	592.000000	0.000000	0.000000
984.999000	__gene 14_rbs	584.000000	0.000000	0.000000
984.999000	__gene 15_rbs	582.000000	0.000000	0.000000
984.999000	__gene 16_rbs	577.000000	0.000000	0.000000
984.999000	__gene 17.5_rbs	776.000000	0.000000	0.000000
984.999000	__gene 17_rbs	795.000000	0.000000	0.000000
984.999000	__gene 18.5_rbs	768.000000	0.000000	0.000000
984.999000	__gene 18.7_rbs	759.000000	0.000000	0.000000
984.999000	__gene 18_rbs	767.000000	0.000000	0.000000
984.999000	__gene 19.2_rbs	750.000000	0.000000	0.000000
984.999000	__gene 19.3_rbs	746.000000	0.000000	0.000000
984.999000	__gene 19.5_rbs	750.000000	0.000000	0.000000
984.999000	__gene 19_rbs	772.000000	0.000000	0.000000
984.999000	__gene 2.5_rbs	155.000000	0.000000	0.000000
984.999000	__gene 2.8_rbs	149.000000	0.000000	0.000000
984.999000	__gene 3.8_rbs	179.000000	0.000000	0.000000
984.999000	__gene 3_rbs	150.000000	0.000000	0.000000
984.999000	__gene 4.2_rbs	190.000000	0.000000	0.000000
984.999000	__gene 4.3_rbs	194.000000	0.000000	0.000000
984.999000	__gene 4.5_rbs	218.000000	0.000000	0.000000
984.999000	__gene 4.7_rbs	219.000000	0.000000	0.000000
984.999000	__gene 4A_rbs	165.000000	0.000000	0.000000
984.999000	__gene 5.3_rbs	231.000000	0.000000	0.000000
984.999000	__gene 5.5_rbs	227.000000	0.000000	0.000000
984.999000	__gene 5.7_rbs	228.000000	0.000000	0.000000
984.999000	__gene 5.9_rbs	223.000000	0.000000	0.000000
984.999000	__gene 5_rbs	235.000000	0.000000	0.000000
984.999000	__gene 6.3_rbs	226.000000	0.000000	0.000000
984.999000	__gene 6.5_rbs	422.000000	0.000000	0.000000
984.999000	__gene 6.7_rbs	418.000000	0.000000	0.000000
984.999000	__gene 6_rbs	219.000000	0.000000	0.000000
984.999000	__gene 7.3_rbs	418.000000	0.000000	0.000000
984.999000	__gene 7.7_rbs	419.000000	0.000000	0.000000
984.999000	__gene 7_rbs	416.000000	0.000000	0.000000
984.999000	__gene 8_rbs	412.000000	0.000000	0.000000
984.999000	__gene 9_rbs	954.000000	0.000000	0.000000
984.999000	__gp-2_rbs	126.000000	0.000000	0.000000
984.999000	__lysozyme-3.5_rbs	149.000000	0.000000	0.000000
984.999000	__protein_kinase-0.7_rbs	12.000000	0.000000	0.000000
984.999000	__ribosome	2.000000	0.000000	0.000000
984.999000	__rnapol-1_rbs	12.000000	0.000000	0.000000
984.999000	bound_ecolipol	0.000000	0.000000	0.000000
984.999000	bound_ecolipol_p	864.000000	0.000000	0.000000
984.999000	bound_ribosome	4133.000000	0.000000	0.000000
984.999000	degraded_transcript	36480.000000	0.000000	0.000000
984.999000	ecoli_genome	936.000000	0.000000	0.000000
984.999000	ecoli_transcript	27213.000000	0.000000	0.000000
984.999000	ecolipol	0.000000	0.000000	0.000000
984.999000	ecolipol-2	0.000000	0.000000	0.000000
984.999000	ecolipol-2-p	924.000000	0.000000	0.000000
984.999000	ecolipol-p	10.000000	0.000000	0.000000
984.999000	gene 0.3	936.000000	13.000000	0.153846
984.999000	gene 1.1	2100.000000	63.000000	0.238095
984.999000	gene 1.2	1373.000000	38.000000	3.868421
984.999000	gene 1.3	2001.000000	86.000000	4.918605
984.999000	gene 1.4	1956.000000	72.000000	0.097222
984.999000	gene 1.7	3404.000000	130.000000	0.238462
984.999000	gene 1.8	3263.000000	129.000000	0.062016
984.999000	gene 10A	42138.000000	1884.000000	0.193737
984.999000	gene 11	6657.000000	285.000000	0.143860
984.999000	gene 12	6408.000000	285.000000	0.736842
984.999000	gene 13	12453.000000	603.000000	0.182421
984.999000	gene 14	11848.000000	602.000000	0.200997
984.999000	gene 15	11578.000000	599.000000	0.754591
984.999000	gene 16	10510.000000	585.000000	1.365812
984.999000	gene 17	14299.000000	804.000000	0.592040
984.999000	gene 17.5	13959.000000	791.000000	0.084703
984.999000	gene 18	13979.000000	789.000000	0.105196
984.999000	gene 18.5	13811.000000	786.000000	0.174300
984.999000	gene 18.7	13522.000000	786.000000	0.095420
984.999000	gene 19	13177.000000	784.000000	0.584184
984.999000	gene 19.2	13272.000000	774.000000	0.103359
984.999000	gene 19.3	13022.000000	769.000000	0.083225
984.999000	gene 19.5	12713.000000	761.000000	0.068331
984.999000	gene 2.5	3819.000000	156.000000	0.185897
984.999000	gene 2.8	3743.000000	156.000000	0.160256
984.999000	gene 3	3604.000000	156.000000	0.217949
984.999000	gene 3.8	4331.000000	181.000000	0.160221
984.999000	gene 4.2	4439.000000	195.000000	0.138462
984.999000	gene 4.3	4647.000000	195.000000	0.030769
984.999000	gene 4.5	5175.000000	220.000000	0.090909
984.999000	gene 4.7	5380.000000	220.000000	0.118182
984.999000	gene 4A	3985.000000	181.000000	0.541436
984.999000	gene 5	5570.000000	238.000000	0.701681
984.999000	gene 5.3	5314.000000	232.000000	0.155172
984.999000	gene 5.5	5262.000000	232.000000	0.150862
984.999000	gene 5.7	5251.000000	231.000000	0.051948
984.999000	gene 5.9	5204.000000	230.000000	0.060870
984.999000	gene 6	5104.000000	230.000000	0.273913
984.999000	gene 6.3	5305.000000	229.000000	0.026201
984.999000	gene 6.5	9398.000000	428.000000	0.109813
984.999000	gene 6.7	9307.000000	427.000000	0.107728
984.999000	gene 7	9212.000000	427.000000	0.152225
984.999000	gene 7.3	9272.000000	427.000000	0.081967
984.999000	gene 7.7	9164.000000	426.000000	0.180751
984.999000	gene 8	8634.000000	424.000000	0.561321
984.999000	gene 9	20278.000000	966.000000	0.275362
984.999000	gp-2	2292.000000	129.000000	0.131783
984.999000	lysozyme-3.5	3051.000000	155.000000	0.141935
984.999000	nonpref_charged	287.000000	0.000000	0.000000
984.999000	nonpref_uncharged	14713.000000	0.000000	0.000000
984.999000	pref_charged	20336.000000	0.000000	0.000000
984.999000	pref_uncharged	14664.000000	0.000000	0.000000
984.999000	protein_kinase-0.7	899.000000	13.000000	0.692308
984.999000	rnapol-1	0.000000	12.000000	16.083333
984.999000	rnapol-3.5	465.000000	0.000000	0.000000
989.999002	E. coli B promoter	1.000000	0.000000	0.000000
989.999002	E. coli C promoter	1.000000	0.000000	0.000000
989.999002	E. coli promoter A1	1.000000	0.000000	0.000000
989.999002	E. coli promoter A2	1.000000	0.000000	0.000000
989.999002	E. coli promoter A3	1.000000	0.000000	0.000000
989.999002	T7 promoter phi1.1A	1.000000	0.000000	0.000000
989.999002	T7 promoter phi1.1B	1.000000	0.000000	0.000000
989.999002	T7 promoter phi1.3	1.000000	0.000000	0.000000
989.999002	T7 promoter phi1.5	1.000000	0.000000	0.000000
989.999002	T7 promoter phi1.6	1.000000	0.000000	0.000000
989.999002	T7 promoter phi10	1.000000	0.000000	0.000000
989.999002	T7 promoter phi13	0.000000	0.000000	0.000000
989.999002	T7 promoter phi17	1.000000	0.000000	0.000000
989.999002	T7 promoter phi2.5	1.000000	0.000000	0.000000
989.999002	T7 promoter phi3.8	1.000000	0.000000	0.000000
989.999002	T7 promoter phi4.3	0.000000	0.000000	0.000000
989.999002	T7 promoter phi4.7	1.000000	0.000000	0.000000
989.999002	T7 promoter phi4c	1.000000	0.000000	0.000000
989.999002	T7 promoter phi6.5	1.000000	0.000000	0.000000
989.999002	T7 promoter phi9	0.000000	0.000000	0.000000
989.999002	__gene 0.3_rbs	13.000000	0.000000	0.000000
989.999002	__gene 1.1_rbs	55.000000	0.000000	0.000000
989.999002	__gene 1.2_rbs	31.000000	0.000000	0.000000
989.999002	__gene 1.3_rbs	78.000000	0.000000	0.000000
989.999002	__gene 1.4_rbs	71.000000	0.000000	0.000000
989.999002	__gene 1.7_rbs	125.000000	0.000000	0.000000
989.999002	__gene 1.8_rbs	126.000000	0.000000	0.000000
989.999002	__gene 10A_rbs	1896.000000	0.000000	0.000000
989.999002	__gene 11_rbs	285.000000	0.000000	0.000000
989.999002	__gene 12_rbs	277.000000	0.000000	0.000000
989.999002	__gene 13_rbs	601.000000	0.000000	0.000000
989.999002	__gene 14_rbs	588.000000	0.000000	0.000000
989.999002	__gene 15_rbs	587.000000	0.000000	0.000000
989.999002	__gene 16_rbs	584.000000	0.000000	0.000000
989.999002	__gene 17.5_rbs	790.000000	0.000000	0.000000
989.999002	__gene 17_rbs	808.000000	0.000000	0.000000
989.999002	__gene 18.5_rbs	779.000000	0.000000	0.000000
989.999002	__gene 18.7_rbs	755.000000	0.000000	0.000000
989.999002	__gene 18_rbs	779.000000	0.000000	0.000000
989.999002	__gene 19.2_rbs	759.000000	0.000000	0.000000
989.999002	__gene 19.3_rbs	752.000000	0.000000	0.000000
989.999002	__gene 19.5_rbs	758.000000	0.000000	0.000000
989.999002	__gene 19_rbs	782.000000	0.000000	0.000000
989.999002	__gene 2.5_rbs	155.000000	0.000000	0.000000
989.999002	__gene 2.8_rbs	156.000000	0.000000	0.000000
989.999002	__gene 3.8_rbs	179.000000	0.000000	0.000000
989.999002	__gene 3_rbs	152.000000	0.000000	0.000000
989.999002	__gene 4.2_rbs	190.000000	0.000000	0.000000
989.999002	__gene 4.3_rbs	194.000000	0.000000	0.000000
989.999002	__gene 4.5_rbs	223.000000	0.000000	0.000000
989.999002	__gene 4.7_rbs	219.000000	0.000000	0.000000
989.999002	__gene 4A_rbs	182.000000	0.000000	0.000000
989.999002	__gene 5.3_rbs	233.000000	0.000000	0.000000
989.999002	__gene 5.5_rbs	231.000000	0.000000	0.000000
989.999002	__gene 5.7_rbs	232.000000	0.000000	0.000000
989.999002	__gene 5.9_rbs	226.000000	0.000000	0.000000
989.999002	__gene 5_rbs	238.000000	0.000000	0.000000
989.999002	__gene 6.3_rbs	224.000000	0.000000	0.000000
989.999002	__gene 6.5_rbs	427.000000	0.000000	0.000000
989.999002	__gene 6.7_rbs	414.000000	0.000000	0.000000
989.999002	__gene 6_rbs	231.000000	0.000000	0.000000
989.999002	__gene 7.3_rbs	413.000000	0.000000	0.000000
989.999002	__gene 7.7_rbs	423.000000	0.000000	0.000000
989.999002	__gene 7_rbs	416.000000	0.000000	0.000000
989.999002	__gene 8_rbs	418.000000	0.000000	0.000000
989.999002	__gene 9_rbs	966.000000	0.000000	0.000000
989.999002	__gp-2_rbs	125.000000	0.000000	0.000000
989.999002	__lysozyme-3.5_rbs	154.000000	0.000000	0.000000
989.999002	__protein_kinase-0.7_rbs	13.000000	0.000000	0.000000
989.999002	__ribosome	2.000000	0.000000	0.000000
989.999002	__rnapol-1_rbs	12.000000	0.000000	0.000000
989.999002	bound_ecolipol	0.000000	0.000000	0.000000
989.999002	bound_ecolipol_p	857.000000	0.000000	0.000000
989.999002	bound_ribosome	4121.000000	0.000000	0.000000
989.999002	degraded_transcript	36742.000000	0.000000	0.000000
989.999002	ecoli_genome	943.000000	0.000000	0.000000
989.999002	ecoli_transcript	27132.000000	0.000000	0.000000
989.999002	ecolipol	0.000000	0.000000	0.000000
989.999002	ecolipol-2	0.000000	0.000000	0.000000
989.999002	ecolipol-2-p	931.000000	0.000000	0.000000
989.999002	ecolipol-p	10.000000	0.000000	0.000000
989.999002	gene 0.3	938.000000	13.000000	0.076923
989.999002	gene 1.1	2110.000000	64.000000	0.234375
989.999002	gene 1.2	1383.000000	39.000000	3.692308
989.999002	gene 1.3	2019.000000	87.000000	4.885057
989.999002	gene 1.4	1982.000000	72.000000	0.013889
989.999002	gene 1.7	3440.000000	130.000000	0.246154
989.999002	gene 1.8	3303.000000	130.000000	0.061538
989.999002	gene 10A	42646.000000	1906.000000	0.208290
989.999002	gene 11	6724.000000	287.000000	0.174216
989.999002	gene 12	6471.000000	286.000000	0.748252
989.999002	gene 13	12639.000000	613.000000	0.171289
989.999002	gene 14	12028.000000	609.000000	0.198686
989.999002	gene 15	11740.000000	604.000000	0.746689
989.999002	gene 16	10678.000000	592.000000	1.353041
989.999002	gene 17	14542.000000	815.000000	0.569325
989.999002	gene 17.5	14185.000000	800.000000	0.081250
989.999002	gene 18	14216.000000	798.000000	0.092732
989.999002	gene 18.5	14033.000000	795.000000	0.202516
989.999002	gene 18.7	13725.000000	794.000000	0.124685
989.999002	gene 19	13374.000000	792.000000	0.580808
989.999002	gene 19.2	13507.000000	786.000000	0.099237
989.999002	gene 19.3	13250.000000	783.000000	0.079183
989.999002	gene 19.5	12967.000000	771.000000	0.071336
989.999002	gene 2.5	3868.000000	158.000000	0.158228
989.999002	gene 2.8	3793.000000	156.000000	0.108974
989.999002	gene 3	3656.000000	156.000000	0.166667
989.999002	gene 3.8	4383.000000	183.000000	0.098361
989.999002	gene 4.2	4490.000000	200.000000	0.170000
989.999002	gene 4.3	4694.000000	197.000000	0.045685
989.999002	gene 4.5	5239.000000	223.000000	0.089686
989.999002	gene 4.7	5440.000000	222.000000	0.099099
989.999002	gene 4A	4034.000000	183.000000	0.459016
989.999002	gene 5	5636.000000	240.000000	0.675000
989.999002	gene 5.3	5378.000000	234.000000	0.106838
989.999002	gene 5.5	5333.000000	233.000000	0.094421
989.999002	gene 5.7	5318.000000	233.000000	0.038627
989.999002	gene 5.9	5277.000000	232.000000	0.043103
989.999002	gene 6	5162.000000	232.000000	0.306034
989.999002	gene 6.3	5363.000000	231.000000	0.060606
989.999002	gene 6.5	9527.000000	432.000000	0.099537
989.999002	gene 6.7	9416.000000	431.000000	0.157773
989.999002	gene 7	9335.000000	430.000000	0.125581
989.999002	gene 7.3	9377.000000	429.000000	0.095571
989.999002	gene 7.7	9299.000000	428.000000	0.156542
989.999002	gene 8	8749.000000	427.000000	0.559719
989.999002	gene 9	20562.000000	977.000000	0.278403
989.999002	gp-2	2335.000000	130.000000	0.069231
989.999002	lysozyme-3.5	3095.000000	156.000000	0.185897
989.999002	nonpref_charged	280.000000	0.000000	0.000000
989.999002	nonpref_uncharged	14720.000000	0.000000	0.000000
989.999002	pref_charged	20411.000000	0.000000	0.000000
989.999002	pref_uncharged	14589.000000	0.000000	0.000000
989.999002	protein_kinase-0.7	902.000000	13.000000	0.769231
989.999002	rnapol-1	1.000000	12.000000	16.166667
989.999002	rnapol-3.5	466.000000	0.000000	0.000000
994.999000	E. coli B promoter	1.000000	0.000000	0.000000
994.999000	E. coli C promoter	1.000000	0.000000	0.000000
994.999000	E. coli promoter A1	1.000000	0.000000	0.000000
994.999000	E. coli promoter A2	1.000000	0.000000	0.000000
994.999000	E. coli promoter A3	1.000000	0.000000	0.000000
994.999000	T7 promoter phi1.1A	1.000000	0.000000	0.000000
994.999000	T7 promoter phi1.1B	1.000000	0.000000	0.000000
994.999000	T7 promoter phi1.3	1.000000	0.000000	0.000000
994.999000	T7 promoter phi1.5	1.000000	0.000000	0.000000
994.999000	T7 promoter phi1.6	1.000000	0.000000	0.000000
994.999000	T7 promoter phi10	0.000000	0.000000	0.000000
994.999000	T7 promoter phi13	1.000000	0.000000	0.000000
994.999000	T7 promoter phi17	1.000000	0.000000	0.000000
994.999000	T7 promoter phi2.5	1.000000	0.000000	0.000000
994.999000	T7 promoter phi3.8	1.000000	0.000000	0.000000
994.999000	T7 promoter phi4.3	1.000000	0.000000	0.000000
994.999000	T7 promoter phi4.7	1.000000	0.000000	0.000000
994.999000	T7 promoter phi4c	1.000000	0.000000	0.000000
994.999000	T7 promoter phi6.5	1.000000	0.000000	0.000000
994.999000	T7 promoter phi9	1.000000	0.000000	0.000000
994.999000	__gene 0.3_rbs	13.000000	0.000000	0.000000
994.999000	__gene 1.1_rbs	54.000000	0.000000	0.000000
994.999000	__gene 1.2_rbs	31.000000	0.000000	0.000000
994.999000	__gene 1.3_rbs	77.000000	0.000000	0.000000
994.999000	__gene 1.4_rbs	71.000000	0.000000	0.000000
994.999000	__gene 1.7_rbs	130.000000	0.000000	0.000000
994.999000	__gene 1.8_rbs	125.000000	0.000000	0.000000
994.999000	__gene 10A_rbs	1909.000000	0.000000	0.000000
994.999000	__gene 11_rbs	287.000000	0.000000	0.000000
994.999000	__gene 12_rbs	283.000000	0.000000	0.000000
994.999000	__gene 13_rbs	612.000000	0.000000	0.000000
994.999000	__gene 14_rbs	600.000000	0.000000	0.000000
994.999000	__gene 15_rbs	598.000000	0.000000	0.000000
994.999000	__gene 16_rbs	584.000000	0.000000	0.000000
994.999000	__gene 17.5_rbs	794.000000	0.000000	0.000000
994.999000	__gene 17_rbs	820.000000	0.000000	0.000000
994.999000	__gene 18.5_rbs	787.000000	0.000000	0.000000
994.999000	__gene 18.7_rbs	772.000000	0.000000	0.000000
994.999000	__gene 18_rbs	793.000000	0.000000	0.000000
994.999000	__gene 19.2_rbs	769.000000	0.000000	0.000000
994.999000	__gene 19.3_rbs	758.000000	0.000000	0.000000
994.999000	__gene 19.5_rbs	778.000000	0.000000	0.000000
994.999000	__gene 19_rbs	796.000000	0.000000	0.000000
994.999000	__gene 2.5_rbs	159.000000	0.000000	0.000000
994.999000	__gene 2.8_rbs	155.000000	0.000000	0.000000
994.999000	__gene 3.8_rbs	183.000000	0.000000	0.000000
994.999000	__gene 3_rbs	147.000000	0.000000	0.000000
994.999000	__gene 4.2_rbs	196.000000	0.000000	0.000000
994.999000	__gene 4.3_rbs	194.000000	0.000000	0.000000
994.999000	__gene 4.5_rbs	224.000000	0.000000	0.000000
994.999000	__gene 4.7_rbs	226.000000	0.000000	0.000000
994.999000	__gene 4A_rbs	175.000000	0.000000	0.000000
994.999000	__gene 5.3_rbs	235.000000	0.000000	0.000000
994.999000	__gene 5.5_rbs	225.000000	0.000000	0.000000
994.999000	__gene 5.7_rbs	232.000000	0.000000	0.000000
994.999000	__gene 5.9_rbs	228.000000	0.000000	0.000000
994.999000	__gene 5_rbs	238.000000	0.000000	0.000000
994.999000	__gene 6.3_rbs	227.000000	0.000000	0.000000
994.999000	__gene 6.5_rbs	432.000000	0.000000	0.000000
994.999000	__gene 6.7_rbs	423.000000	0.000000	0.000000
994.999000	__gene 6_rbs	229.000000	0.000000	0.000000
994.999000	__gene 7.3_rbs	423.000000	0.000000	0.000000
994.999000	__gene 7.7_rbs	426.000000	0.000000	0.000000
994.999000	__gene 7_rbs	422.000000	0.000000	0.000000
994.999000	__gene 8_rbs	412.000000	0.000000	0.000000
994.999000	__gene 9_rbs	978.000000	0.000000	0.000000
994.999000	__gp-2_rbs	129.000000	0.000000	0.000000
994.999000	__lysozyme-3.5_rbs	153.000000	0.000000	0.000000
994.999000	__protein_kinase-0.7_rbs	13.000000	0.000000	0.000000
994.999000	__ribosome	5.000000	0.000000	0.000000
994.999000	__rnapol-1_rbs	12.000000	0.000000	0.000000
994.999000	bound_ecolipol	0.000000	0.000000	0.000000
994.999000	bound_ecolipol_p	871.000000	0.000000	0.000000
994.999000	bound_ribosome	4047.000000	0.000000	0.000000
994.999000	degraded_transcript	37018.000000	0.000000	0.000000
994.999000	ecoli_genome	929.000000	0.000000	0.000000
994.999000	ecoli_transcript	27096.000000	0.000000	0.000000
994.999000	ecolipol	0.000000	0.000000	0.000000
994.999000	ecolipol-2	0.000000	0.000000	0.000000
994.999000	ecolipol-2-p	925.000000	0.000000	0.000000
994.999000	ecolipol-p	2.000000	0.000000	0.000000
994.999000	gene 0.3	939.000000	13.000000	0.076923
994.999000	gene 1.1	2123.000000	64.000000	0.281250
994.999000	gene 1.2	1389.000000	40.000000	3.750000
994.999000	gene 1.3	2041.000000	88.000000	4.795455
994.999000	gene 1.4	1995.000000	72.000000	0.055556
994.999000	gene 1.7	3476.000000	130.000000	0.161538
994.999000	gene 1.8	3345.000000	130.000000	0.069231
994.999000	gene 10A	43178.000000	1927.000000	0.212766
994.999000	gene 11	6800.000000	290.000000	0.237931
994.999000	gene 12	6548.000000	288.000000	0.711806
994.999000	gene 13	12825.000000	621.000000	0.170692
994.999000	gene 14	12188.000000	619.000000	0.187399
994.999000	gene 15	11888.000000	615.000000	0.773984
994.999000	gene 16	10833.000000	599.000000	1.360601
994.999000	gene 17	14769.000000	827.000000	0.588875
994.999000	gene 17.5	14412.000000	810.000000	0.088889
994.999000	gene 18	14433.000000	807.000000	0.104089
994.999000	gene 18.5	14279.000000	803.000000	0.186800
994.999000	gene 18.7	13936.000000	802.000000	0.102244
994.999000	gene 19	13599.000000	801.000000	0.564295
994.999000	gene 19.2	13765.000000	796.000000	0.082915
994.999000	gene 19.3	13464.000000	791.000000	0.085967
994.999000	gene 19.5	13176.000000	786.000000	0.072519
994.999000	gene 2.5	3921.000000	159.000000	0.220126
994.999000	gene 2.8	3832.000000	158.000000	0.215190
994.999000	gene 3	3697.000000	158.000000	0.164557
994.999000	gene 3.8	4424.000000	184.000000	0.141304
994.999000	gene 4.2	4552.000000	201.000000	0.169154
994.999000	gene 4.3	4737.000000	200.000000	0.075000
994.999000	gene 4.5	5304.000000	226.000000	0.101770
994.999000	gene 4.7	5500.000000	226.000000	0.115044
994.999000	gene 4A	4074.000000	183.000000	0.540984
994.999000	gene 5	5701.000000	244.000000	0.663934
994.999000	gene 5.3	5441.000000	239.000000	0.117155
994.999000	gene 5.5	5405.000000	237.000000	0.139241
994.999000	gene 5.7	5367.000000	236.000000	0.055085
994.999000	gene 5.9	5348.000000	234.000000	0.072650
994.999000	gene 6	5232.000000	235.000000	0.263830
994.999000	gene 6.3	5438.000000	233.000000	0.068670
994.999000	gene 6.5	9639.000000	436.000000	0.084862
994.999000	gene 6.7	9554.000000	435.000000	0.085057
994.999000	gene 7	9458.000000	435.000000	0.133333
994.999000	gene 7.3	9496.000000	433.000000	0.096998
994.999000	gene 7.7	9405.000000	432.000000	0.168981
994.999000	gene 8	8870.000000	430.000000	0.555814
994.999000	gene 9	20845.000000	990.000000	0.240404
994.999000	gp-2	2383.000000	130.000000	0.030769
994.999000	lysozyme-3.5	3149.000000	157.000000	0.159236
994.999000	nonpref_charged	272.000000	0.000000	0.000000
994.999000	nonpref_uncharged	14728.000000	0.000000	0.000000
994.999000	pref_charged	20374.000000	0.000000	0.000000
994.999000	pref_uncharged	14626.000000	0.000000	0.000000
994.999000	protein_kinase-0.7	906.000000	13.000000	0.923077
994.999000	rnapol-1	0.000000	13.000000	14.923077
994.999000	rnapol-3.5	468.000000	0.000000	0.000000
999.999000	E. coli B promoter	1.000000	0.000000	0.000000
999.999000	E. coli C promoter	1.000000	0.000000	0.000000
999.999000	E. coli promoter A1	1.000000	0.000000	0.000000
999.999000	E. coli promoter A2	1.000000	0.000000	0.000000
999.999000	E. coli promoter A3	1.000000	0.000000	0.000000
999.999000	T7 promoter phi1.1A	1.000000	0.000000	0.000000
999.999000	T7 promoter phi1.1B	1.000000	0.000000	0.000000
999.999000	T7 promoter phi1.3	1.000000	0.000000	0.000000
999.999000	T7 promoter phi1.5	1.000000	0.000000	0.000000
999.999000	T7 promoter phi1.6	0.000000	0.000000	0.000000
999.999000	T7 promoter phi10	0.000000	0.000000	0.000000
999.999000	T7 promoter phi13	1.000000	0.000000	0.000000
999.999000	T7 promoter phi17	1.000000	0.000000	0.000000
999.999000	T7 promoter phi2.5	1.000000	0.000000	0.000000
999.999000	T7 promoter phi3.8	1.000000	0.000000	0.000000
999.999000	T7 promoter phi4.3	1.000000	0.000000	0.000000
999.999000	T7 promoter phi4.7	0.000000	0.000000	0.000000
999.999000	T7 promoter phi4c	1.000000	0.000000	0.000000
999.999000	T7 promoter phi6.5	1.000000	0.000000	0.000000
999.999000	T7 promoter phi9	1.000000	0.000000	0.000000
999.999000	__gene 0.3_rbs	12.000000	0.000000	0.000000
999.999000	__gene 1.1_rbs	55.000000	0.000000	0.000000
999.999000	__gene 1.2_rbs	31.000000	0.000000	0.000000
999.999000	__gene 1.3_rbs	81.000000	0.000000	0.000000
999.999000	__gene 1.4_rbs	76.000000	0.000000	0.000000
999.999000	__gene 1.7_rbs	129.000000	0.000000	0.000000
999.999000	__gene 1.8_rbs	126.000000	0.000000	0.000000
999.999000	__gene 10A_rbs	1932.000000	0.000000	0.000000
999.999000	__gene 11_rbs	289.000000	0.000000	0.000000
999.999000	__gene 12_rbs	284.000000	0.000000	0.000000
999.999000	__gene 13_rbs	615.000000	0.000000	0.000000
999.999000	__gene 14_rbs	601.000000	0.000000	0.000000
999.999000	__gene 15_rbs	611.000000	0.000000	0.000000
999.999000	__gene 16_rbs	594.000000	0.000000	0.000000
999.999000	__gene 17.5_rbs	806.000000	0.000000	0.000000
999.999000	__gene 17_rbs	824.000000	0.000000	0.000000
999.999000	__gene 18.5_rbs	801.000000	0.000000	0.000000
999.999000	__gene 18.7_rbs	782.000000	0.000000	0.000000
999.999000	__gene 18_rbs	790.000000	0.000000	0.000000
999.999000	__gene 19.2_rbs	777.000000	0.000000	0.000000
999.999000	__gene 19.3_rbs	776.000000	0.000000	0.000000
999.999000	__gene 19.5_rbs	780.000000	0.000000	0.000000
999.999000	__gene 19_rbs	799.000000	0.000000	0.000000
999.999000	__gene 2.5_rbs	159.000000	0.000000	0.000000
999.999000	__gene 2.8_rbs	155.000000	0.000000	0.000000
999.999000	__gene 3.8_rbs	182.000000	0.000000	0.000000
999.999000	__gene 3_rbs	154.000000	0.000000	0.000000
999.999000	__gene 4.2_rbs	193.000000	0.000000	0.000000
999.999000	__gene 4.3_rbs	197.000000	0.000000	0.000000
999.999000	__gene 4.5_rbs	225.000000	0.000000	0.000000
999.999000	__gene 4.7_rbs	226.000000	0.000000	0.000000
999.999000	__gene 4A_rbs	181.000000	0.000000	0.000000
999.999000	__gene 5.3_rbs	240.000000	0.000000	0.000000
999.999000	__gene 5.5_rbs	239.000000	0.000000	0.000000
999.999000	__gene 5.7_rbs	234.000000	0.000000	0.000000
999.999000	__gene 5.9_rbs	234.000000	0.000000	0.000000
999.999000	__gene 5_rbs	243.000000	0.000000	0.000000
999.999000	__gene 6.3_rbs	227.000000	0.000000	0.000000
999.999000	__gene 6.5_rbs	432.000000	0.000000	0.000000
999.999000	__gene 6.7_rbs	422.000000	0.000000	0.000000
999.999000	__gene 6_rbs	230.000000	0.000000	0.000000
999.999000	__gene 7.3_rbs	429.000000	0.000000	0.000000
999.999000	__gene 7.7_rbs	434.000000	0.000000	0.000000
999.999000	__gene 7_rbs	425.000000	0.000000	0.000000
999.999000	__gene 8_rbs	423.000000	0.000000	0.000000
999.999000	__gene 9_rbs	988.000000	0.000000	0.000000
999.999000	__gp-2_rbs	126.000000	0.000000	0.000000
999.999000	__lysozyme-3.5_rbs	159.000000	0.000000	0.000000
999.999000	__protein_kinase-0.7_rbs	13.000000	0.000000	0.000000
999.999000	__ribosome	2.000000	0.000000	0.000000
999.999000	__rnapol-1_rbs	13.000000	0.000000	0.000000
999.999000	bound_ecolipol	0.000000	0.000000	0.000000
999.999000	bound_ecolipol_p	860.000000	0.000000	0.000000
999.999000	bound_ribosome	4009.000000	0.000000	0.000000
999.999000	degraded_transcript	37268.000000	0.000000	0.000000
999.999000	ecoli_genome	940.000000	0.000000	0.000000
999.999000	ecoli_transcript	27052.000000	0.000000	0.000000
999.999000	ecolipol	0.000000	0.000000	0.000000
999.999000	ecolipol-2	0.000000	0.000000	0.000000
999.999000	ecolipol-2-p	930.000000	0.000000	0.000000
999.999000	ecolipol-p	9.000000	0.000000	0.000000
999.999000	gene 0.3	940.000000	13.000000	0.153846
999.999000	gene 1.1	2148.000000	66.000000	0.227273
999.999000	gene 1.2	1401.000000	40.000000	3.800000
999.999000	gene 1.3	2062.000000	90.000000	4.744444
999.999000	gene 1.4	2010.000000	76.000000	0.013158
999.999000	gene 1.7	3503.000000	130.000000	0.184615
999.999000	gene 1.8	3378.000000	130.000000	0.076923
999.999000	gene 10A	43716.000000	1946.000000	0.217369
999.999000	gene 11	6895.000000	293.000000	0.133106
999.999000	gene 12	6627.000000	291.000000	0.707904
999.999000	gene 13	13009.000000	625.000000	0.176000
999.999000	gene 14	12352.000000	622.000000	0.189711
999.999000	gene 15	12049.000000	621.000000	0.752013
999.999000	gene 16	10990.000000	604.000000	1.382450
999.999000	gene 17	15004.000000	836.000000	0.581340
999.999000	gene 17.5	14646.000000	820.000000	0.095122
999.999000	gene 18	14652.000000	818.000000	0.088020
999.999000	gene 18.5	14521.000000	814.000000	0.176904
999.999000	gene 18.7	14146.000000	814.000000	0.114251
999.999000	gene 19	13805.000000	811.000000	0.557337
999.999000	gene 19.2	13958.000000	804.000000	0.094527
999.999000	gene 19.3	13686.000000	801.000000	0.058677
999.999000	gene 19.5	13367.000000	794.000000	0.061713
999.999000	gene 2.5	3971.000000	159.000000	0.176101
999.999000	gene 2.8	3885.000000	159.000000	0.157233
999.999000	gene 3	3739.000000	159.000000	0.144654
999.999000	gene 3.8	4471.000000	187.000000	0.197861
999.999000	gene 4.2	4615.000000	202.000000	0.158416
999.999000	gene 4.3	4798.000000	202.000000	0.094059
999.999000	gene 4.5	5376.000000	229.000000	0.109170
999.999000	gene 4.7	5569.000000	228.000000	0.118421
999.999000	gene 4A	4115.000000	187.000000	0.593583
999.999000	gene 5	5762.000000	247.000000	0.753036
999.999000	gene 5.3	5498.000000	240.000000	0.145833
999.999000	gene 5.5	5484.000000	240.000000	0.108333
999.999000	gene 5.7	5423.000000	239.000000	0.058577
999.999000	gene 5.9	5422.000000	239.000000	0.050209
999.999000	gene 6	5288.000000	239.000000	0.301255
999.999000	gene 6.3	5493.000000	235.000000	0.051064
999.999000	gene 6.5	9743.000000	440.000000	0.118182
999.999000	gene 6.7	9658.000000	439.000000	0.095672
999.999000	gene 7	9577.000000	438.000000	0.148402
999.999000	gene 7.3	9620.000000	437.000000	0.057208
999.999000	gene 7.7	9522.000000	436.000000	0.158257
999.999000	gene 8	8982.000000	435.000000	0.512644
999.999000	gene 9	21087.000000	1002.000000	0.268463
999.999000	gp-2	2403.000000	130.000000	0.038462
999.999000	lysozyme-3.5	3208.000000	159.000000	0.132075
999.999000	nonpref_charged	264.000000	0.000000	0.000000
999.999000	nonpref_uncharged	14736.000000	0.000000	0.000000
999.999000	pref_charged	20806.000000	0.000000	0.000000
999.999000	pref_uncharged	14194.000000	0.000000	0.000000
999.999000	protein_kinase-0.7	910.000000	13.000000	1.000000
999.999000	rnapol-1	1.000000	13.000000	15.000000
999.999000	rnapol-3.5	463.000000	0.000000	0.000000
1004.999000	E. coli B promoter	1.000000	0.000000	0.000000
1004.999000	E. coli C promoter	1.000000	0.000000	0.000000
1004.999000	E. coli promoter A1	1.000000	0.000000	0.000000
1004.999000	E. coli promoter A2	1.000000	0.000000	0.000000
1004.999000	E. coli promoter A3	1.000000	0.000000	0.000000
1004.999000	T7 promoter phi1.1A	1.000000	0.000000	0.000000
1004.999000	T7 promoter phi1.1B	1.000000	0.000000	0.000000
1004.999000	T7 promoter phi1.3	0.000000	0.000000	0.000000
1004.999000	T7 promoter phi1.5	1.000000	0.000000	0.000000
1004.999000	T7 promoter phi1.6	1.000000	0.000000	0.000000
1004.999000	T7 promoter phi10	0.000000	0.000000	0.000000
1004.999000	T7 promoter phi13	1.000000	0.000000	0.000000
1004.999000	T7 promoter phi17	0.000000	0.000000	0.000000
1004.999000	T7 promoter phi2.5	0.000000	0.000000	0.000000
1004.999000	T7 promoter phi3.8	1.000000	0.000000	0.000000
1004.999000	T7 promoter phi4.3	1.000000	0.000000	0.000000
1004.999000	T7 promoter phi4.7	1.000000	0.000000	0.000000
1004.999000	T7 promoter phi4c	1.000000	0.000000	0.000000
1004.999000	T7 promoter phi6.5	1.000000	0.000000	0.000000
1004.999000	T7 promoter phi9	0.000000	0.000000	0.000000
1004.999000	__gene 0.3_rbs	13.000000	0.000000	0.000000
1004.999000	__gene 1.1_rbs	58.000000	0.000000	0.000000
1004.999000	__gene 1.2_rbs	32.000000	0.000000	0.000000
1004.999000	__gene 1.3_rbs	80.000000	0.000000	0.000000
1004.999000	__gene 1.4_rbs	77.000000	0.000000	0.000000
1004.999000	__gene 1.7_rbs	135.000000	0.000000	0.000000
1004.999000	__gene 1.8_rbs	131.000000	0.000000	0.000000
1004.999000	__gene 10A_rbs	1952.000000	0.000000	0.000000
1004.999000	__gene 11_rbs	282.000000	0.000000	0.000000
1004.999000	__gene 12_rbs	287.000000	0.000000	0.000000
1004.999000	__gene 13_rbs	623.000000	0.000000	0.000000
1004.999000	__gene 14_rbs	604.000000	0.000000	0.000000
1004.999000	__gene 15_rbs	614.000000	0.000000	0.000000
1004.999000	__gene 16_rbs	608.000000	0.000000	0.000000
1004.999000	__gene 17.5_rbs	817.000000	0.000000	0.000000
1004.999000	__gene 17_rbs	835.000000	0.000000	0.000000
1004.999000	__gene 18.5_rbs	811.000000	0.000000	0.000000
1004.999000	__gene 18.7_rbs	796.000000	0.000000	0.000000
1004.999000	__gene 18_rbs	809.000000	0.000000	0.000000
1004.999000	__gene 19.2_rbs	787.000000	0.000000	0.000000
1004.999000	__gene 19.3_rbs	794.000000	0.000000	0.000000
1004.999000	__gene 19.5_rbs	794.000000	0.000000	0.000000
1004.999000	__gene 19_rbs	814.000000	0.000000	0.000000
1004.999000	__gene 2.5_rbs	157.000000	0.000000	0.000000
1004.999000	__gene 2.8_rbs	158.000000	0.000000	0.000000
1004.999000	__gene 3.8_rbs	187.000000	0.000000	0.000000
1004.999000	__gene 3_rbs	156.000000	0.000000	0.000000
1004.999000	__gene 4.2_rbs	192.000000	0.000000	0.000000
1004.999000	__gene 4.3_rbs	203.000000	0.000000	0.000000
1004.999000	__gene 4.5_rbs	229.000000	0.000000	0.000000
1004.999000	__gene 4.7_rbs	228.000000	0.000000	0.000000
1004.999000	__gene 4A_rbs	176.000000	0.000000	0.000000
1004.999000	__gene 5.3_rbs	241.000000	0.000000	0.000000
1004.999000	__gene 5.5_rbs	240.000000	0.000000	0.000000
1004.999000	__gene 5.7_rbs	235.000000	0.000000	0.000000
1004.999000	__gene 5.9_rbs	234.000000	0.000000	0.000000
1004.999000	__gene 5_rbs	248.000000	0.000000	0.000000
1004.999000	__gene 6.3_rbs	230.000000	0.000000	0.000000
1004.999000	__gene 6.5_rbs	437.000000	0.000000	0.000000
1004.999000	__gene 6.7_rbs	429.000000	0.000000	0.000000
1004.999000	__gene 6_rbs	230.000000	0.000000	0.000000
1004.999000	__gene 7.3_rbs	431.000000	0.000000	0.000000
1004.999000	__gene 7.7_rbs	433.000000	0.000000	0.000000
1004.999000	__gene 7_rbs	432.000000	0.000000	0.000000
1004.999000	__gene 8_rbs	420.000000	0.000000	0.000000
1004.999000	__gene 9_rbs	1000.000000	0.000000	0.000000
1004.999000	__gp-2_rbs	129.000000	0.000000	0.000000
1004.999000	__lysozyme-3.5_rbs	157.000000	0.000000	0.000000
1004.999000	__protein_kinase-0.7_rbs	13.000000	0.000000	0.000000
1004.999000	__ribosome	3.000000	0.000000	0.000000
1004.999000	__rnapol-1_rbs	10.000000	0.000000	0.000000
1004.999000	bound_ecolipol	0.000000	0.000000	0.000000
1004.999000	bound_ecolipol_p	846.000000	0.000000	0.000000
1004.999000	bound_ribosome	3966.000000	0.000000	0.000000
1004.999000	degraded_transcript	37540.000000	0.000000	0.000000
1004.999000	ecoli_genome	954.000000	0.000000	0.000000
1004.999000	ecoli_transcript	27002.000000	0.000000	0.000000
1004.999000	ecolipol	0.000000	0.000000	0.000000
1004.999000	ecolipol-2	0.000000	0.000000	0.000000
1004.999000	ecolipol-2-p	947.000000	0.000000	0.000000
1004.999000	ecolipol-p	6.000000	0.000000	0.000000
1004.999000	gene 0.3	943.000000	13.000000	0.230769
1004.999000	gene 1.1	2164.000000	68.000000	0.220588
1004.999000	gene 1.2	1415.000000	40.000000	3.725000
1004.999000	gene 1.3	2082.000000	90.000000	4.777778
1004.999000	gene 1.4	2019.000000	78.000000	0.025641
1004.999000	gene 1.7	3538.000000	136.000000	0.161765
1004.999000	gene 1.8	3419.000000	134.000000	0.052239
1004.999000	gene 10A	44263.000000	1969.000000	0.213306
1004.999000	gene 11	6963.000000	294.000000	0.227891
1004.999000	gene 12	6689.000000	294.000000	0.765306
1004.999000	gene 13	13192.000000	634.000000	0.164038
1004.999000	gene 14	12517.000000	628.000000	0.191083
1004.999000	gene 15	12211.000000	625.000000	0.755200
1004.999000	gene 16	11158.000000	615.000000	1.310569
1004.999000	gene 17	15248.000000	844.000000	0.555687
1004.999000	gene 17.5	14898.000000	832.000000	0.076923
1004.999000	gene 18	14880.000000	830.000000	0.096386
1004.999000	gene 18.5	14738.000000	827.000000	0.180169
1004.999000	gene 18.7	14361.000000	826.000000	0.112591
1004.999000	gene 19	14020.000000	822.000000	0.546229
1004.999000	gene 19.2	14161.000000	815.000000	0.106748
1004.999000	gene 19.3	13881.000000	811.000000	0.072750
1004.999000	gene 19.5	13574.000000	802.000000	0.059850
1004.999000	gene 2.5	4017.000000	159.000000	0.207547
1004.999000	gene 2.8	3933.000000	159.000000	0.169811
1004.999000	gene 3	3774.000000	159.000000	0.207547
1004.999000	gene 3.8	4528.000000	188.000000	0.154255
1004.999000	gene 4.2	4666.000000	205.000000	0.112195
1004.999000	gene 4.3	4855.000000	204.000000	0.044118
1004.999000	gene 4.5	5447.000000	232.000000	0.068966
1004.999000	gene 4.7	5620.000000	231.000000	0.151515
1004.999000	gene 4A	4167.000000	188.000000	0.574468
1004.999000	gene 5	5822.000000	251.000000	0.800797
1004.999000	gene 5.3	5563.000000	245.000000	0.134694
1004.999000	gene 5.5	5547.000000	243.000000	0.119342
1004.999000	gene 5.7	5487.000000	242.000000	0.049587
1004.999000	gene 5.9	5502.000000	240.000000	0.041667
1004.999000	gene 6	5352.000000	240.000000	0.354167
1004.999000	gene 6.3	5556.000000	239.000000	0.054393
1004.999000	gene 6.5	9867.000000	445.000000	0.096629
1004.999000	gene 6.7	9778.000000	444.000000	0.087838
1004.999000	gene 7	9702.000000	442.000000	0.124434
1004.999000	gene 7.3	9711.000000	440.000000	0.063636
1004.999000	gene 7.7	9630.000000	440.000000	0.188636
1004.999000	gene 8	9106.000000	438.000000	0.497717
1004.999000	gene 9	21365.000000	1013.000000	0.282330
1004.999000	gp-2	2416.000000	133.000000	0.067669
1004.999000	lysozyme-3.5	3240.000000	159.000000	0.163522
1004.999000	nonpref_charged	288.000000	0.000000	0.000000
1004.999000	nonpref_uncharged	14712.000000	0.000000	0.000000
1004.999000	pref_charged	20532.000000	0.000000	0.000000
1004.999000	pref_uncharged	14468.000000	0.000000	0.000000
1004.999000	protein_kinase-0.7	917.000000	13.000000	0.769231
1004.999000	rnapol-1	0.000000	13.000000	15.230769
1004.999000	rnapol-3.5	461.000000	0.000000	0.000000
1009.999002	E. coli B promoter	1.000000	0.000000	0.000000
1009.999002	E. coli C promoter	1.000000	0.000000	0.000000
1009.999002	E. coli promoter A1	1.000000	0.000000	0.000000
1009.999002	E. coli promoter A2	1.000000	0.000000	0.000000
1009.999002	E. coli promoter A3	1.000000	0.000000	0.000000
1009.999002	T7 promoter phi1.1A	1.000000	0.000000	0.000000
1009.999002	T7 promoter phi1.1B	1.000000	0.000000	0.000000
1009.999002	T7 promoter phi1.3	1.000000	0.000000	0.000000
1009.999002	T7 promoter phi1.5	1.000000	0.000000	0.000000
1009.999002	T7 promoter phi1.6	1.000000	0.000000	0.000000
1009.999002	T7 promoter phi10	0.000000	0.000000	0.000000
1009.999002	T7 promoter phi13	0.000000	0.000000	0.000000
1009.999002	T7 promoter phi17	1.000000	0.000000	0.000000
1009.999002	T7 promoter phi2.5	1.000000	0.000000	0.000000
1009.999002	T7 promoter phi3.8	1.000000	0.000000	0.000000
1009.999002	T7 promoter phi4.3	1.000000	0.000000	0.000000
1009.999002	T7 promoter phi4.7	0.000000	0.000000	0.000000
1009.999002	T7 promoter phi4c	1.000000	0.000000	0.000000
1009.999002	T7 promoter phi6.5	1.000000	0.000000	0.000000
1009.999002	T7 promoter phi9	1.000000	0.000000	0.000000
1009.999002	__gene 0.3_rbs	13.000000	0.000000	0.000000
1009.999002	__gene 1.1_rbs	60.000000	0.000000	0.000000
1009.999002	__gene 1.2_rbs	31.000000	0.000000	0.000000
1009.999002	__gene 1.3_rbs	84.000000	0.000000	0.000000
1009.999002	__gene 1.4_rbs	74.000000	0.000000	0.000000
1009.999002	__gene 1.7_rbs	134.000000	0.000000	0.000000
1009.999002	__gene 1.8_rbs	132.000000	0.000000	0.000000
1009.999002	__gene 10A_rbs	1971.000000	0.000000	0.000000
1009.999002	__gene 11_rbs	300.000000	0.000000	0.000000
1009.999002	__gene 12_rbs	294.000000	0.000000	0.000000
1009.999002	__gene 13_rbs	627.000000	0.000000	0.000000
1009.999002	__gene 14_rbs	618.000000	0.000000	0.000000
1009.999002	__gene 15_rbs	613.000000	0.000000	0.000000
1009.999002	__gene 16_rbs	613.000000	0.000000	0.000000
1009.999002	__gene 17.5_rbs	826.000000	0.000000	0.000000
1009.999002	__gene 17_rbs	851.000000	0.000000	0.000000
1009.999002	__gene 18.5_rbs	825.000000	0.000000	0.000000
1009.999002	__gene 18.7_rbs	796.000000	0.000000	0.000000
1009.999002	__gene 18_rbs	814.000000	0.000000	0.000000
1009.999002	__gene 19.2_rbs	792.000000	0.000000	0.000000
1009.999002	__gene 19.3_rbs	803.000000	0.000000	0.000000
1009.999002	__gene 19.5_rbs	805.000000	0.000000	0.000000
1009.999002	__gene 19_rbs	812.000000	0.000000	0.000000
1009.999002	__gene 2.5_rbs	162.000000	0.000000	0.000000
1009.999002	__gene 2.8_rbs	158.000000	0.000000	0.000000
1009.999002	__gene 3.8_rbs	185.000000	0.000000	0.000000
1009.999002	__gene 3_rbs	156.000000	0.000000	0.000000
1009.999002	__gene 4.2_rbs	203.000000	0.000000	0.000000
1009.999002	__gene 4.3_rbs	201.000000	0.000000	0.000000
1009.999002	__gene 4.5_rbs	235.000000	0.000000	0.000000
1009.999002	__gene 4.7_rbs	233.000000	0.000000	0.000000
1009.999002	__gene 4A_rbs	177.000000	0.000000	0.000000
1009.999002	__gene 5.3_rbs	245.000000	0.000000	0.000000
1009.999002	__gene 5.5_rbs	243.000000	0.000000	0.000000
1009.999002	__gene 5.7_rbs	242.000000	0.000000	0.000000
1009.999002	__gene 5.9_rbs	242.000000	0.000000	0.000000
1009.999002	__gene 5_rbs	249.000000	0.000000	0.000000
1009.999002	__gene 6.3_rbs	234.000000	0.000000	0.000000
1009.999002	__gene 6.5_rbs	443.000000	0.000000	0.000000
1009.999002	__gene 6.7_rbs	439.000000	0.000000	0.000000
1009.999002	__gene 6_rbs	241.000000	0.000000	0.000000
1009.999002	__gene 7.3_rbs	436.000000	0.000000	0.000000
1009.999002	__gene 7.7_rbs	439.000000	0.000000	0.000000
1009.999002	__gene 7_rbs	436.000000	0.000000	0.000000
1009.999002	__gene 8_rbs	427.000000	0.000000	0.000000
1009.999002	__gene 9_rbs	1021.000000	0.000000	0.000000
1009.999002	__gp-2_rbs	135.000000	0.000000	0.000000
1009.999002	__lysozyme-3.5_rbs	155.000000	0.000000	0.000000
1009.999002	__protein_kinase-0.7_rbs	12.000000	0.000000	0.000000
1009.999002	__ribosome	5.000000	0.000000	0.000000
1009.999002	__rnapol-1_rbs	13.000000	0.000000	0.000000
1009.999002	bound_ecolipol	0.000000	0.000000	0.000000
1009.999002	bound_ecolipol_p	834.000000	0.000000	0.000000
1009.999002	bound_ribosome	3904.000000	0.000000	0.000000
1009.999002	degraded_transcript	37796.000000	0.000000	0.000000
1009.999002	ecoli_genome	966.000000	0.000000	0.000000
1009.999002	ecoli_transcript	26968.000000	0.000000	0.000000
1009.999002	ecolipol	0.000000	0.000000	0.000000
1009.999002	ecolipol-2	0.000000	0.000000	0.000000
1009.999002	ecolipol-2-p	960.000000	0.000000	0.000000
1009.999002	ecolipol-p	5.000000	0.000000	0.000000
1009.999002	gene 0.3	945.000000	13.000000	0.230769
1009.999002	gene 1.1	2176.000000	69.000000	0.231884
1009.999002	gene 1.2	1425.000000	40.000000	3.700000
1009.999002	gene 1.3	2107.000000	93.000000	4.516129
1009.999002	gene 1.4	2042.000000	78.000000	0.051282
1009.999002	gene 1.7	3564.000000	137.000000	0.197080
1009.999002	gene 1.8	3453.000000	137.000000	0.043796
1009.999002	gene 10A	44801.000000	1988.000000	0.211268
1009.999002	gene 11	7050.000000	301.000000	0.162791
1009.999002	gene 12	6756.000000	298.000000	0.768456
1009.999002	gene 13	13366.000000	642.000000	0.172897
1009.999002	gene 14	12676.000000	639.000000	0.212833
1009.999002	gene 15	12367.000000	634.000000	0.771293
1009.999002	gene 16	11341.000000	621.000000	1.260870
1009.999002	gene 17	15475.000000	855.000000	0.573099
1009.999002	gene 17.5	15125.000000	840.000000	0.067857
1009.999002	gene 18	15107.000000	838.000000	0.099045
1009.999002	gene 18.5	14972.000000	836.000000	0.180622
1009.999002	gene 18.7	14590.000000	834.000000	0.118705
1009.999002	gene 19	14214.000000	833.000000	0.593037
1009.999002	gene 19.2	14407.000000	827.000000	0.102781
1009.999002	gene 19.3	14086.000000	822.000000	0.077859
1009.999002	gene 19.5	13795.000000	814.000000	0.046683
1009.999002	gene 2.5	4071.000000	165.000000	0.206061
1009.999002	gene 2.8	3978.000000	163.000000	0.171779
1009.999002	gene 3	3820.000000	159.000000	0.201258
1009.999002	gene 3.8	4577.000000	188.000000	0.180851
1009.999002	gene 4.2	4710.000000	208.000000	0.144231
1009.999002	gene 4.3	4914.000000	207.000000	0.062802
1009.999002	gene 4.5	5499.000000	235.000000	0.063830
1009.999002	gene 4.7	5682.000000	234.000000	0.102564
1009.999002	gene 4A	4220.000000	188.000000	0.563830
1009.999002	gene 5	5892.000000	253.000000	0.845850
1009.999002	gene 5.3	5628.000000	248.000000	0.120968
1009.999002	gene 5.5	5611.000000	247.000000	0.105263
1009.999002	gene 5.7	5541.000000	247.000000	0.052632
1009.999002	gene 5.9	5558.000000	246.000000	0.020325
1009.999002	gene 6	5430.000000	245.000000	0.306122
1009.999002	gene 6.3	5612.000000	241.000000	0.058091
1009.999002	gene 6.5	9983.000000	450.000000	0.115556
1009.999002	gene 6.7	9901.000000	448.000000	0.104911
1009.999002	gene 7	9801.000000	447.000000	0.127517
1009.999002	gene 7.3	9811.000000	445.000000	0.078652
1009.999002	gene 7.7	9761.000000	445.000000	0.137079
1009.999002	gene 8	9200.000000	442.000000	0.538462
1009.999002	gene 9	21670.000000	1027.000000	0.260954
1009.999002	gp-2	2433.000000	136.000000	0.058824
1009.999002	lysozyme-3.5	3282.000000	159.000000	0.138365
1009.999002	nonpref_charged	292.000000	0.000000	0.000000
1009.999002	nonpref_uncharged	14708.000000	0.000000	0.000000
1009.999002	pref_charged	20578.000000	0.000000	0.000000
1009.999002	pref_uncharged	14422.000000	0.000000	0.000000
1009.999002	protein_kinase-0.7	921.000000	13.000000	0.615385
1009.999002	rnapol-1	0.000000	13.000000	15.384615
1009.999002	rnapol-3.5	450.000000	0.000000	0.000000
1014.999000	E. coli B promoter	1.000000	0.000000	0.000000
1014.999000	E. coli C promoter	1.000000	0.000000	0.000000
1014.999000	E. coli promoter A1	1.000000	0.000000	0.000000
1014.999000	E. coli promoter A2	1.000000	0.000000	0.000000
1014.999000	E. coli promoter A3	1.000000	0.000000	0.000000
1014.999000	T7 promoter phi1.1A	1.000000	0.000000	0.000000
1014.999000	T7 promoter phi1.1B	1.000000	0.000000	0.000000
1014.999000	T7 promoter phi1.3	1.000000	0.000000	0.000000
1014.999000	T7 promoter phi1.5	1.000000	0.000000	0.000000
1014.999000	T7 promoter phi1.6	1.000000	0.000000	0.000000
1014.999000	T7 promoter phi10	0.000000	0.000000	0.000000
1014.999000	T7 promoter phi13	0.000000	0.000000	0.000000
1014.999000	T7 promoter phi17	1.000000	0.000000	0.000000
1014.999000	T7 promoter phi2.5	1.000000	0.000000	0.000000
1014.999000	T7 promoter phi3.8	0.000000	0.000000	0.000000
1014.999000	T7 promoter phi4.3	1.000000	0.000000	0.000000
1014.999000	T7 promoter phi4.7	1.000000	0.000000	0.000000
1014.999000	T7 promoter phi4c	1.000000	0.000000	0.000000
1014.999000	T7 promoter phi6.5	0.000000	0.000000	0.000000
1014.999000	T7 promoter phi9	1.000000	0.000000	0.000000
1014.999000	__gene 0.3_rbs	13.000000	0.000000	0.000000
1014.999000	__gene 1.1_rbs	59.000000	0.000000	0.000000
1014.999000	__gene 1.2_rbs	31.000000	0.000000	0.000000
1014.999000	__gene 1.3_rbs	86.000000	0.000000	0.000000
1014.999000	__gene 1.4_rbs	81.000000	0.000000	0.000000
1014.999000	__gene 1.7_rbs	139.000000	0.000000	0.000000
1014.999000	__gene 1.8_rbs	134.000000	0.000000	0.000000
1014.999000	__gene 10A_rbs	1994.000000	0.000000	0.000000
1014.999000	__gene 11_rbs	299.000000	0.000000	0.000000
1014.999000	__gene 12_rbs	296.000000	0.000000	0.000000
1014.999000	__gene 13_rbs	646.000000	0.000000	0.000000
1014.999000	__gene 14_rbs	627.000000	0.000000	0.000000
1014.999000	__gene 15_rbs	617.000000	0.000000	0.000000
1014.999000	__gene 16_rbs	623.000000	0.000000	0.000000
1014.999000	__gene 17.5_rbs	843.000000	0.000000	0.000000
1014.999000	__gene 17_rbs	860.000000	0.000000	0.000000
1014.999000	__gene 18.5_rbs	830.000000	0.000000	0.000000
1014.999000	__gene 18.7_rbs	817.000000	0.000000	0.000000
1014.999000	__gene 18_rbs	824.000000	0.000000	0.000000
1014.999000	__gene 19.2_rbs	802.000000	0.000000	0.000000
1014.999000	__gene 19.3_rbs	809.000000	0.000000	0.000000
1014.999000	__gene 19.5_rbs	817.000000	0.000000	0.000000
1014.999000	__gene 19_rbs	830.000000	0.000000	0.000000
1014.999000	__gene 2.5_rbs	164.000000	0.000000	0.000000
1014.999000	__gene 2.8_rbs	163.000000	0.000000	0.000000
1014.999000	__gene 3.8_rbs	188.000000	0.000000	0.000000
1014.999000	__gene 3_rbs	162.000000	0.000000	0.000000
1014.999000	__gene 4.2_rbs	200.000000	0.000000	0.000000
1014.999000	__gene 4.3_rbs	203.000000	0.000000	0.000000
1014.999000	__gene 4.5_rbs	234.000000	0.000000	0.000000
1014.999000	__gene 4.7_rbs	235.000000	0.000000	0.000000
1014.999000	__gene 4A_rbs	174.000000	0.000000	0.000000
1014.999000	__gene 5.3_rbs	245.000000	0.000000	0.000000
1014.999000	__gene 5.5_rbs	245.000000	0.000000	0.000000
1014.999000	__gene 5.7_rbs	244.000000	0.000000	0.000000
1014.999000	__gene 5.9_rbs	241.000000	0.000000	0.000000
1014.999000	__gene 5_rbs	254.000000	0.000000	0.000000
1014.999000	__gene 6.3_rbs	243.000000	0.000000	0.000000
1014.999000	__gene 6.5_rbs	446.000000	0.000000	0.000000
1014.999000	__gene 6.7_rbs	443.000000	0.000000	0.000000
1014.999000	__gene 6_rbs	237.000000	0.000000	0.000000
1014.999000	__gene 7.3_rbs	442.000000	0.000000	0.000000
1014.999000	__gene 7.7_rbs	440.000000	0.000000	0.000000
1014.999000	__gene 7_rbs	444.000000	0.000000	0.000000
1014.999000	__gene 8_rbs	435.000000	0.000000	0.000000
1014.999000	__gene 9_rbs	1024.000000	0.000000	0.000000
1014.999000	__gp-2_rbs	134.000000	0.000000	0.000000
1014.999000	__lysozyme-3.5_rbs	160.000000	0.000000	0.000000
1014.999000	__protein_kinase-0.7_rbs	13.000000	0.000000	0.000000
1014.999000	__ribosome	6.000000	0.000000	0.000000
1014.999000	__rnapol-1_rbs	13.000000	0.000000	0.000000
1014.999000	bound_ecolipol	0.000000	0.000000	0.000000
1014.999000	bound_ecolipol_p	852.000000	0.000000	0.000000
1014.999000	bound_ribosome	3859.000000	0.000000	0.000000
1014.999000	degraded_transcript	38042.000000	0.000000	0.000000
1014.999000	ecoli_genome	948.000000	0.000000	0.000000
1014.999000	ecoli_transcript	26925.000000	0.000000	0.000000
1014.999000	ecolipol	0.000000	0.000000	0.000000
1014.999000	ecolipol-2	0.000000	0.000000	0.000000
1014.999000	ecolipol-2-p	938.000000	0.000000	0.000000
1014.999000	ecolipol-p	9.000000	0.000000	0.000000
1014.999000	gene 0.3	948.000000	13.000000	0.230769
1014.999000	gene 1.1	2192.000000	69.000000	0.188406
1014.999000	gene 1.2	1435.000000	40.000000	3.800000
1014.999000	gene 1.3	2126.000000	95.000000	4.421053
1014.999000	gene 1.4	2061.000000	81.000000	0.037037
1014.999000	gene 1.7	3598.000000	141.000000	0.248227
1014.999000	gene 1.8	3492.000000	139.000000	0.043165
1014.999000	gene 10A	45329.000000	2010.000000	0.206468
1014.999000	gene 11	7125.000000	303.000000	0.184818
1014.999000	gene 12	6835.000000	302.000000	0.715232
1014.999000	gene 13	13535.000000	650.000000	0.144615
1014.999000	gene 14	12854.000000	646.000000	0.199690
1014.999000	gene 15	12525.000000	643.000000	0.791602
1014.999000	gene 16	11488.000000	625.000000	1.251200
1014.999000	gene 17	15703.000000	867.000000	0.587082
1014.999000	gene 17.5	15332.000000	850.000000	0.076471
1014.999000	gene 18	15322.000000	849.000000	0.101296
1014.999000	gene 18.5	15209.000000	844.000000	0.184834
1014.999000	gene 18.7	14806.000000	843.000000	0.105575
1014.999000	gene 19	14424.000000	841.000000	0.638526
1014.999000	gene 19.2	14637.000000	836.000000	0.081340
1014.999000	gene 19.3	14296.000000	833.000000	0.069628
1014.999000	gene 19.5	13992.000000	825.000000	0.047273
1014.999000	gene 2.5	4115.000000	167.000000	0.185629
1014.999000	gene 2.8	4026.000000	166.000000	0.120482
1014.999000	gene 3	3871.000000	165.000000	0.157576
1014.999000	gene 3.8	4634.000000	190.000000	0.152632
1014.999000	gene 4.2	4767.000000	208.000000	0.144231
1014.999000	gene 4.3	4968.000000	208.000000	0.043269
1014.999000	gene 4.5	5565.000000	236.000000	0.067797
1014.999000	gene 4.7	5737.000000	236.000000	0.110169
1014.999000	gene 4A	4265.000000	188.000000	0.515957
1014.999000	gene 5	5978.000000	257.000000	0.743191
1014.999000	gene 5.3	5690.000000	251.000000	0.119522
1014.999000	gene 5.5	5673.000000	251.000000	0.107570
1014.999000	gene 5.7	5609.000000	250.000000	0.072000
1014.999000	gene 5.9	5618.000000	250.000000	0.048000
1014.999000	gene 6	5501.000000	248.000000	0.290323
1014.999000	gene 6.3	5685.000000	247.000000	0.056680
1014.999000	gene 6.5	10105.000000	455.000000	0.112088
1014.999000	gene 6.7	10020.000000	455.000000	0.094505
1014.999000	gene 7	9924.000000	453.000000	0.136865
1014.999000	gene 7.3	9916.000000	451.000000	0.090909
1014.999000	gene 7.7	9857.000000	449.000000	0.144766
1014.999000	gene 8	9308.000000	447.000000	0.554810
1014.999000	gene 9	21948.000000	1037.000000	0.288332
1014.999000	gp-2	2489.000000	138.000000	0.086957
1014.999000	lysozyme-3.5	3326.000000	163.000000	0.104294
1014.999000	nonpref_charged	301.000000	0.000000	0.000000
1014.999000	nonpref_uncharged	14699.000000	0.000000	0.000000
1014.999000	pref_charged	20392.000000	0.000000	0.000000
1014.999000	pref_uncharged	14608.000000	0.000000	0.000000
1014.999000	protein_kinase-0.7	927.000000	13.000000	0.538462
1014.999000	rnapol-1	0.000000	13.000000	15.538462
1014.999000	rnapol-3.5	455.000000	0.000000	0.000000
1019.999001	E. coli B promoter	1.000000	0.000000	0.000000
1019.999001	E. coli C promoter	1.000000	0.000000	0.000000
1019.999001	E. coli promoter A1	1.000000	0.000000	0.000000
1019.999001	E. coli promoter A2	1.000000	0.000000	0.000000
1019.999001	E. coli promoter A3	1.000000	0.000000	0.000000
1019.999001	T7 promoter phi1.1A	1.000000	0.000000	0.000000
1019.999001	T7 promoter phi1.1B	1.000000	0.000000	0.000000
1019.999001	T7 promoter phi1.3	1.000000	0.000000	0.000000
1019.999001	T7 promoter phi1.5	1.000000	0.000000	0.000000
1019.999001	T7 promoter phi1.6	1.000000	0.000000	0.000000
1019.999001	T7 promoter phi10	1.000000	0.000000	0.000000
1019.999001	T7 promoter phi13	1.000000	0.000000	0.000000
1019.999001	T7 promoter phi17	0.000000	0.000000	0.000000
1019.999001	T7 promoter phi2.5	1.000000	0.000000	0.000000
1019.999001	T7 promoter phi3.8	1.000000	0.000000	0.000000
1019.999001	T7 promoter phi4.3	1.000000	0.000000	0.000000
1019.999001	T7 promoter phi4.7	1.000000	0.000000	0.000000
1019.999001	T7 promoter phi4c	1.000000	0.000000	0.000000
1019.999001	T7 promoter phi6.5	1.000000	0.000000	0.000000
1019.999001	T7 promoter phi9	1.000000	0.000000	0.000000
1019.999001	__gene 0.3_rbs	13.000000	0.000000	0.000000
1019.999001	__gene 1.1_rbs	58.000000	0.000000	0.000000
1019.999001	__gene 1.2_rbs	31.000000	0.000000	0.000000
1019.999001	__gene 1.3_rbs	83.000000	0.000000	0.000000
1019.999001	__gene 1.4_rbs	82.000000	0.000000	0.000000
1019.999001	__gene 1.7_rbs	142.000000	0.000000	0.000000
1019.999001	__gene 1.8_rbs	134.000000	0.000000	0.000000
1019.999001	__gene 10A_rbs	2012.000000	0.000000	0.000000
1019.999001	__gene 11_rbs	299.000000	0.000000	0.000000
1019.999001	__gene 12_rbs	300.000000	0.000000	0.000000
1019.999001	__gene 13_rbs	650.000000	0.000000	0.000000
1019.999001	__gene 14_rbs	629.000000	0.000000	0.000000
1019.999001	__gene 15_rbs	626.000000	0.000000	0.000000
1019.999001	__gene 16_rbs	620.000000	0.000000	0.000000
1019.999001	__gene 17.5_rbs	845.000000	0.000000	0.000000
1019.999001	__gene 17_rbs	871.000000	0.000000	0.000000
1019.999001	__gene 18.5_rbs	846.000000	0.000000	0.000000
1019.999001	__gene 18.7_rbs	828.000000	0.000000	0.000000
1019.999001	__gene 18_rbs	830.000000	0.000000	0.000000
1019.999001	__gene 19.2_rbs	812.000000	0.000000	0.000000
1019.999001	__gene 19.3_rbs	822.000000	0.000000	0.000000
1019.999001	__gene 19.5_rbs	823.000000	0.000000	0.000000
1019.999001	__gene 19_rbs	836.000000	0.000000	0.000000
1019.999001	__gene 2.5_rbs	171.000000	0.000000	0.000000
1019.999001	__gene 2.8_rbs	169.000000	0.000000	0.000000
1019.999001	__gene 3.8_rbs	193.000000	0.000000	0.000000
1019.999001	__gene 3_rbs	157.000000	0.000000	0.000000
1019.999001	__gene 4.2_rbs	199.000000	0.000000	0.000000
1019.999001	__gene 4.3_rbs	207.000000	0.000000	0.000000
1019.999001	__gene 4.5_rbs	235.000000	0.000000	0.000000
1019.999001	__gene 4.7_rbs	234.000000	0.000000	0.000000
1019.999001	__gene 4A_rbs	183.000000	0.000000	0.000000
1019.999001	__gene 5.3_rbs	249.000000	0.000000	0.000000
1019.999001	__gene 5.5_rbs	244.000000	0.000000	0.000000
1019.999001	__gene 5.7_rbs	250.000000	0.000000	0.000000
1019.999001	__gene 5.9_rbs	249.000000	0.000000	0.000000
1019.999001	__gene 5_rbs	255.000000	0.000000	0.000000
1019.999001	__gene 6.3_rbs	244.000000	0.000000	0.000000
1019.999001	__gene 6.5_rbs	446.000000	0.000000	0.000000
1019.999001	__gene 6.7_rbs	450.000000	0.000000	0.000000
1019.999001	__gene 6_rbs	244.000000	0.000000	0.000000
1019.999001	__gene 7.3_rbs	439.000000	0.000000	0.000000
1019.999001	__gene 7.7_rbs	447.000000	0.000000	0.000000
1019.999001	__gene 7_rbs	447.000000	0.000000	0.000000
1019.999001	__gene 8_rbs	434.000000	0.000000	0.000000
1019.999001	__gene 9_rbs	1033.000000	0.000000	0.000000
1019.999001	__gp-2_rbs	141.000000	0.000000	0.000000
1019.999001	__lysozyme-3.5_rbs	163.000000	0.000000	0.000000
1019.999001	__protein_kinase-0.7_rbs	13.000000	0.000000	0.000000
1019.999001	__ribosome	2.000000	0.000000	0.000000
1019.999001	__rnapol-1_rbs	13.000000	0.000000	0.000000
1019.999001	bound_ecolipol	0.000000	0.000000	0.000000
1019.999001	bound_ecolipol_p	826.000000	0.000000	0.000000
1019.999001	bound_ribosome	3850.000000	0.000000	0.000000
1019.999001	degraded_transcript	38299.000000	0.000000	0.000000
1019.999001	ecoli_genome	974.000000	0.000000	0.000000
1019.999001	ecoli_transcript	26857.000000	0.000000	0.000000
1019.999001	ecolipol	0.000000	0.000000	0.000000
1019.999001	ecolipol-2	0.000000	0.000000	0.000000
1019.999001	ecolipol-2-p	966.000000	0.000000	0.000000
1019.999001	ecolipol-p	7.000000	0.000000	0.000000
1019.999001	gene 0.3	951.000000	13.000000	0.307692
1019.999001	gene 1.1	2202.000000	69.000000	0.217391
1019.999001	gene 1.2	1448.000000	40.000000	3.875000
1019.999001	gene 1.3	2140.000000	95.000000	4.526316
1019.999001	gene 1.4	2081.000000	83.000000	0.060241
1019.999001	gene 1.7	3644.000000	143.000000	0.230769
1019.999001	gene 1.8	3534.000000	142.000000	0.063380
1019.999001	gene 10A	45876.000000	2031.000000	0.195963
1019.999001	gene 11	7211.000000	306.000000	0.196078
1019.999001	gene 12	6913.000000	304.000000	0.700658
1019.999001	gene 13	13685.000000	660.000000	0.142424
1019.999001	gene 14	13027.000000	655.000000	0.178626
1019.999001	gene 15	12698.000000	651.000000	0.806452
1019.999001	gene 16	11654.000000	634.000000	1.219243
1019.999001	gene 17	15945.000000	875.000000	0.538286
1019.999001	gene 17.5	15564.000000	860.000000	0.080233
1019.999001	gene 18	15552.000000	857.000000	0.073512
1019.999001	gene 18.5	15431.000000	855.000000	0.174269
1019.999001	gene 18.7	15024.000000	855.000000	0.092398
1019.999001	gene 19	14661.000000	851.000000	0.640423
1019.999001	gene 19.2	14817.000000	845.000000	0.093491
1019.999001	gene 19.3	14500.000000	841.000000	0.059453
1019.999001	gene 19.5	14198.000000	833.000000	0.067227
1019.999001	gene 2.5	4154.000000	171.000000	0.210526
1019.999001	gene 2.8	4068.000000	169.000000	0.195266
1019.999001	gene 3	3909.000000	167.000000	0.215569
1019.999001	gene 3.8	4689.000000	194.000000	0.201031
1019.999001	gene 4.2	4824.000000	208.000000	0.149038
1019.999001	gene 4.3	5011.000000	208.000000	0.067308
1019.999001	gene 4.5	5621.000000	236.000000	0.076271
1019.999001	gene 4.7	5800.000000	236.000000	0.156780
1019.999001	gene 4A	4314.000000	194.000000	0.520619
1019.999001	gene 5	6051.000000	257.000000	0.743191
1019.999001	gene 5.3	5749.000000	253.000000	0.130435
1019.999001	gene 5.5	5726.000000	253.000000	0.118577
1019.999001	gene 5.7	5676.000000	253.000000	0.043478
1019.999001	gene 5.9	5688.000000	252.000000	0.055556
1019.999001	gene 6	5566.000000	252.000000	0.261905
1019.999001	gene 6.3	5751.000000	250.000000	0.048000
1019.999001	gene 6.5	10227.000000	459.000000	0.132898
1019.999001	gene 6.7	10128.000000	458.000000	0.087336
1019.999001	gene 7	10037.000000	458.000000	0.157205
1019.999001	gene 7.3	10046.000000	457.000000	0.098468
1019.999001	gene 7.7	9967.000000	455.000000	0.140659
1019.999001	gene 8	9425.000000	453.000000	0.538631
1019.999001	gene 9	22244.000000	1048.000000	0.270038
1019.999001	gp-2	2497.000000	142.000000	0.063380
1019.999001	lysozyme-3.5	3358.000000	166.000000	0.150602
1019.999001	nonpref_charged	298.000000	0.000000	0.000000
1019.999001	nonpref_uncharged	14702.000000	0.000000	0.000000
1019.999001	pref_charged	20657.000000	0.000000	0.000000
1019.999001	pref_uncharged	14343.000000	0.000000	0.000000
1019.999001	protein_kinase-0.7	929.000000	13.000000	0.538462
1019.999001	rnapol-1	0.000000	13.000000	15.692308
1019.999001	rnapol-3.5	459.000000	0.000000	0.000000
1024.999002	E. coli B promoter	1.000000	0.000000	0.000000
1024.999002	E. coli C promoter	1.000000	0.000000	0.000000
1024.999002	E. coli promoter A1	1.000000	0.000000	0.000000
1024.999002	E. coli promoter A2	1.000000	0.000000	0.000000
1024.999002	E. coli promoter A3	1.000000	0.000000	0.000000
1024.999002	T7 promoter phi1.1A	1.000000	0.000000	0.000000
1024.999002	T7 promoter phi1.1B	1.000000	0.000000	0.000000
1024.999002	T7 promoter phi1.3	1.000000	0.000000	0.000000
1024.999002	T7 promoter phi1.5	1.000000	0.000000	0.000000
1024.999002	T7 promoter phi1.6	1.000000	0.000000	0.000000
1024.999002	T7 promoter phi10	1.000000	0.000000	0.000000
1024.999002	T7 promoter phi13	1.000000	0.000000	0.000000
1024.999002	T7 promoter phi17	1.000000	0.000000	0.000000
1024.999002	T7 promoter phi2.5	1.000000	0.000000	0.000000
1024.999002	T7 promoter phi3.8	0.000000	0.000000	0.000000
1024.999002	T7 promoter phi4.3	0.000000	0.000000	0.000000
1024.999002	T7 promoter phi4.7	1.000000	0.000000	0.000000
1024.999002	T7 promoter phi4c	1.000000	0.000000	0.000000
1024.999002	T7 promoter phi6.5	1.000000	0.000000	0.000000
1024.999002	T7 promoter phi9	1.000000	0.000000	0.000000
1024.999002	__gene 0.3_rbs	13.000000	0.000000	0.000000
1024.999002	__gene 1.1_rbs	62.000000	0.000000	0.000000
1024.999002	__gene 1.2_rbs	33.000000	0.000000	0.000000
1024.999002	__gene 1.3_rbs	87.000000	0.000000	0.000000
1024.999002	__gene 1.4_rbs	80.000000	0.000000	0.000000
1024.999002	__gene 1.7_rbs	143.000000	0.000000	0.000000
1024.999002	__gene 1.8_rbs	140.000000	0.000000	0.000000
1024.999002	__gene 10A_rbs	2037.000000	0.000000	0.000000
1024.999002	__gene 11_rbs	310.000000	0.000000	0.000000
1024.999002	__gene 12_rbs	302.000000	0.000000	0.000000
1024.999002	__gene 13_rbs	654.000000	0.000000	0.000000
1024.999002	__gene 14_rbs	643.000000	0.000000	0.000000
1024.999002	__gene 15_rbs	643.000000	0.000000	0.000000
1024.999002	__gene 16_rbs	632.000000	0.000000	0.000000
1024.999002	__gene 17.5_rbs	855.000000	0.000000	0.000000
1024.999002	__gene 17_rbs	874.000000	0.000000	0.000000
1024.999002	__gene 18.5_rbs	851.000000	0.000000	0.000000
1024.999002	__gene 18.7_rbs	826.000000	0.000000	0.000000
1024.999002	__gene 18_rbs	846.000000	0.000000	0.000000
1024.999002	__gene 19.2_rbs	826.000000	0.000000	0.000000
1024.999002	__gene 19.3_rbs	829.000000	0.000000	0.000000
1024.999002	__gene 19.5_rbs	830.000000	0.000000	0.000000
1024.999002	__gene 19_rbs	851.000000	0.000000	0.000000
1024.999002	__gene 2.5_rbs	171.000000	0.000000	0.000000
1024.999002	__gene 2.8_rbs	169.000000	0.000000	0.000000
1024.999002	__gene 3.8_rbs	193.000000	0.000000	0.000000
1024.999002	__gene 3_rbs	167.000000	0.000000	0.000000
1024.999002	__gene 4.2_rbs	207.000000	0.000000	0.000000
1024.999002	__gene 4.3_rbs	208.000000	0.000000	0.000000
1024.999002	__gene 4.5_rbs	238.000000	0.000000	0.000000
1024.999002	__gene 4.7_rbs	237.000000	0.000000	0.000000
1024.999002	__gene 4A_rbs	190.000000	0.000000	0.000000
1024.999002	__gene 5.3_rbs	255.000000	0.000000	0.000000
1024.999002	__gene 5.5_rbs	251.000000	0.000000	0.000000
1024.999002	__gene 5.7_rbs	245.000000	0.000000	0.000000
1024.999002	__gene 5.9_rbs	248.000000	0.000000	0.000000
1024.999002	__gene 5_rbs	255.000000	0.000000	0.000000
1024.999002	__gene 6.3_rbs	245.000000	0.000000	0.000000
1024.999002	__gene 6.5_rbs	458.000000	0.000000	0.000000
1024.999002	__gene 6.7_rbs	456.000000	0.000000	0.000000
1024.999002	__gene 6_rbs	245.000000	0.000000	0.000000
1024.999002	__gene 7.3_rbs	449.000000	0.000000	0.000000
1024.999002	__gene 7.7_rbs	456.000000	0.000000	0.000000
1024.999002	__gene 7_rbs	454.000000	0.000000	0.000000
1024.999002	__gene 8_rbs	441.000000	0.000000	0.000000
1024.999002	__gene 9_rbs	1051.000000	0.000000	0.000000
1024.999002	__gp-2_rbs	140.000000	0.000000	0.000000
1024.999002	__lysozyme-3.5_rbs	163.000000	0.000000	0.000000
1024.999002	__protein_kinase-0.7_rbs	12.000000	0.000000	0.000000
1024.999002	__ribosome	4.000000	0.000000	0.000000
1024.999002	__rnapol-1_rbs	13.000000	0.000000	0.000000
1024.999002	bound_ecolipol	0.000000	0.000000	0.000000
1024.999002	bound_ecolipol_p	824.000000	0.000000	0.000000
1024.999002	bound_ribosome	3764.000000	0.000000	0.000000
1024.999002	degraded_transcript	38571.000000	0.000000	0.000000
1024.999002	ecoli_genome	976.000000	0.000000	0.000000
1024.999002	ecoli_transcript	26841.000000	0.000000	0.000000
1024.999002	ecolipol	0.000000	0.000000	0.000000
1024.999002	ecolipol-2	0.000000	0.000000	0.000000
1024.999002	ecolipol-2-p	967.000000	0.000000	0.000000
1024.999002	ecolipol-p	8.000000	0.000000	0.000000
1024.999002	gene 0.3	955.000000	13.000000	0.307692
1024.999002	gene 1.1	2221.000000	71.000000	0.211268
1024.999002	gene 1.2	1463.000000	42.000000	3.595238
1024.999002	gene 1.3	2158.000000	97.000000	4.391753
1024.999002	gene 1.4	2098.000000	83.000000	0.084337
1024.999002	gene 1.7	3682.000000	144.000000	0.194444
1024.999002	gene 1.8	3566.000000	144.000000	0.062500
1024.999002	gene 10A	46385.000000	2051.000000	0.206728
1024.999002	gene 11	7295.000000	311.000000	0.205788
1024.999002	gene 12	6987.000000	309.000000	0.747573
1024.999002	gene 13	13860.000000	667.000000	0.160420
1024.999002	gene 14	13189.000000	664.000000	0.174699
1024.999002	gene 15	12854.000000	660.000000	0.836364
1024.999002	gene 16	11823.000000	643.000000	1.195956
1024.999002	gene 17	16173.000000	886.000000	0.546275
1024.999002	gene 17.5	15767.000000	869.000000	0.072497
1024.999002	gene 18	15763.000000	868.000000	0.104839
1024.999002	gene 18.5	15668.000000	867.000000	0.171857
1024.999002	gene 18.7	15227.000000	866.000000	0.122402
1024.999002	gene 19	14903.000000	862.000000	0.621810
1024.999002	gene 19.2	15037.000000	855.000000	0.092398
1024.999002	gene 19.3	14704.000000	851.000000	0.066980
1024.999002	gene 19.5	14410.000000	843.000000	0.058126
1024.999002	gene 2.5	4202.000000	173.000000	0.138728
1024.999002	gene 2.8	4116.000000	172.000000	0.174419
1024.999002	gene 3	3957.000000	172.000000	0.168605
1024.999002	gene 3.8	4743.000000	196.000000	0.153061
1024.999002	gene 4.2	4884.000000	212.000000	0.127358
1024.999002	gene 4.3	5066.000000	211.000000	0.066351
1024.999002	gene 4.5	5690.000000	239.000000	0.092050
1024.999002	gene 4.7	5865.000000	238.000000	0.121849
1024.999002	gene 4A	4357.000000	195.000000	0.512821
1024.999002	gene 5	6126.000000	258.000000	0.697674
1024.999002	gene 5.3	5827.000000	257.000000	0.097276
1024.999002	gene 5.5	5798.000000	256.000000	0.152344
1024.999002	gene 5.7	5735.000000	256.000000	0.082031
1024.999002	gene 5.9	5752.000000	256.000000	0.046875
1024.999002	gene 6	5626.000000	254.000000	0.263780
1024.999002	gene 6.3	5816.000000	252.000000	0.023810
1024.999002	gene 6.5	10353.000000	467.000000	0.107066
1024.999002	gene 6.7	10237.000000	466.000000	0.096567
1024.999002	gene 7	10181.000000	464.000000	0.150862
1024.999002	gene 7.3	10161.000000	461.000000	0.073753
1024.999002	gene 7.7	10086.000000	459.000000	0.150327
1024.999002	gene 8	9544.000000	458.000000	0.561135
1024.999002	gene 9	22521.000000	1058.000000	0.263705
1024.999002	gp-2	2529.000000	144.000000	0.069444
1024.999002	lysozyme-3.5	3398.000000	171.000000	0.152047
1024.999002	nonpref_charged	218.000000	0.000000	0.000000
1024.999002	nonpref_uncharged	14782.000000	0.000000	0.000000
1024.999002	pref_charged	20184.000000	0.000000	0.000000
1024.999002	pref_uncharged	14816.000000	0.000000	0.000000
1024.999002	protein_kinase-0.7	931.000000	13.000000	1.000000
1024.999002	rnapol-1	0.000000	13.000000	15.923077
1024.999002	rnapol-3.5	458.000000	0.000000	0.000000
1029.999001	E. coli B promoter	1.000000	0.000000	0.000000
1029.999001	E. coli C promoter	1.000000	0.000000	0.000000
1029.999001	E. coli promoter A1	1.000000	0.000000	0.000000
1029.999001	E. coli promoter A2	1.000000	0.000000	0.000000
1029.999001	E. coli promoter A3	1.000000	0.000000	0.000000
1029.999001	T7 promoter phi1.1A	1.000000	0.000000	0.000000
1029.999001	T7 promoter phi1.1B	1.000000	0.000000	0.000000
1029.999001	T7 promoter phi1.3	1.000000	0.000000	0.000000
1029.999001	T7 promoter phi1.5	1.000000	0.000000	0.000000
1029.999001	T7 promoter phi1.6	1.000000	0.000000	0.000000
1029.999001	T7 promoter phi10	0.000000	0.000000	0.000000
1029.999001	T7 promoter phi13	1.000000	0.000000	0.000000
1029.999001	T7 promoter phi17	1.000000	0.000000	0.000000
1029.999001	T7 promoter phi2.5	1.000000	0.000000	0.000000
1029.999001	T7 promoter phi3.8	1.000000	0.000000	0.000000
1029.999001	T7 promoter phi4.3	1.000000	0.000000	0.000000
1029.999001	T7 promoter phi4.7	1.000000	0.000000	0.000000
1029.999001	T7 promoter phi4c	1.000000	0.000000	0.000000
1029.999001	T7 promoter phi6.5	0.000000	0.000000	0.000000
1029.999001	T7 promoter phi9	1.000000	0.000000	0.000000
1029.999001	__gene 0.3_rbs	13.000000	0.000000	0.000000
1029.999001	__gene 1.1_rbs	62.000000	0.000000	0.000000
1029.999001	__gene 1.2_rbs	34.000000	0.000000	0.000000
1029.999001	__gene 1.3_rbs	88.000000	0.000000	0.000000
1029.999001	__gene 1.4_rbs	84.000000	0.000000	0.000000
1029.999001	__gene 1.7_rbs	143.000000	0.000000	0.000000
1029.999001	__gene 1.8_rbs	140.000000	0.000000	0.000000
1029.999001	__gene 10A_rbs	2048.000000	0.000000	0.000000
1029.999001	__gene 11_rbs	313.000000	0.000000	0.000000
1029.999001	__gene 12_rbs	308.000000	0.000000	0.000000
1029.999001	__gene 13_rbs	664.000000	0.000000	0.000000
1029.999001	__gene 14_rbs	647.000000	0.000000	0.000000
1029.999001	__gene 15_rbs	643.000000	0.000000	0.000000
1029.999001	__gene 16_rbs	645.000000	0.000000	0.000000
1029.999001	__gene 17.5_rbs	872.000000	0.000000	0.000000
1029.999001	__gene 17_rbs	882.000000	0.000000	0.000000
1029.999001	__gene 18.5_rbs	860.000000	0.000000	0.000000
1029.999001	__gene 18.7_rbs	849.000000	0.000000	0.000000
1029.999001	__gene 18_rbs	849.000000	0.000000	0.000000
1029.999001	__gene 19.2_rbs	843.000000	0.000000	0.000000
1029.999001	__gene 19.3_rbs	833.000000	0.000000	0.000000
1029.999001	__gene 19.5_rbs	836.000000	0.000000	0.000000
1029.999001	__gene 19_rbs	858.000000	0.000000	0.000000
1029.999001	__gene 2.5_rbs	169.000000	0.000000	0.000000
1029.999001	__gene 2.8_rbs	166.000000	0.000000	0.000000
1029.999001	__gene 3.8_rbs	199.000000	0.000000	0.000000
1029.999001	__gene 3_rbs	166.000000	0.000000	0.000000
1029.999001	__gene 4.2_rbs	208.000000	0.000000	0.000000
1029.999001	__gene 4.3_rbs	211.000000	0.000000	0.000000
1029.999001	__gene 4.5_rbs	244.000000	0.000000	0.000000
1029.999001	__gene 4.7_rbs	239.000000	0.000000	0.000000
1029.999001	__gene 4A_rbs	195.000000	0.000000	0.000000
1029.999001	__gene 5.3_rbs	253.000000	0.000000	0.000000
1029.999001	__gene 5.5_rbs	252.000000	0.000000	0.000000
1029.999001	__gene 5.7_rbs	252.000000	0.000000	0.000000
1029.999001	__gene 5.9_rbs	249.000000	0.000000	0.000000
1029.999001	__gene 5_rbs	262.000000	0.000000	0.000000
1029.999001	__gene 6.3_rbs	250.000000	0.000000	0.000000
1029.999001	__gene 6.5_rbs	466.000000	0.000000	0.000000
1029.999001	__gene 6.7_rbs	450.000000	0.000000	0.000000
1029.999001	__gene 6_rbs	246.000000	0.000000	0.000000
1029.999001	__gene 7.3_rbs	454.000000	0.000000	0.000000
1029.999001	__gene 7.7_rbs	459.000000	0.000000	0.000000
1029.999001	__gene 7_rbs	456.000000	0.000000	0.000000
1029.999001	__gene 8_rbs	451.000000	0.000000	0.000000
1029.999001	__gene 9_rbs	1061.000000	0.000000	0.000000
1029.999001	__gp-2_rbs	140.000000	0.000000	0.000000
1029.999001	__lysozyme-3.5_rbs	170.000000	0.000000	0.000000
1029.999001	__protein_kinase-0.7_rbs	13.000000	0.000000	0.000000
1029.999001	__ribosome	4.000000	0.000000	0.000000
1029.999001	__rnapol-1_rbs	13.000000	0.000000	0.000000
1029.999001	bound_ecolipol	0.000000	0.000000	0.000000
1029.999001	bound_ecolipol_p	805.000000	0.000000	0.000000
1029.999001	bound_ribosome	3712.000000	0.000000	0.000000
1029.999001	degraded_transcript	38829.000000	0.000000	0.000000
1029.999001	ecoli_genome	995.000000	0.000000	0.000000
1029.999001	ecoli_transcript	26808.000000	0.000000	0.000000
1029.999001	ecolipol	0.000000	0.000000	0.000000
1029.999001	ecolipol-2	0.000000	0.000000	0.000000
1029.999001	ecolipol-2-p	988.000000	0.000000	0.000000
1029.999001	ecolipol-p	6.000000	0.000000	0.000000
1029.999001	gene 0.3	959.000000	13.000000	0.000000
1029.999001	gene 1.1	2233.000000	73.000000	0.205479
1029.999001	gene 1.2	1475.000000	43.000000	3.441860
1029.999001	gene 1.3	2182.000000	98.000000	4.357143
1029.999001	gene 1.4	2119.000000	84.000000	0.000000
1029.999001	gene 1.7	3713.000000	144.000000	0.229167
1029.999001	gene 1.8	3606.000000	144.000000	0.062500
1029.999001	gene 10A	46909.000000	2071.000000	0.210526
1029.999001	gene 11	7380.000000	316.000000	0.180380
1029.999001	gene 12	7049.000000	314.000000	0.821656
1029.999001	gene 13	14038.000000	672.000000	0.163690
1029.999001	gene 14	13347.000000	670.000000	0.225373
1029.999001	gene 15	13031.000000	668.000000	0.830838
1029.999001	gene 16	11964.000000	651.000000	1.207373
1029.999001	gene 17	16403.000000	893.000000	0.539754
1029.999001	gene 17.5	15983.000000	880.000000	0.069318
1029.999001	gene 18	15982.000000	879.000000	0.097838
1029.999001	gene 18.5	15884.000000	875.000000	0.177143
1029.999001	gene 18.7	15448.000000	874.000000	0.108696
1029.999001	gene 19	15149.000000	870.000000	0.595402
1029.999001	gene 19.2	15243.000000	867.000000	0.092272
1029.999001	gene 19.3	14895.000000	861.000000	0.060395
1029.999001	gene 19.5	14617.000000	854.000000	0.072600
1029.999001	gene 2.5	4240.000000	174.000000	0.166667
1029.999001	gene 2.8	4161.000000	174.000000	0.172414
1029.999001	gene 3	4002.000000	173.000000	0.196532
1029.999001	gene 3.8	4792.000000	201.000000	0.149254
1029.999001	gene 4.2	4932.000000	215.000000	0.111628
1029.999001	gene 4.3	5127.000000	215.000000	0.051163
1029.999001	gene 4.5	5746.000000	244.000000	0.077869
1029.999001	gene 4.7	5917.000000	243.000000	0.127572
1029.999001	gene 4A	4399.000000	200.000000	0.520000
1029.999001	gene 5	6193.000000	263.000000	0.653992
1029.999001	gene 5.3	5895.000000	257.000000	0.112840
1029.999001	gene 5.5	5874.000000	257.000000	0.120623
1029.999001	gene 5.7	5802.000000	257.000000	0.054475
1029.999001	gene 5.9	5808.000000	257.000000	0.066148
1029.999001	gene 6	5687.000000	257.000000	0.256809
1029.999001	gene 6.3	5877.000000	256.000000	0.042969
1029.999001	gene 6.5	10481.000000	472.000000	0.108051
1029.999001	gene 6.7	10356.000000	469.000000	0.083156
1029.999001	gene 7	10311.000000	469.000000	0.121535
1029.999001	gene 7.3	10269.000000	467.000000	0.079229
1029.999001	gene 7.7	10197.000000	466.000000	0.165236
1029.999001	gene 8	9647.000000	464.000000	0.603448
1029.999001	gene 9	22798.000000	1070.000000	0.254206
1029.999001	gp-2	2545.000000	144.000000	0.041667
1029.999001	lysozyme-3.5	3448.000000	172.000000	0.104651
1029.999001	nonpref_charged	272.000000	0.000000	0.000000
1029.999001	nonpref_uncharged	14728.000000	0.000000	0.000000
1029.999001	pref_charged	20510.000000	0.000000	0.000000
1029.999001	pref_uncharged	14490.000000	0.000000	0.000000
1029.999001	protein_kinase-0.7	936.000000	13.000000	0.846154
1029.999001	rnapol-1	0.000000	13.000000	16.000000
1029.999001	rnapol-3.5	458.000000	0.000000	0.000000
1034.999000	E. coli B promoter	1.000000	0.000000	0.000000
1034.999000	E. coli C promoter	1.000000	0.000000	0.000000
1034.999000	E. coli promoter A1	1.000000	0.000000	0.000000
1034.999000	E. coli promoter A2	1.000000	0.000000	0.000000
1034.999000	E. coli promoter A3	1.000000	0.000000	0.000000
1034.999000	T7 promoter phi1.1A	1.000000	0.000000	0.000000
1034.999000	T7 promoter phi1.1B	1.000000	0.000000	0.000000
1034.999000	T7 promoter phi1.3	1.000000	0.000000	0.000000
1034.999000	T7 promoter phi1.5	1.000000	0.000000	0.000000
1034.999000	T7 promoter phi1.6	1.000000	0.000000	0.000000
1034.999000	T7 promoter phi10	0.000000	0.000000	0.000000
1034.999000	T7 promoter phi13	0.000000	0.000000	0.000000
1034.999000	T7 promoter phi17	0.000000	0.000000	0.000000
1034.999000	T7 promoter phi2.5	1.000000	0.000000	0.000000
1034.999000	T7 promoter phi3.8	1.000000	0.000000	0.000000
1034.999000	T7 promoter phi4.3	0.000000	0.000000	0.000000
1034.999000	T7 promoter phi4.7	1.000000	0.000000	0.000000
1034.999000	T7 promoter phi4c	1.000000	0.000000	0.000000
1034.999000	T7 promoter phi6.5	0.000000	0.000000	0.000000
1034.999000	T7 promoter phi9	0.000000	0.000000	0.000000
1034.999000	__gene 0.3_rbs	13.000000	0.000000	0.000000
1034.999000	__gene 1.1_rbs	65.000000	0.000000	0.000000
1034.999000	__gene 1.2_rbs	35.000000	0.000000	0.000000
1034.999000	__gene 1.3_rbs	87.000000	0.000000	0.000000
1034.999000	__gene 1.4_rbs	84.000000	0.000000	0.000000
1034.999000	__gene 1.7_rbs	149.000000	0.000000	0.000000
1034.999000	__gene 1.8_rbs	142.000000	0.000000	0.000000
1034.999000	__gene 10A_rbs	2070.000000	0.000000	0.000000
1034.999000	__gene 11_rbs	317.000000	0.000000	0.000000
1034.999000	__gene 12_rbs	310.000000	0.000000	0.000000
1034.999000	__gene 13_rbs	671.000000	0.000000	0.000000
1034.999000	__gene 14_rbs	662.000000	0.000000	0.000000
1034.999000	__gene 15_rbs	651.000000	0.000000	0.000000
1034.999000	__gene 16_rbs	651.000000	0.000000	0.000000
1034.999000	__gene 17.5_rbs	878.000000	0.000000	0.000000
1034.999000	__gene 17_rbs	893.000000	0.000000	0.000000
1034.999000	__gene 18.5_rbs	875.000000	0.000000	0.000000
1034.999000	__gene 18.7_rbs	846.000000	0.000000	0.000000
1034.999000	__gene 18_rbs	862.000000	0.000000	0.000000
1034.999000	__gene 19.2_rbs	839.000000	0.000000	0.000000
1034.999000	__gene 19.3_rbs	839.000000	0.000000	0.000000
1034.999000	__gene 19.5_rbs	857.000000	0.000000	0.000000
1034.999000	__gene 19_rbs	867.000000	0.000000	0.000000
1034.999000	__gene 2.5_rbs	175.000000	0.000000	0.000000
1034.999000	__gene 2.8_rbs	168.000000	0.000000	0.000000
1034.999000	__gene 3.8_rbs	200.000000	0.000000	0.000000
1034.999000	__gene 3_rbs	168.000000	0.000000	0.000000
1034.999000	__gene 4.2_rbs	216.000000	0.000000	0.000000
1034.999000	__gene 4.3_rbs	217.000000	0.000000	0.000000
1034.999000	__gene 4.5_rbs	244.000000	0.000000	0.000000
1034.999000	__gene 4.7_rbs	243.000000	0.000000	0.000000
1034.999000	__gene 4A_rbs	196.000000	0.000000	0.000000
1034.999000	__gene 5.3_rbs	255.000000	0.000000	0.000000
1034.999000	__gene 5.5_rbs	251.000000	0.000000	0.000000
1034.999000	__gene 5.7_rbs	250.000000	0.000000	0.000000
1034.999000	__gene 5.9_rbs	250.000000	0.000000	0.000000
1034.999000	__gene 5_rbs	263.000000	0.000000	0.000000
1034.999000	__gene 6.3_rbs	251.000000	0.000000	0.000000
1034.999000	__gene 6.5_rbs	463.000000	0.000000	0.000000
1034.999000	__gene 6.7_rbs	461.000000	0.000000	0.000000
1034.999000	__gene 6_rbs	245.000000	0.000000	0.000000
1034.999000	__gene 7.3_rbs	461.000000	0.000000	0.000000
1034.999000	__gene 7.7_rbs	468.000000	0.000000	0.000000
1034.999000	__gene 7_rbs	459.000000	0.000000	0.000000
1034.999000	__gene 8_rbs	453.000000	0.000000	0.000000
1034.999000	__gene 9_rbs	1072.000000	0.000000	0.000000
1034.999000	__gp-2_rbs	146.000000	0.000000	0.000000
1034.999000	__lysozyme-3.5_rbs	169.000000	0.000000	0.000000
1034.999000	__protein_kinase-0.7_rbs	13.000000	0.000000	0.000000
1034.999000	__ribosome	1.000000	0.000000	0.000000
1034.999000	__rnapol-1_rbs	12.000000	0.000000	0.000000
1034.999000	bound_ecolipol	0.000000	0.000000	0.000000
1034.999000	bound_ecolipol_p	803.000000	0.000000	0.000000
1034.999000	bound_ribosome	3630.000000	0.000000	0.000000
1034.999000	degraded_transcript	39084.000000	0.000000	0.000000
1034.999000	ecoli_genome	997.000000	0.000000	0.000000
1034.999000	ecoli_transcript	26807.000000	0.000000	0.000000
1034.999000	ecolipol	0.000000	0.000000	0.000000
1034.999000	ecolipol-2	0.000000	0.000000	0.000000
1034.999000	ecolipol-2-p	988.000000	0.000000	0.000000
1034.999000	ecolipol-p	8.000000	0.000000	0.000000
1034.999000	gene 0.3	959.000000	13.000000	0.307692
1034.999000	gene 1.1	2245.000000	74.000000	0.229730
1034.999000	gene 1.2	1484.000000	43.000000	3.395349
1034.999000	gene 1.3	2193.000000	99.000000	4.444444
1034.999000	gene 1.4	2137.000000	86.000000	0.093023
1034.999000	gene 1.7	3753.000000	150.000000	0.220000
1034.999000	gene 1.8	3648.000000	149.000000	0.046980
1034.999000	gene 10A	47448.000000	2092.000000	0.184512
1034.999000	gene 11	7454.000000	321.000000	0.196262
1034.999000	gene 12	7120.000000	317.000000	0.899054
1034.999000	gene 13	14219.000000	681.000000	0.179148
1034.999000	gene 14	13549.000000	677.000000	0.177253
1034.999000	gene 15	13213.000000	673.000000	0.815750
1034.999000	gene 16	12118.000000	660.000000	1.227273
1034.999000	gene 17	16617.000000	899.000000	0.592881
1034.999000	gene 17.5	16214.000000	889.000000	0.075366
1034.999000	gene 18	16207.000000	888.000000	0.078829
1034.999000	gene 18.5	16102.000000	886.000000	0.170429
1034.999000	gene 18.7	15676.000000	886.000000	0.119639
1034.999000	gene 19	15377.000000	882.000000	0.565760
1034.999000	gene 19.2	15458.000000	876.000000	0.090183
1034.999000	gene 19.3	15102.000000	870.000000	0.072414
1034.999000	gene 19.5	14848.000000	866.000000	0.063510
1034.999000	gene 2.5	4281.000000	177.000000	0.169492
1034.999000	gene 2.8	4202.000000	174.000000	0.149425
1034.999000	gene 3	4045.000000	174.000000	0.178161
1034.999000	gene 3.8	4841.000000	203.000000	0.137931
1034.999000	gene 4.2	4990.000000	220.000000	0.122727
1034.999000	gene 4.3	5174.000000	218.000000	0.064220
1034.999000	gene 4.5	5812.000000	246.000000	0.081301
1034.999000	gene 4.7	5978.000000	245.000000	0.138776
1034.999000	gene 4A	4447.000000	202.000000	0.490099
1034.999000	gene 5	6255.000000	266.000000	0.676692
1034.999000	gene 5.3	5951.000000	259.000000	0.135135
1034.999000	gene 5.5	5939.000000	258.000000	0.124031
1034.999000	gene 5.7	5856.000000	257.000000	0.077821
1034.999000	gene 5.9	5888.000000	257.000000	0.038911
1034.999000	gene 6	5746.000000	257.000000	0.276265
1034.999000	gene 6.3	5940.000000	257.000000	0.058366
1034.999000	gene 6.5	10624.000000	474.000000	0.139241
1034.999000	gene 6.7	10473.000000	474.000000	0.094937
1034.999000	gene 7	10425.000000	473.000000	0.122622
1034.999000	gene 7.3	10389.000000	473.000000	0.101480
1034.999000	gene 7.7	10314.000000	471.000000	0.138004
1034.999000	gene 8	9783.000000	469.000000	0.571429
1034.999000	gene 9	23069.000000	1080.000000	0.262963
1034.999000	gp-2	2572.000000	147.000000	0.020408
1034.999000	lysozyme-3.5	3486.000000	174.000000	0.166667
1034.999000	nonpref_charged	253.000000	0.000000	0.000000
1034.999000	nonpref_uncharged	14747.000000	0.000000	0.000000
1034.999000	pref_charged	21102.000000	0.000000	0.000000
1034.999000	pref_uncharged	13898.000000	0.000000	0.000000
1034.999000	protein_kinase-0.7	941.000000	13.000000	0.692308
1034.999000	rnapol-1	0.000000	13.000000	16.076923
1034.999000	rnapol-3.5	458.000000	0.000000	0.000000
1039.999001	E. coli B promoter	1.000000	0.000000	0.000000
1039.999001	E. coli C promoter	1.000000	0.000000	0.000000
1039.999001	E. coli promoter A1	1.000000	0.000000	0.000000
1039.999001	E. coli promoter A2	1.000000	0.000000	0.000000
1039.999001	E. coli promoter A3	1.000000	0.000000	0.000000
1039.999001	T7 promoter phi1.1A	1.000000	0.000000	0.000000
1039.999001	T7 promoter phi1.1B	1.000000	0.000000	0.000000
1039.999001	T7 promoter phi1.3	1.000000	0.000000	0.000000
1039.999001	T7 promoter phi1.5	1.000000	0.000000	0.000000
1039.999001	T7 promoter phi1.6	1.000000	0.000000	0.000000
1039.999001	T7 promoter phi10	0.000000	0.000000	0.000000
1039.999001	T7 promoter phi13	1.000000	0.000000	0.000000
1039.999001	T7 promoter phi17	1.000000	0.000000	0.000000
1039.999001	T7 promoter phi2.5	1.000000	0.000000	0.000000
1039.999001	T7 promoter phi3.8	1.000000	0.000000	0.000000
1039.999001	T7 promoter phi4.3	1.000000	0.000000	0.000000
1039.999001	T7 promoter phi4.7	1.000000	0.000000	0.000000
1039.999001	T7 promoter phi4c	1.000000	0.000000	0.000000
1039.999001	T7 promoter phi6.5	1.000000	0.000000	0.000000
1039.999001	T7 promoter phi9	0.000000	0.000000	0.000000
1039.999001	__gene 0.3_rbs	13.000000	0.000000	0.000000
1039.999001	__gene 1.1_rbs	63.000000	0.000000	0.000000
1039.999001	__gene 1.2_rbs	34.000000	0.000000	0.000000
1039.999001	__gene 1.3_rbs	91.000000	0.000000	0.000000
1039.999001	__gene 1.4_rbs	87.000000	0.000000	0.000000
1039.999001	__gene 1.7_rbs	149.000000	0.000000	0.000000
1039.999001	__gene 1.8_rbs	144.000000	0.000000	0.000000
1039.999001	__gene 10A_rbs	2094.000000	0.000000	0.000000
1039.999001	__gene 11_rbs	322.000000	0.000000	0.000000
1039.999001	__gene 12_rbs	322.000000	0.000000	0.000000
1039.999001	__gene 13_rbs	680.000000	0.000000	0.000000
1039.999001	__gene 14_rbs	663.000000	0.000000	0.000000
1039.999001	__gene 15_rbs	662.000000	0.000000	0.000000
1039.999001	__gene 16_rbs	658.000000	0.000000	0.000000
1039.999001	__gene 17.5_rbs	883.000000	0.000000	0.000000
1039.999001	__gene 17_rbs	900.000000	0.000000	0.000000
1039.999001	__gene 18.5_rbs	879.000000	0.000000	0.000000
1039.999001	__gene 18.7_rbs	855.000000	0.000000	0.000000
1039.999001	__gene 18_rbs	875.000000	0.000000	0.000000
1039.999001	__gene 19.2_rbs	845.000000	0.000000	0.000000
1039.999001	__gene 19.3_rbs	857.000000	0.000000	0.000000
1039.999001	__gene 19.5_rbs	864.000000	0.000000	0.000000
1039.999001	__gene 19_rbs	875.000000	0.000000	0.000000
1039.999001	__gene 2.5_rbs	177.000000	0.000000	0.000000
1039.999001	__gene 2.8_rbs	177.000000	0.000000	0.000000
1039.999001	__gene 3.8_rbs	202.000000	0.000000	0.000000
1039.999001	__gene 3_rbs	174.000000	0.000000	0.000000
1039.999001	__gene 4.2_rbs	216.000000	0.000000	0.000000
1039.999001	__gene 4.3_rbs	215.000000	0.000000	0.000000
1039.999001	__gene 4.5_rbs	249.000000	0.000000	0.000000
1039.999001	__gene 4.7_rbs	249.000000	0.000000	0.000000
1039.999001	__gene 4A_rbs	200.000000	0.000000	0.000000
1039.999001	__gene 5.3_rbs	260.000000	0.000000	0.000000
1039.999001	__gene 5.5_rbs	256.000000	0.000000	0.000000
1039.999001	__gene 5.7_rbs	252.000000	0.000000	0.000000
1039.999001	__gene 5.9_rbs	252.000000	0.000000	0.000000
1039.999001	__gene 5_rbs	266.000000	0.000000	0.000000
1039.999001	__gene 6.3_rbs	252.000000	0.000000	0.000000
1039.999001	__gene 6.5_rbs	466.000000	0.000000	0.000000
1039.999001	__gene 6.7_rbs	471.000000	0.000000	0.000000
1039.999001	__gene 6_rbs	255.000000	0.000000	0.000000
1039.999001	__gene 7.3_rbs	466.000000	0.000000	0.000000
1039.999001	__gene 7.7_rbs	469.000000	0.000000	0.000000
1039.999001	__gene 7_rbs	460.000000	0.000000	0.000000
1039.999001	__gene 8_rbs	461.000000	0.000000	0.000000
1039.999001	__gene 9_rbs	1083.000000	0.000000	0.000000
1039.999001	__gp-2_rbs	146.000000	0.000000	0.000000
1039.999001	__lysozyme-3.5_rbs	171.000000	0.000000	0.000000
1039.999001	__protein_kinase-0.7_rbs	13.000000	0.000000	0.000000
1039.999001	__ribosome	2.000000	0.000000	0.000000
1039.999001	__rnapol-1_rbs	13.000000	0.000000	0.000000
1039.999001	bound_ecolipol	0.000000	0.000000	0.000000
1039.999001	bound_ecolipol_p	809.000000	0.000000	0.000000
1039.999001	bound_ribosome	3629.000000	0.000000	0.000000
1039.999001	degraded_transcript	39368.000000	0.000000	0.000000
1039.999001	ecoli_genome	991.000000	0.000000	0.000000
1039.999001	ecoli_transcript	26685.000000	0.000000	0.000000
1039.999001	ecolipol	0.000000	0.000000	0.000000
1039.999001	ecolipol-2	0.000000	0.000000	0.000000
1039.999001	ecolipol-2-p	980.000000	0.000000	0.000000
1039.999001	ecolipol-p	10.000000	0.000000	0.000000
1039.999001	gene 0.3	963.000000	13.000000	0.000000
1039.999001	gene 1.1	2264.000000	74.000000	0.229730
1039.999001	gene 1.2	1490.000000	43.000000	3.488372
1039.999001	gene 1.3	2216.000000	100.000000	4.420000
1039.999001	gene 1.4	2161.000000	87.000000	0.068966
1039.999001	gene 1.7	3792.000000	151.000000	0.158940
1039.999001	gene 1.8	3685.000000	150.000000	0.080000
1039.999001	gene 10A	47931.000000	2111.000000	0.198484
1039.999001	gene 11	7549.000000	324.000000	0.169753
1039.999001	gene 12	7210.000000	323.000000	0.826625
1039.999001	gene 13	14404.000000	689.000000	0.146589
1039.999001	gene 14	13717.000000	685.000000	0.164964
1039.999001	gene 15	13383.000000	681.000000	0.790015
1039.999001	gene 16	12261.000000	668.000000	1.224551
1039.999001	gene 17	16827.000000	912.000000	0.588816
1039.999001	gene 17.5	16428.000000	896.000000	0.080357
1039.999001	gene 18	16417.000000	895.000000	0.073743
1039.999001	gene 18.5	16339.000000	892.000000	0.146861
1039.999001	gene 18.7	15883.000000	892.000000	0.114350
1039.999001	gene 19	15601.000000	890.000000	0.575281
1039.999001	gene 19.2	15669.000000	886.000000	0.112867
1039.999001	gene 19.3	15314.000000	882.000000	0.069161
1039.999001	gene 19.5	15060.000000	872.000000	0.071101
1039.999001	gene 2.5	4326.000000	181.000000	0.215470
1039.999001	gene 2.8	4245.000000	180.000000	0.144444
1039.999001	gene 3	4087.000000	177.000000	0.192090
1039.999001	gene 3.8	4890.000000	203.000000	0.152709
1039.999001	gene 4.2	5041.000000	221.000000	0.126697
1039.999001	gene 4.3	5214.000000	221.000000	0.099548
1039.999001	gene 4.5	5872.000000	251.000000	0.083665
1039.999001	gene 4.7	6045.000000	250.000000	0.100000
1039.999001	gene 4A	4493.000000	203.000000	0.492611
1039.999001	gene 5	6322.000000	269.000000	0.698885
1039.999001	gene 5.3	6009.000000	263.000000	0.114068
1039.999001	gene 5.5	6012.000000	261.000000	0.126437
1039.999001	gene 5.7	5919.000000	259.000000	0.038610
1039.999001	gene 5.9	5946.000000	259.000000	0.034749
1039.999001	gene 6	5806.000000	259.000000	0.316602
1039.999001	gene 6.3	6013.000000	257.000000	0.062257
1039.999001	gene 6.5	10755.000000	479.000000	0.106472
1039.999001	gene 6.7	10589.000000	479.000000	0.104384
1039.999001	gene 7	10521.000000	477.000000	0.155136
1039.999001	gene 7.3	10520.000000	475.000000	0.075789
1039.999001	gene 7.7	10416.000000	474.000000	0.132911
1039.999001	gene 8	9901.000000	473.000000	0.568710
1039.999001	gene 9	23348.000000	1092.000000	0.250916
1039.999001	gp-2	2605.000000	150.000000	0.066667
1039.999001	lysozyme-3.5	3534.000000	175.000000	0.108571
1039.999001	nonpref_charged	277.000000	0.000000	0.000000
1039.999001	nonpref_uncharged	14723.000000	0.000000	0.000000
1039.999001	pref_charged	20816.000000	0.000000	0.000000
1039.999001	pref_uncharged	14184.000000	0.000000	0.000000
1039.999001	protein_kinase-0.7	946.000000	13.000000	0.615385
1039.999001	rnapol-1	0.000000	13.000000	16.615385
1039.999001	rnapol-3.5	461.000000	0.000000	0.000000
1044.999001	E. coli B promoter	1.000000	0.000000	0.000000
1044.999001	E. coli C promoter	1.000000	0.000000	0.000000
1044.999001	E. coli promoter A1	1.000000	0.000000	0.000000
1044.999001	E. coli promoter A2	1.000000	0.000000	0.000000
1044.999001	E. coli promoter A3	1.000000	0.000000	0.000000
1044.999001	T7 promoter phi1.1A	1.000000	0.000000	0.000000
1044.999001	T7 promoter phi1.1B	1.000000	0.000000	0.000000
1044.999001	T7 promoter phi1.3	0.000000	0.000000	0.000000
1044.999001	T7 promoter phi1.5	1.000000	0.000000	0.000000
1044.999001	T7 promoter phi1.6	1.000000	0.000000	0.000000
1044.999001	T7 promoter phi10	0.000000	0.000000	0.000000
1044.999001	T7 promoter phi13	1.000000	0.000000	0.000000
1044.999001	T7 promoter phi17	1.000000	0.000000	0.000000
1044.999001	T7 promoter phi2.5	1.000000	0.000000	0.000000
1044.999001	T7 promoter phi3.8	0.000000	0.000000	0.000000
1044.999001	T7 promoter phi4.3	1.000000	0.000000	0.000000
1044.999001	T7 promoter phi4.7	1.000000	0.000000	0.000000
1044.999001	T7 promoter phi4c	1.000000	0.000000	0.000000
1044.999001	T7 promoter phi6.5	1.000000	0.000000	0.000000
1044.999001	T7 promoter phi9	1.000000	0.000000	0.000000
1044.999001	__gene 0.3_rbs	12.000000	0.000000	0.000000
1044.999001	__gene 1.1_rbs	67.000000	0.000000	0.000000
1044.999001	__gene 1.2_rbs	35.000000	0.000000	0.000000
1044.999001	__gene 1.3_rbs	87.000000	0.000000	0.000000
1044.999001	__gene 1.4_rbs	85.000000	0.000000	0.000000
1044.999001	__gene 1.7_rbs	149.000000	0.000000	0.000000
1044.999001	__gene 1.8_rbs	147.000000	0.000000	0.000000
1044.999001	__gene 10A_rbs	2112.000000	0.000000	0.000000
1044.999001	__gene 11_rbs	322.000000	0.000000	0.000000
1044.999001	__gene 12_rbs	318.000000	0.000000	0.000000
1044.999001	__gene 13_rbs	688.000000	0.000000	0.000000
1044.999001	__gene 14_rbs	676.000000	0.000000	0.000000
1044.999001	__gene 15_rbs	664.000000	0.000000	0.000000
1044.999001	__gene 16_rbs	659.000000	0.000000	0.000000
1044.999001	__gene 17.5_rbs	903.000000	0.000000	0.000000
1044.999001	__gene 17_rbs	915.000000	0.000000	0.000000
1044.999001	__gene 18.5_rbs	883.000000	0.000000	0.000000
1044.999001	__gene 18.7_rbs	870.000000	0.000000	0.000000
1044.999001	__gene 18_rbs	884.000000	0.000000	0.000000
1044.999001	__gene 19.2_rbs	855.000000	0.000000	0.000000
1044.999001	__gene 19.3_rbs	861.000000	0.000000	0.000000
1044.999001	__gene 19.5_rbs	869.000000	0.000000	0.000000
1044.999001	__gene 19_rbs	885.000000	0.000000	0.000000
1044.999001	__gene 2.5_rbs	182.000000	0.000000	0.000000
1044.999001	__gene 2.8_rbs	178.000000	0.000000	0.000000
1044.999001	__gene 3.8_rbs	202.000000	0.000000	0.000000
1044.999001	__gene 3_rbs	171.000000	0.000000	0.000000
1044.999001	__gene 4.2_rbs	222.000000	0.000000	0.000000
1044.999001	__gene 4.3_rbs	220.000000	0.000000	0.000000
1044.999001	__gene 4.5_rbs	251.000000	0.000000	0.000000
1044.999001	__gene 4.7_rbs	251.000000	0.000000	0.000000
1044.999001	__gene 4A_rbs	197.000000	0.000000	0.000000
1044.999001	__gene 5.3_rbs	265.000000	0.000000	0.000000
1044.999001	__gene 5.5_rbs	260.000000	0.000000	0.000000
1044.999001	__gene 5.7_rbs	261.000000	0.000000	0.000000
1044.999001	__gene 5.9_rbs	251.000000	0.000000	0.000000
1044.999001	__gene 5_rbs	271.000000	0.000000	0.000000
1044.999001	__gene 6.3_rbs	257.000000	0.000000	0.000000
1044.999001	__gene 6.5_rbs	475.000000	0.000000	0.000000
1044.999001	__gene 6.7_rbs	464.000000	0.000000	0.000000
1044.999001	__gene 6_rbs	256.000000	0.000000	0.000000
1044.999001	__gene 7.3_rbs	464.000000	0.000000	0.000000
1044.999001	__gene 7.7_rbs	473.000000	0.000000	0.000000
1044.999001	__gene 7_rbs	466.000000	0.000000	0.000000
1044.999001	__gene 8_rbs	461.000000	0.000000	0.000000
1044.999001	__gene 9_rbs	1101.000000	0.000000	0.000000
1044.999001	__gp-2_rbs	145.000000	0.000000	0.000000
1044.999001	__lysozyme-3.5_rbs	178.000000	0.000000	0.000000
1044.999001	__protein_kinase-0.7_rbs	12.000000	0.000000	0.000000
1044.999001	__ribosome	5.000000	0.000000	0.000000
1044.999001	__rnapol-1_rbs	13.000000	0.000000	0.000000
1044.999001	bound_ecolipol	0.000000	0.000000	0.000000
1044.999001	bound_ecolipol_p	792.000000	0.000000	0.000000
1044.999001	bound_ribosome	3572.000000	0.000000	0.000000
1044.999001	degraded_transcript	39586.000000	0.000000	0.000000
1044.999001	ecoli_genome	1008.000000	0.000000	0.000000
1044.999001	ecoli_transcript	26693.000000	0.000000	0.000000
1044.999001	ecolipol	0.000000	0.000000	0.000000
1044.999001	ecolipol-2	0.000000	0.000000	0.000000
1044.999001	ecolipol-2-p	999.000000	0.000000	0.000000
1044.999001	ecolipol-p	8.000000	0.000000	0.000000
1044.999001	gene 0.3	963.000000	13.000000	0.307692
1044.999001	gene 1.1	2281.000000	76.000000	0.223684
1044.999001	gene 1.2	1501.000000	43.000000	3.325581
1044.999001	gene 1.3	2237.000000	100.000000	4.510000
1044.999001	gene 1.4	2186.000000	88.000000	0.079545
1044.999001	gene 1.7	3824.000000	152.000000	0.210526
1044.999001	gene 1.8	3725.000000	151.000000	0.099338
1044.999001	gene 10A	48437.000000	2132.000000	0.186210
1044.999001	gene 11	7621.000000	326.000000	0.226994
1044.999001	gene 12	7297.000000	324.000000	0.811728
1044.999001	gene 13	14575.000000	695.000000	0.130935
1044.999001	gene 14	13868.000000	693.000000	0.213564
1044.999001	gene 15	13556.000000	689.000000	0.756168
1044.999001	gene 16	12400.000000	673.000000	1.249629
1044.999001	gene 17	17104.000000	922.000000	0.546638
1044.999001	gene 17.5	16667.000000	908.000000	0.063877
1044.999001	gene 18	16627.000000	905.000000	0.087293
1044.999001	gene 18.5	16542.000000	899.000000	0.171301
1044.999001	gene 18.7	16121.000000	899.000000	0.115684
1044.999001	gene 19	15802.000000	897.000000	0.595318
1044.999001	gene 19.2	15890.000000	892.000000	0.088565
1044.999001	gene 19.3	15535.000000	889.000000	0.066367
1044.999001	gene 19.5	15309.000000	885.000000	0.066667
1044.999001	gene 2.5	4378.000000	182.000000	0.164835
1044.999001	gene 2.8	4289.000000	181.000000	0.165746
1044.999001	gene 3	4129.000000	181.000000	0.138122
1044.999001	gene 3.8	4933.000000	206.000000	0.199029
1044.999001	gene 4.2	5088.000000	223.000000	0.107623
1044.999001	gene 4.3	5263.000000	223.000000	0.076233
1044.999001	gene 4.5	5938.000000	253.000000	0.086957
1044.999001	gene 4.7	6095.000000	252.000000	0.095238
1044.999001	gene 4A	4537.000000	205.000000	0.473171
1044.999001	gene 5	6375.000000	272.000000	0.738971
1044.999001	gene 5.3	6078.000000	266.000000	0.097744
1044.999001	gene 5.5	6069.000000	266.000000	0.120301
1044.999001	gene 5.7	5996.000000	265.000000	0.075472
1044.999001	gene 5.9	6000.000000	264.000000	0.071970
1044.999001	gene 6	5883.000000	263.000000	0.285171
1044.999001	gene 6.3	6077.000000	259.000000	0.027027
1044.999001	gene 6.5	10900.000000	482.000000	0.109959
1044.999001	gene 6.7	10716.000000	482.000000	0.091286
1044.999001	gene 7	10649.000000	481.000000	0.149688
1044.999001	gene 7.3	10632.000000	479.000000	0.073069
1044.999001	gene 7.7	10515.000000	479.000000	0.167015
1044.999001	gene 8	10030.000000	477.000000	0.557652
1044.999001	gene 9	23617.000000	1106.000000	0.259494
1044.999001	gp-2	2624.000000	151.000000	0.066225
1044.999001	lysozyme-3.5	3567.000000	180.000000	0.161111
1044.999001	nonpref_charged	249.000000	0.000000	0.000000
1044.999001	nonpref_uncharged	14751.000000	0.000000	0.000000
1044.999001	pref_charged	20601.000000	0.000000	0.000000
1044.999001	pref_uncharged	14399.000000	0.000000	0.000000
1044.999001	protein_kinase-0.7	949.000000	13.000000	0.615385
1044.999001	rnapol-1	0.000000	13.000000	16.538462
1044.999001	rnapol-3.5	464.000000	0.000000	0.000000
1049.999000	E. coli B promoter	1.000000	0.000000	0.000000
1049.999000	E. coli C promoter	1.000000	0.000000	0.000000
1049.999000	E. coli promoter A1	1.000000	0.000000	0.000000
1049.999000	E. coli promoter A2	1.000000	0.000000	0.000000
1049.999000	E. coli promoter A3	1.000000	0.000000	0.000000
1049.999000	T7 promoter phi1.1A	1.000000	0.000000	0.000000
1049.999000	T7 promoter phi1.1B	1.000000	0.000000	0.000000
1049.999000	T7 promoter phi1.3	1.000000	0.000000	0.000000
1049.999000	T7 promoter phi1.5	1.000000	0.000000	0.000000
1049.999000	T7 promoter phi1.6	1.000000	0.000000	0.000000
1049.999000	T7 promoter phi10	0.000000	0.000000	0.000000
1049.999000	T7 promoter phi13	1.000000	0.000000	0.000000
1049.999000	T7 promoter phi17	1.000000	0.000000	0.000000
1049.999000	T7 promoter phi2.5	1.000000	0.000000	0.000000
1049.999000	T7 promoter phi3.8	1.000000	0.000000	0.000000
1049.999000	T7 promoter phi4.3	1.000000	0.000000	0.000000
1049.999000	T7 promoter phi4.7	1.000000	0.000000	0.000000
1049.999000	T7 promoter phi4c	1.000000	0.000000	0.000000
1049.999000	T7 promoter phi6.5	1.000000	0.000000	0.000000
1049.999000	T7 promoter phi9	0.000000	0.000000	0.000000
1049.999000	__gene 0.3_rbs	13.000000	0.000000	0.000000
1049.999000	__gene 1.1_rbs	68.000000	0.000000	0.000000
1049.999000	__gene 1.2_rbs	35.000000	0.000000	0.000000
1049.999000	__gene 1.3_rbs	94.000000	0.000000	0.000000
1049.999000	__gene 1.4_rbs	83.000000	0.000000	0.000000
1049.999000	__gene 1.7_rbs	149.000000	0.000000	0.000000
1049.999000	__gene 1.8_rbs	144.000000	0.000000	0.000000
1049.999000	__gene 10A_rbs	2142.000000	0.000000	0.000000
1049.999000	__gene 11_rbs	329.000000	0.000000	0.000000
1049.999000	__gene 12_rbs	325.000000	0.000000	0.000000
1049.999000	__gene 13_rbs	696.000000	0.000000	0.000000
1049.999000	__gene 14_rbs	685.000000	0.000000	0.000000
1049.999000	__gene 15_rbs	679.000000	0.000000	0.000000
1049.999000	__gene 16_rbs	674.000000	0.000000	0.000000
1049.999000	__gene 17.5_rbs	903.000000	0.000000	0.000000
1049.999000	__gene 17_rbs	926.000000	0.000000	0.000000
1049.999000	__gene 18.5_rbs	897.000000	0.000000	0.000000
1049.999000	__gene 18.7_rbs	873.000000	0.000000	0.000000
1049.999000	__gene 18_rbs	895.000000	0.000000	0.000000
1049.999000	__gene 19.2_rbs	865.000000	0.000000	0.000000
1049.999000	__gene 19.3_rbs	868.000000	0.000000	0.000000
1049.999000	__gene 19.5_rbs	878.000000	0.000000	0.000000
1049.999000	__gene 19_rbs	895.000000	0.000000	0.000000
1049.999000	__gene 2.5_rbs	182.000000	0.000000	0.000000
1049.999000	__gene 2.8_rbs	177.000000	0.000000	0.000000
1049.999000	__gene 3.8_rbs	206.000000	0.000000	0.000000
1049.999000	__gene 3_rbs	174.000000	0.000000	0.000000
1049.999000	__gene 4.2_rbs	216.000000	0.000000	0.000000
1049.999000	__gene 4.3_rbs	221.000000	0.000000	0.000000
1049.999000	__gene 4.5_rbs	253.000000	0.000000	0.000000
1049.999000	__gene 4.7_rbs	253.000000	0.000000	0.000000
1049.999000	__gene 4A_rbs	208.000000	0.000000	0.000000
1049.999000	__gene 5.3_rbs	266.000000	0.000000	0.000000
1049.999000	__gene 5.5_rbs	261.000000	0.000000	0.000000
1049.999000	__gene 5.7_rbs	259.000000	0.000000	0.000000
1049.999000	__gene 5.9_rbs	259.000000	0.000000	0.000000
1049.999000	__gene 5_rbs	272.000000	0.000000	0.000000
1049.999000	__gene 6.3_rbs	257.000000	0.000000	0.000000
1049.999000	__gene 6.5_rbs	481.000000	0.000000	0.000000
1049.999000	__gene 6.7_rbs	476.000000	0.000000	0.000000
1049.999000	__gene 6_rbs	261.000000	0.000000	0.000000
1049.999000	__gene 7.3_rbs	471.000000	0.000000	0.000000
1049.999000	__gene 7.7_rbs	472.000000	0.000000	0.000000
1049.999000	__gene 7_rbs	472.000000	0.000000	0.000000
1049.999000	__gene 8_rbs	464.000000	0.000000	0.000000
1049.999000	__gene 9_rbs	1112.000000	0.000000	0.000000
1049.999000	__gp-2_rbs	147.000000	0.000000	0.000000
1049.999000	__lysozyme-3.5_rbs	177.000000	0.000000	0.000000
1049.999000	__protein_kinase-0.7_rbs	12.000000	0.000000	0.000000
1049.999000	__ribosome	2.000000	0.000000	0.000000
1049.999000	__rnapol-1_rbs	13.000000	0.000000	0.000000
1049.999000	bound_ecolipol	0.000000	0.000000	0.000000
1049.999000	bound_ecolipol_p	784.000000	0.000000	0.000000
1049.999000	bound_ribosome	3545.000000	0.000000	0.000000
1049.999000	degraded_transcript	39828.000000	0.000000	0.000000
1049.999000	ecoli_genome	1016.000000	0.000000	0.000000
1049.999000	ecoli_transcript	26658.000000	0.000000	0.000000
1049.999000	ecolipol	0.000000	0.000000	0.000000
1049.999000	ecolipol-2	0.000000	0.000000	0.000000
1049.999000	ecolipol-2-p	1008.000000	0.000000	0.000000
1049.999000	ecolipol-p	7.000000	0.000000	0.000000
1049.999000	gene 0.3	967.000000	13.000000	0.307692
1049.999000	gene 1.1	2299.000000	77.000000	0.181818
1049.999000	gene 1.2	1506.000000	43.000000	3.418605
1049.999000	gene 1.3	2263.000000	104.000000	4.259615
1049.999000	gene 1.4	2208.000000	88.000000	0.068182
1049.999000	gene 1.7	3863.000000	152.000000	0.335526
1049.999000	gene 1.8	3766.000000	152.000000	0.065789
1049.999000	gene 10A	48936.000000	2155.000000	0.198144
1049.999000	gene 11	7718.000000	330.000000	0.145455
1049.999000	gene 12	7394.000000	328.000000	0.743902
1049.999000	gene 13	14719.000000	704.000000	0.137784
1049.999000	gene 14	14052.000000	700.000000	0.185714
1049.999000	gene 15	13735.000000	696.000000	0.719828
1049.999000	gene 16	12556.000000	682.000000	1.228739
1049.999000	gene 17	17321.000000	935.000000	0.566845
1049.999000	gene 17.5	16878.000000	919.000000	0.085963
1049.999000	gene 18	16847.000000	915.000000	0.093989
1049.999000	gene 18.5	16783.000000	912.000000	0.172149
1049.999000	gene 18.7	16338.000000	911.000000	0.106476
1049.999000	gene 19	16038.000000	908.000000	0.545154
1049.999000	gene 19.2	16081.000000	900.000000	0.106667
1049.999000	gene 19.3	15723.000000	897.000000	0.080268
1049.999000	gene 19.5	15520.000000	892.000000	0.075112
1049.999000	gene 2.5	4417.000000	184.000000	0.190217
1049.999000	gene 2.8	4335.000000	182.000000	0.153846
1049.999000	gene 3	4168.000000	182.000000	0.164835
1049.999000	gene 3.8	4995.000000	210.000000	0.142857
1049.999000	gene 4.2	5143.000000	224.000000	0.116071
1049.999000	gene 4.3	5316.000000	223.000000	0.062780
1049.999000	gene 4.5	6005.000000	254.000000	0.051181
1049.999000	gene 4.7	6151.000000	254.000000	0.106299
1049.999000	gene 4A	4577.000000	210.000000	0.504762
1049.999000	gene 5	6455.000000	275.000000	0.690909
1049.999000	gene 5.3	6136.000000	270.000000	0.137037
1049.999000	gene 5.5	6127.000000	268.000000	0.119403
1049.999000	gene 5.7	6057.000000	267.000000	0.067416
1049.999000	gene 5.9	6070.000000	266.000000	0.037594
1049.999000	gene 6	5951.000000	266.000000	0.233083
1049.999000	gene 6.3	6137.000000	264.000000	0.068182
1049.999000	gene 6.5	11034.000000	490.000000	0.108163
1049.999000	gene 6.7	10837.000000	488.000000	0.096311
1049.999000	gene 7	10771.000000	486.000000	0.127572
1049.999000	gene 7.3	10763.000000	483.000000	0.086957
1049.999000	gene 7.7	10651.000000	482.000000	0.188797
1049.999000	gene 8	10144.000000	481.000000	0.559252
1049.999000	gene 9	23898.000000	1117.000000	0.273948
1049.999000	gp-2	2661.000000	152.000000	0.065789
1049.999000	lysozyme-3.5	3620.000000	182.000000	0.186813
1049.999000	nonpref_charged	253.000000	0.000000	0.000000
1049.999000	nonpref_uncharged	14747.000000	0.000000	0.000000
1049.999000	pref_charged	20748.000000	0.000000	0.000000
1049.999000	pref_uncharged	14252.000000	0.000000	0.000000
1049.999000	protein_kinase-0.7	953.000000	13.000000	0.615385
1049.999000	rnapol-1	0.000000	13.000000	16.615385
1049.999000	rnapol-3.5	462.000000	0.000000	0.000000
1054.999002	E. coli B promoter	1.000000	0.000000	0.000000
1054.999002	E. coli C promoter	1.000000	0.000000	0.000000
1054.999002	E. coli promoter A1	1.000000	0.000000	0.000000
1054.999002	E. coli promoter A2	1.000000	0.000000	0.000000
1054.999002	E. coli promoter A3	1.000000	0.000000	0.000000
1054.999002	T7 promoter phi1.1A	1.000000	0.000000	0.000000
1054.999002	T7 promoter phi1.1B	1.000000	0.000000	0.000000
1054.999002	T7 promoter phi1.3	1.000000	0.000000	0.000000
1054.999002	T7 promoter phi1.5	1.000000	0.000000	0.000000
1054.999002	T7 promoter phi1.6	1.000000	0.000000	0.000000
1054.999002	T7 promoter phi10	0.000000	0.000000	0.000000
1054.999002	T7 promoter phi13	1.000000	0.000000	0.000000
1054.999002	T7 promoter phi17	0.000000	0.000000	0.000000
1054.999002	T7 promoter phi2.5	1.000000	0.000000	0.000000
1054.999002	T7 promoter phi3.8	1.000000	0.000000	0.000000
1054.999002	T7 promoter phi4.3	1.000000	0.000000	0.000000
1054.999002	T7 promoter phi4.7	1.000000	0.000000	0.000000
1054.999002	T7 promoter phi4c	1.000000	0.000000	0.000000
1054.999002	T7 promoter phi6.5	1.000000	0.000000	0.000000
1054.999002	T7 promoter phi9	1.000000	0.000000	0.000000
1054.999002	__gene 0.3_rbs	13.000000	0.000000	0.000000
1054.999002	__gene 1.1_rbs	68.000000	0.000000	0.000000
1054.999002	__gene 1.2_rbs	37.000000	0.000000	0.000000
1054.999002	__gene 1.3_rbs	95.000000	0.000000	0.000000
1054.999002	__gene 1.4_rbs	92.000000	0.000000	0.000000
1054.999002	__gene 1.7_rbs	151.000000	0.000000	0.000000
1054.999002	__gene 1.8_rbs	147.000000	0.000000	0.000000
1054.999002	__gene 10A_rbs	2157.000000	0.000000	0.000000
1054.999002	__gene 11_rbs	331.000000	0.000000	0.000000
1054.999002	__gene 12_rbs	330.000000	0.000000	0.000000
1054.999002	__gene 13_rbs	701.000000	0.000000	0.000000
1054.999002	__gene 14_rbs	683.000000	0.000000	0.000000
1054.999002	__gene 15_rbs	682.000000	0.000000	0.000000
1054.999002	__gene 16_rbs	679.000000	0.000000	0.000000
1054.999002	__gene 17.5_rbs	918.000000	0.000000	0.000000
1054.999002	__gene 17_rbs	937.000000	0.000000	0.000000
1054.999002	__gene 18.5_rbs	912.000000	0.000000	0.000000
1054.999002	__gene 18.7_rbs	890.000000	0.000000	0.000000
1054.999002	__gene 18_rbs	893.000000	0.000000	0.000000
1054.999002	__gene 19.2_rbs	873.000000	0.000000	0.000000
1054.999002	__gene 19.3_rbs	887.000000	0.000000	0.000000
1054.999002	__gene 19.5_rbs	888.000000	0.000000	0.000000
1054.999002	__gene 19_rbs	907.000000	0.000000	0.000000
1054.999002	__gene 2.5_rbs	182.000000	0.000000	0.000000
1054.999002	__gene 2.8_rbs	182.000000	0.000000	0.000000
1054.999002	__gene 3.8_rbs	204.000000	0.000000	0.000000
1054.999002	__gene 3_rbs	177.000000	0.000000	0.000000
1054.999002	__gene 4.2_rbs	223.000000	0.000000	0.000000
1054.999002	__gene 4.3_rbs	228.000000	0.000000	0.000000
1054.999002	__gene 4.5_rbs	255.000000	0.000000	0.000000
1054.999002	__gene 4.7_rbs	253.000000	0.000000	0.000000
1054.999002	__gene 4A_rbs	203.000000	0.000000	0.000000
1054.999002	__gene 5.3_rbs	264.000000	0.000000	0.000000
1054.999002	__gene 5.5_rbs	270.000000	0.000000	0.000000
1054.999002	__gene 5.7_rbs	264.000000	0.000000	0.000000
1054.999002	__gene 5.9_rbs	264.000000	0.000000	0.000000
1054.999002	__gene 5_rbs	272.000000	0.000000	0.000000
1054.999002	__gene 6.3_rbs	262.000000	0.000000	0.000000
1054.999002	__gene 6.5_rbs	485.000000	0.000000	0.000000
1054.999002	__gene 6.7_rbs	478.000000	0.000000	0.000000
1054.999002	__gene 6_rbs	260.000000	0.000000	0.000000
1054.999002	__gene 7.3_rbs	481.000000	0.000000	0.000000
1054.999002	__gene 7.7_rbs	480.000000	0.000000	0.000000
1054.999002	__gene 7_rbs	484.000000	0.000000	0.000000
1054.999002	__gene 8_rbs	474.000000	0.000000	0.000000
1054.999002	__gene 9_rbs	1116.000000	0.000000	0.000000
1054.999002	__gp-2_rbs	149.000000	0.000000	0.000000
1054.999002	__lysozyme-3.5_rbs	174.000000	0.000000	0.000000
1054.999002	__protein_kinase-0.7_rbs	12.000000	0.000000	0.000000
1054.999002	__ribosome	6.000000	0.000000	0.000000
1054.999002	__rnapol-1_rbs	13.000000	0.000000	0.000000
1054.999002	bound_ecolipol	0.000000	0.000000	0.000000
1054.999002	bound_ecolipol_p	800.000000	0.000000	0.000000
1054.999002	bound_ribosome	3462.000000	0.000000	0.000000
1054.999002	degraded_transcript	40092.000000	0.000000	0.000000
1054.999002	ecoli_genome	1000.000000	0.000000	0.000000
1054.999002	ecoli_transcript	26605.000000	0.000000	0.000000
1054.999002	ecolipol	0.000000	0.000000	0.000000
1054.999002	ecolipol-2	0.000000	0.000000	0.000000
1054.999002	ecolipol-2-p	991.000000	0.000000	0.000000
1054.999002	ecolipol-p	8.000000	0.000000	0.000000
1054.999002	gene 0.3	971.000000	13.000000	0.461538
1054.999002	gene 1.1	2319.000000	77.000000	0.168831
1054.999002	gene 1.2	1514.000000	44.000000	3.295455
1054.999002	gene 1.3	2290.000000	104.000000	4.288462
1054.999002	gene 1.4	2233.000000	92.000000	0.065217
1054.999002	gene 1.7	3915.000000	155.000000	0.167742
1054.999002	gene 1.8	3804.000000	153.000000	0.058824
1054.999002	gene 10A	49476.000000	2176.000000	0.207261
1054.999002	gene 11	7792.000000	333.000000	0.162162
1054.999002	gene 12	7468.000000	333.000000	0.750751
1054.999002	gene 13	14878.000000	709.000000	0.184767
1054.999002	gene 14	14214.000000	708.000000	0.197740
1054.999002	gene 15	13896.000000	704.000000	0.735795
1054.999002	gene 16	12716.000000	690.000000	1.224638
1054.999002	gene 17	17559.000000	945.000000	0.576720
1054.999002	gene 17.5	17119.000000	930.000000	0.086022
1054.999002	gene 18	17077.000000	927.000000	0.110032
1054.999002	gene 18.5	17001.000000	922.000000	0.159436
1054.999002	gene 18.7	16573.000000	921.000000	0.106406
1054.999002	gene 19	16269.000000	920.000000	0.555435
1054.999002	gene 19.2	16290.000000	912.000000	0.088816
1054.999002	gene 19.3	15951.000000	907.000000	0.072767
1054.999002	gene 19.5	15762.000000	899.000000	0.064516
1054.999002	gene 2.5	4464.000000	184.000000	0.206522
1054.999002	gene 2.8	4384.000000	184.000000	0.146739
1054.999002	gene 3	4212.000000	184.000000	0.228261
1054.999002	gene 3.8	5043.000000	211.000000	0.170616
1054.999002	gene 4.2	5186.000000	229.000000	0.109170
1054.999002	gene 4.3	5365.000000	228.000000	0.052632
1054.999002	gene 4.5	6053.000000	257.000000	0.081712
1054.999002	gene 4.7	6210.000000	256.000000	0.113281
1054.999002	gene 4A	4619.000000	211.000000	0.616114
1054.999002	gene 5	6523.000000	275.000000	0.676364
1054.999002	gene 5.3	6213.000000	272.000000	0.154412
1054.999002	gene 5.5	6185.000000	272.000000	0.069853
1054.999002	gene 5.7	6130.000000	271.000000	0.059041
1054.999002	gene 5.9	6129.000000	271.000000	0.073801
1054.999002	gene 6	6006.000000	271.000000	0.273063
1054.999002	gene 6.3	6218.000000	266.000000	0.045113
1054.999002	gene 6.5	11166.000000	495.000000	0.103030
1054.999002	gene 6.7	10950.000000	494.000000	0.080972
1054.999002	gene 7	10882.000000	492.000000	0.130081
1054.999002	gene 7.3	10873.000000	491.000000	0.085540
1054.999002	gene 7.7	10795.000000	489.000000	0.132924
1054.999002	gene 8	10271.000000	486.000000	0.557613
1054.999002	gene 9	24198.000000	1129.000000	0.255979
1054.999002	gp-2	2719.000000	152.000000	0.059211
1054.999002	lysozyme-3.5	3676.000000	183.000000	0.103825
1054.999002	nonpref_charged	253.000000	0.000000	0.000000
1054.999002	nonpref_uncharged	14747.000000	0.000000	0.000000
1054.999002	pref_charged	20589.000000	0.000000	0.000000
1054.999002	pref_uncharged	14411.000000	0.000000	0.000000
1054.999002	protein_kinase-0.7	954.000000	13.000000	0.538462
1054.999002	rnapol-1	1.000000	13.000000	16.769231
1054.999002	rnapol-3.5	459.000000	0.000000	0.000000
1059.999000	E. coli B promoter	1.000000	0.000000	0.000000
1059.999000	E. coli C promoter	1.000000	0.000000	0.000000
1059.999000	E. coli promoter A1	1.000000	0.000000	0.000000
1059.999000	E. coli promoter A2	1.000000	0.000000	0.000000
1059.999000	E. coli promoter A3	1.000000	0.000000	0.000000
1059.999000	T7 promoter phi1.1A	1.000000	0.000000	0.000000
1059.999000	T7 promoter phi1.1B	1.000000	0.000000	0.000000
1059.999000	T7 promoter phi1.3	1.000000	0.000000	0.000000
1059.999000	T7 promoter phi1.5	1.000000	0.000000	0.000000
1059.999000	T7 promoter phi1.6	1.000000	0.000000	0.000000
1059.999000	T7 promoter phi10	0.000000	0.000000	0.000000
1059.999000	T7 promoter phi13	0.000000	0.000000	0.000000
1059.999000	T7 promoter phi17	1.000000	0.000000	0.000000
1059.999000	T7 promoter phi2.5	1.000000	0.000000	0.000000
1059.999000	T7 promoter phi3.8	1.000000	0.000000	0.000000
1059.999000	T7 promoter phi4.3	1.000000	0.000000	0.000000
1059.999000	T7 promoter phi4.7	1.000000	0.000000	0.000000
1059.999000	T7 promoter phi4c	1.000000	0.000000	0.000000
1059.999000	T7 promoter phi6.5	1.000000	0.000000	0.000000
1059.999000	T7 promoter phi9	0.000000	0.000000	0.000000
1059.999000	__gene 0.3_rbs	13.000000	0.000000	0.000000
1059.999000	__gene 1.1_rbs	71.000000	0.000000	0.000000
1059.999000	__gene 1.2_rbs	37.000000	0.000000	0.000000
1059.999000	__gene 1.3_rbs	94.000000	0.000000	0.000000
1059.999000	__gene 1.4_rbs	92.000000	0.000000	0.000000
1059.999000	__gene 1.7_rbs	153.000000	0.000000	0.000000
1059.999000	__gene 1.8_rbs	150.000000	0.000000	0.000000
1059.999000	__gene 10A_rbs	2175.000000	0.000000	0.000000
1059.999000	__gene 11_rbs	331.000000	0.000000	0.000000
1059.999000	__gene 12_rbs	329.000000	0.000000	0.000000
1059.999000	__gene 13_rbs	711.000000	0.000000	0.000000
1059.999000	__gene 14_rbs	689.000000	0.000000	0.000000
1059.999000	__gene 15_rbs	686.000000	0.000000	0.000000
1059.999000	__gene 16_rbs	685.000000	0.000000	0.000000
1059.999000	__gene 17.5_rbs	924.000000	0.000000	0.000000
1059.999000	__gene 17_rbs	952.000000	0.000000	0.000000
1059.999000	__gene 18.5_rbs	924.000000	0.000000	0.000000
1059.999000	__gene 18.7_rbs	896.000000	0.000000	0.000000
1059.999000	__gene 18_rbs	912.000000	0.000000	0.000000
1059.999000	__gene 19.2_rbs	895.000000	0.000000	0.000000
1059.999000	__gene 19.3_rbs	882.000000	0.000000	0.000000
1059.999000	__gene 19.5_rbs	899.000000	0.000000	0.000000
1059.999000	__gene 19_rbs	914.000000	0.000000	0.000000
1059.999000	__gene 2.5_rbs	185.000000	0.000000	0.000000
1059.999000	__gene 2.8_rbs	180.000000	0.000000	0.000000
1059.999000	__gene 3.8_rbs	210.000000	0.000000	0.000000
1059.999000	__gene 3_rbs	178.000000	0.000000	0.000000
1059.999000	__gene 4.2_rbs	225.000000	0.000000	0.000000
1059.999000	__gene 4.3_rbs	222.000000	0.000000	0.000000
1059.999000	__gene 4.5_rbs	258.000000	0.000000	0.000000
1059.999000	__gene 4.7_rbs	254.000000	0.000000	0.000000
1059.999000	__gene 4A_rbs	206.000000	0.000000	0.000000
1059.999000	__gene 5.3_rbs	273.000000	0.000000	0.000000
1059.999000	__gene 5.5_rbs	266.000000	0.000000	0.000000
1059.999000	__gene 5.7_rbs	265.000000	0.000000	0.000000
1059.999000	__gene 5.9_rbs	262.000000	0.000000	0.000000
1059.999000	__gene 5_rbs	279.000000	0.000000	0.000000
1059.999000	__gene 6.3_rbs	266.000000	0.000000	0.000000
1059.999000	__gene 6.5_rbs	489.000000	0.000000	0.000000
1059.999000	__gene 6.7_rbs	488.000000	0.000000	0.000000
1059.999000	__gene 6_rbs	267.000000	0.000000	0.000000
1059.999000	__gene 7.3_rbs	486.000000	0.000000	0.000000
1059.999000	__gene 7.7_rbs	488.000000	0.000000	0.000000
1059.999000	__gene 7_rbs	484.000000	0.000000	0.000000
1059.999000	__gene 8_rbs	475.000000	0.000000	0.000000
1059.999000	__gene 9_rbs	1128.000000	0.000000	0.000000
1059.999000	__gp-2_rbs	154.000000	0.000000	0.000000
1059.999000	__lysozyme-3.5_rbs	181.000000	0.000000	0.000000
1059.999000	__protein_kinase-0.7_rbs	13.000000	0.000000	0.000000
1059.999000	__ribosome	2.000000	0.000000	0.000000
1059.999000	__rnapol-1_rbs	13.000000	0.000000	0.000000
1059.999000	bound_ecolipol	0.000000	0.000000	0.000000
1059.999000	bound_ecolipol_p	793.000000	0.000000	0.000000
1059.999000	bound_ribosome	3428.000000	0.000000	0.000000
1059.999000	degraded_transcript	40375.000000	0.000000	0.000000
1059.999000	ecoli_genome	1007.000000	0.000000	0.000000
1059.999000	ecoli_transcript	26497.000000	0.000000	0.000000
1059.999000	ecolipol	0.000000	0.000000	0.000000
1059.999000	ecolipol-2	0.000000	0.000000	0.000000
1059.999000	ecolipol-2-p	1002.000000	0.000000	0.000000
1059.999000	ecolipol-p	4.000000	0.000000	0.000000
1059.999000	gene 0.3	977.000000	13.000000	0.153846
1059.999000	gene 1.1	2334.000000	80.000000	0.200000
1059.999000	gene 1.2	1520.000000	45.000000	3.355556
1059.999000	gene 1.3	2307.000000	104.000000	4.326923
1059.999000	gene 1.4	2257.000000	92.000000	0.054348
1059.999000	gene 1.7	3946.000000	156.000000	0.237179
1059.999000	gene 1.8	3836.000000	156.000000	0.019231
1059.999000	gene 10A	50014.000000	2197.000000	0.184797
1059.999000	gene 11	7872.000000	335.000000	0.125373
1059.999000	gene 12	7540.000000	333.000000	0.801802
1059.999000	gene 13	15063.000000	715.000000	0.148252
1059.999000	gene 14	14383.000000	712.000000	0.179775
1059.999000	gene 15	14045.000000	709.000000	0.761636
1059.999000	gene 16	12889.000000	697.000000	1.220947
1059.999000	gene 17	17805.000000	956.000000	0.547071
1059.999000	gene 17.5	17348.000000	940.000000	0.084043
1059.999000	gene 18	17305.000000	938.000000	0.089552
1059.999000	gene 18.5	17210.000000	935.000000	0.188235
1059.999000	gene 18.7	16794.000000	935.000000	0.118717
1059.999000	gene 19	16452.000000	931.000000	0.587540
1059.999000	gene 19.2	16497.000000	922.000000	0.084599
1059.999000	gene 19.3	16163.000000	919.000000	0.066376
1059.999000	gene 19.5	15991.000000	911.000000	0.060373
1059.999000	gene 2.5	4508.000000	188.000000	0.138298
1059.999000	gene 2.8	4422.000000	185.000000	0.129730
1059.999000	gene 3	4264.000000	184.000000	0.222826
1059.999000	gene 3.8	5096.000000	213.000000	0.145540
1059.999000	gene 4.2	5235.000000	231.000000	0.086580
1059.999000	gene 4.3	5420.000000	230.000000	0.082609
1059.999000	gene 4.5	6110.000000	261.000000	0.080460
1059.999000	gene 4.7	6262.000000	261.000000	0.191571
1059.999000	gene 4A	4671.000000	213.000000	0.577465
1059.999000	gene 5	6589.000000	282.000000	0.663121
1059.999000	gene 5.3	6280.000000	275.000000	0.112727
1059.999000	gene 5.5	6238.000000	274.000000	0.149635
1059.999000	gene 5.7	6193.000000	273.000000	0.062271
1059.999000	gene 5.9	6201.000000	273.000000	0.054945
1059.999000	gene 6	6073.000000	272.000000	0.297794
1059.999000	gene 6.3	6270.000000	271.000000	0.040590
1059.999000	gene 6.5	11285.000000	503.000000	0.111332
1059.999000	gene 6.7	11054.000000	500.000000	0.086000
1059.999000	gene 7	11000.000000	497.000000	0.124748
1059.999000	gene 7.3	10973.000000	495.000000	0.105051
1059.999000	gene 7.7	10920.000000	494.000000	0.119433
1059.999000	gene 8	10386.000000	492.000000	0.565041
1059.999000	gene 9	24465.000000	1137.000000	0.276165
1059.999000	gp-2	2751.000000	156.000000	0.025641
1059.999000	lysozyme-3.5	3708.000000	184.000000	0.114130
1059.999000	nonpref_charged	258.000000	0.000000	0.000000
1059.999000	nonpref_uncharged	14742.000000	0.000000	0.000000
1059.999000	pref_charged	20773.000000	0.000000	0.000000
1059.999000	pref_uncharged	14227.000000	0.000000	0.000000
1059.999000	protein_kinase-0.7	959.000000	13.000000	0.307692
1059.999000	rnapol-1	0.000000	13.000000	17.000000
1059.999000	rnapol-3.5	465.000000	0.000000	0.000000
1064.999000	E. coli B promoter	1.000000	0.000000	0.000000
1064.999000	E. coli C promoter	1.000000	0.000000	0.000000
1064.999000	E. coli promoter A1	1.000000	0.000000	0.000000
1064.999000	E. coli promoter A2	1.000000	0.000000	0.000000
1064.999000	E. coli promoter A3	1.000000	0.000000	0.000000
1064.999000	T7 promoter phi1.1A	1.000000	0.000000	0.000000
1064.999000	T7 promoter phi1.1B	1.000000	0.000000	0.000000
1064.999000	T7 promoter phi1.3	0.000000	0.000000	0.000000
1064.999000	T7 promoter phi1.5	1.000000	0.000000	0.000000
1064.999000	T7 promoter phi1.6	1.000000	0.000000	0.000000
1064.999000	T7 promoter phi10	1.000000	0.000000	0.000000
1064.999000	T7 promoter phi13	1.000000	0.000000	0.000000
1064.999000	T7 promoter phi17	0.000000	0.000000	0.000000
1064.999000	T7 promoter phi2.5	1.000000	0.000000	0.000000
1064.999000	T7 promoter phi3.8	1.000000	0.000000	0.000000
1064.999000	T7 promoter phi4.3	1.000000	0.000000	0.000000
1064.999000	T7 promoter phi4.7	1.000000	0.000000	0.000000
1064.999000	T7 promoter phi4c	1.000000	0.000000	0.000000
1064.999000	T7 promoter phi6.5	1.000000	0.000000	0.000000
1064.999000	T7 promoter phi9	1.000000	0.000000	0.000000
1064.999000	__gene 0.3_rbs	13.000000	0.000000	0.000000
1064.999000	__gene 1.1_rbs	72.000000	0.000000	0.000000
1064.999000	__gene 1.2_rbs	37.000000	0.000000	0.000000
1064.999000	__gene 1.3_rbs	92.000000	0.000000	0.000000
1064.999000	__gene 1.4_rbs	90.000000	0.000000	0.000000
1064.999000	__gene 1.7_rbs	154.000000	0.000000	0.000000
1064.999000	__gene 1.8_rbs	152.000000	0.000000	0.000000
1064.999000	__gene 10A_rbs	2191.000000	0.000000	0.000000
1064.999000	__gene 11_rbs	332.000000	0.000000	0.000000
1064.999000	__gene 12_rbs	330.000000	0.000000	0.000000
1064.999000	__gene 13_rbs	717.000000	0.000000	0.000000
1064.999000	__gene 14_rbs	706.000000	0.000000	0.000000
1064.999000	__gene 15_rbs	696.000000	0.000000	0.000000
1064.999000	__gene 16_rbs	691.000000	0.000000	0.000000
1064.999000	__gene 17.5_rbs	933.000000	0.000000	0.000000
1064.999000	__gene 17_rbs	962.000000	0.000000	0.000000
1064.999000	__gene 18.5_rbs	933.000000	0.000000	0.000000
1064.999000	__gene 18.7_rbs	910.000000	0.000000	0.000000
1064.999000	__gene 18_rbs	925.000000	0.000000	0.000000
1064.999000	__gene 19.2_rbs	909.000000	0.000000	0.000000
1064.999000	__gene 19.3_rbs	888.000000	0.000000	0.000000
1064.999000	__gene 19.5_rbs	914.000000	0.000000	0.000000
1064.999000	__gene 19_rbs	925.000000	0.000000	0.000000
1064.999000	__gene 2.5_rbs	186.000000	0.000000	0.000000
1064.999000	__gene 2.8_rbs	186.000000	0.000000	0.000000
1064.999000	__gene 3.8_rbs	212.000000	0.000000	0.000000
1064.999000	__gene 3_rbs	185.000000	0.000000	0.000000
1064.999000	__gene 4.2_rbs	221.000000	0.000000	0.000000
1064.999000	__gene 4.3_rbs	224.000000	0.000000	0.000000
1064.999000	__gene 4.5_rbs	261.000000	0.000000	0.000000
1064.999000	__gene 4.7_rbs	260.000000	0.000000	0.000000
1064.999000	__gene 4A_rbs	203.000000	0.000000	0.000000
1064.999000	__gene 5.3_rbs	274.000000	0.000000	0.000000
1064.999000	__gene 5.5_rbs	269.000000	0.000000	0.000000
1064.999000	__gene 5.7_rbs	269.000000	0.000000	0.000000
1064.999000	__gene 5.9_rbs	270.000000	0.000000	0.000000
1064.999000	__gene 5_rbs	279.000000	0.000000	0.000000
1064.999000	__gene 6.3_rbs	270.000000	0.000000	0.000000
1064.999000	__gene 6.5_rbs	497.000000	0.000000	0.000000
1064.999000	__gene 6.7_rbs	489.000000	0.000000	0.000000
1064.999000	__gene 6_rbs	268.000000	0.000000	0.000000
1064.999000	__gene 7.3_rbs	491.000000	0.000000	0.000000
1064.999000	__gene 7.7_rbs	493.000000	0.000000	0.000000
1064.999000	__gene 7_rbs	484.000000	0.000000	0.000000
1064.999000	__gene 8_rbs	485.000000	0.000000	0.000000
1064.999000	__gene 9_rbs	1142.000000	0.000000	0.000000
1064.999000	__gp-2_rbs	153.000000	0.000000	0.000000
1064.999000	__lysozyme-3.5_rbs	185.000000	0.000000	0.000000
1064.999000	__protein_kinase-0.7_rbs	13.000000	0.000000	0.000000
1064.999000	__ribosome	3.000000	0.000000	0.000000
1064.999000	__rnapol-1_rbs	13.000000	0.000000	0.000000
1064.999000	bound_ecolipol	0.000000	0.000000	0.000000
1064.999000	bound_ecolipol_p	798.000000	0.000000	0.000000
1064.999000	bound_ribosome	3438.000000	0.000000	0.000000
1064.999000	degraded_transcript	40633.000000	0.000000	0.000000
1064.999000	ecoli_genome	1002.000000	0.000000	0.000000
1064.999000	ecoli_transcript	26407.000000	0.000000	0.000000
1064.999000	ecolipol	0.000000	0.000000	0.000000
1064.999000	ecolipol-2	0.000000	0.000000	0.000000
1064.999000	ecolipol-2-p	998.000000	0.000000	0.000000
1064.999000	ecolipol-p	3.000000	0.000000	0.000000
1064.999000	gene 0.3	979.000000	13.000000	0.153846
1064.999000	gene 1.1	2355.000000	80.000000	0.187500
1064.999000	gene 1.2	1530.000000	45.000000	3.377778
1064.999000	gene 1.3	2336.000000	104.000000	4.307692
1064.999000	gene 1.4	2275.000000	92.000000	0.097826
1064.999000	gene 1.7	3990.000000	156.000000	0.217949
1064.999000	gene 1.8	3862.000000	156.000000	0.044872
1064.999000	gene 10A	50511.000000	2216.000000	0.182310
1064.999000	gene 11	7930.000000	336.000000	0.187500
1064.999000	gene 12	7622.000000	336.000000	0.752976
1064.999000	gene 13	15239.000000	728.000000	0.131868
1064.999000	gene 14	14550.000000	724.000000	0.187845
1064.999000	gene 15	14201.000000	717.000000	0.794979
1064.999000	gene 16	13030.000000	705.000000	1.232624
1064.999000	gene 17	18047.000000	967.000000	0.533609
1064.999000	gene 17.5	17585.000000	950.000000	0.082105
1064.999000	gene 18	17530.000000	947.000000	0.070750
1064.999000	gene 18.5	17451.000000	944.000000	0.179025
1064.999000	gene 18.7	17012.000000	944.000000	0.096398
1064.999000	gene 19	16684.000000	940.000000	0.569149
1064.999000	gene 19.2	16702.000000	935.000000	0.102674
1064.999000	gene 19.3	16351.000000	931.000000	0.088077
1064.999000	gene 19.5	16226.000000	921.000000	0.061889
1064.999000	gene 2.5	4543.000000	188.000000	0.138298
1064.999000	gene 2.8	4465.000000	188.000000	0.101064
1064.999000	gene 3	4312.000000	188.000000	0.154255
1064.999000	gene 3.8	5145.000000	215.000000	0.139535
1064.999000	gene 4.2	5272.000000	232.000000	0.133621
1064.999000	gene 4.3	5477.000000	231.000000	0.047619
1064.999000	gene 4.5	6175.000000	262.000000	0.072519
1064.999000	gene 4.7	6347.000000	262.000000	0.099237
1064.999000	gene 4A	4729.000000	214.000000	0.523364
1064.999000	gene 5	6653.000000	283.000000	0.625442
1064.999000	gene 5.3	6342.000000	276.000000	0.181159
1064.999000	gene 5.5	6314.000000	275.000000	0.130909
1064.999000	gene 5.7	6269.000000	275.000000	0.054545
1064.999000	gene 5.9	6261.000000	275.000000	0.029091
1064.999000	gene 6	6143.000000	275.000000	0.269091
1064.999000	gene 6.3	6328.000000	273.000000	0.058608
1064.999000	gene 6.5	11409.000000	509.000000	0.113949
1064.999000	gene 6.7	11152.000000	506.000000	0.108696
1064.999000	gene 7	11097.000000	505.000000	0.158416
1064.999000	gene 7.3	11095.000000	503.000000	0.095427
1064.999000	gene 7.7	11022.000000	502.000000	0.141434
1064.999000	gene 8	10513.000000	497.000000	0.519115
1064.999000	gene 9	24759.000000	1150.000000	0.263478
1064.999000	gp-2	2784.000000	156.000000	0.089744
1064.999000	lysozyme-3.5	3739.000000	187.000000	0.122995
1064.999000	nonpref_charged	267.000000	0.000000	0.000000
1064.999000	nonpref_uncharged	14733.000000	0.000000	0.000000
1064.999000	pref_charged	20783.000000	0.000000	0.000000
1064.999000	pref_uncharged	14217.000000	0.000000	0.000000
1064.999000	protein_kinase-0.7	961.000000	13.000000	0.230769
1064.999000	rnapol-1	0.000000	13.000000	16.769231
1064.999000	rnapol-3.5	463.000000	0.000000	0.000000
1069.999001	E. coli B promoter	1.000000	0.000000	0.000000
1069.999001	E. coli C promoter	1.000000	0.000000	0.000000
1069.999001	E. coli promoter A1	1.000000	0.000000	0.000000
1069.999001	E. coli promoter A2	1.000000	0.000000	0.000000
1069.999001	E. coli promoter A3	1.000000	0.000000	0.000000
1069.999001	T7 promoter phi1.1A	1.000000	0.000000	0.000000
1069.999001	T7 promoter phi1.1B	1.000000	0.000000	0.000000
1069.999001	T7 promoter phi1.3	1.000000	0.000000	0.000000
1069.999001	T7 promoter phi1.5	1.000000	0.000000	0.000000
1069.999001	T7 promoter phi1.6	1.000000	0.000000	0.000000
1069.999001	T7 promoter phi10	0.000000	0.000000	0.000000
1069.999001	T7 promoter phi13	1.000000	0.000000	0.000000
1069.999001	T7 promoter phi17	0.000000	0.000000	0.000000
1069.999001	T7 promoter phi2.5	1.000000	0.000000	0.000000
1069.999001	T7 promoter phi3.8	1.000000	0.000000	0.000000
1069.999001	T7 promoter phi4.3	1.000000	0.000000	0.000000
1069.999001	T7 promoter phi4.7	1.000000	0.000000	0.000000
1069.999001	T7 promoter phi4c	0.000000	0.000000	0.000000
1069.999001	T7 promoter phi6.5	1.000000	0.000000	0.000000
1069.999001	T7 promoter phi9	1.000000	0.000000	0.000000
1069.999001	__gene 0.3_rbs	13.000000	0.000000	0.000000
1069.999001	__gene 1.1_rbs	69.000000	0.000000	0.000000
1069.999001	__gene 1.2_rbs	37.000000	0.000000	0.000000
1069.999001	__gene 1.3_rbs	97.000000	0.000000	0.000000
1069.999001	__gene 1.4_rbs	90.000000	0.000000	0.000000
1069.999001	__gene 1.7_rbs	154.000000	0.000000	0.000000
1069.999001	__gene 1.8_rbs	151.000000	0.000000	0.000000
1069.999001	__gene 10A_rbs	2206.000000	0.000000	0.000000
1069.999001	__gene 11_rbs	338.000000	0.000000	0.000000
1069.999001	__gene 12_rbs	335.000000	0.000000	0.000000
1069.999001	__gene 13_rbs	716.000000	0.000000	0.000000
1069.999001	__gene 14_rbs	704.000000	0.000000	0.000000
1069.999001	__gene 15_rbs	714.000000	0.000000	0.000000
1069.999001	__gene 16_rbs	697.000000	0.000000	0.000000
1069.999001	__gene 17.5_rbs	946.000000	0.000000	0.000000
1069.999001	__gene 17_rbs	968.000000	0.000000	0.000000
1069.999001	__gene 18.5_rbs	940.000000	0.000000	0.000000
1069.999001	__gene 18.7_rbs	915.000000	0.000000	0.000000
1069.999001	__gene 18_rbs	934.000000	0.000000	0.000000
1069.999001	__gene 19.2_rbs	911.000000	0.000000	0.000000
1069.999001	__gene 19.3_rbs	907.000000	0.000000	0.000000
1069.999001	__gene 19.5_rbs	922.000000	0.000000	0.000000
1069.999001	__gene 19_rbs	936.000000	0.000000	0.000000
1069.999001	__gene 2.5_rbs	188.000000	0.000000	0.000000
1069.999001	__gene 2.8_rbs	181.000000	0.000000	0.000000
1069.999001	__gene 3.8_rbs	215.000000	0.000000	0.000000
1069.999001	__gene 3_rbs	180.000000	0.000000	0.000000
1069.999001	__gene 4.2_rbs	223.000000	0.000000	0.000000
1069.999001	__gene 4.3_rbs	231.000000	0.000000	0.000000
1069.999001	__gene 4.5_rbs	263.000000	0.000000	0.000000
1069.999001	__gene 4.7_rbs	264.000000	0.000000	0.000000
1069.999001	__gene 4A_rbs	211.000000	0.000000	0.000000
1069.999001	__gene 5.3_rbs	280.000000	0.000000	0.000000
1069.999001	__gene 5.5_rbs	275.000000	0.000000	0.000000
1069.999001	__gene 5.7_rbs	272.000000	0.000000	0.000000
1069.999001	__gene 5.9_rbs	272.000000	0.000000	0.000000
1069.999001	__gene 5_rbs	280.000000	0.000000	0.000000
1069.999001	__gene 6.3_rbs	271.000000	0.000000	0.000000
1069.999001	__gene 6.5_rbs	506.000000	0.000000	0.000000
1069.999001	__gene 6.7_rbs	505.000000	0.000000	0.000000
1069.999001	__gene 6_rbs	269.000000	0.000000	0.000000
1069.999001	__gene 7.3_rbs	496.000000	0.000000	0.000000
1069.999001	__gene 7.7_rbs	498.000000	0.000000	0.000000
1069.999001	__gene 7_rbs	499.000000	0.000000	0.000000
1069.999001	__gene 8_rbs	495.000000	0.000000	0.000000
1069.999001	__gene 9_rbs	1157.000000	0.000000	0.000000
1069.999001	__gp-2_rbs	152.000000	0.000000	0.000000
1069.999001	__lysozyme-3.5_rbs	185.000000	0.000000	0.000000
1069.999001	__protein_kinase-0.7_rbs	12.000000	0.000000	0.000000
1069.999001	__ribosome	4.000000	0.000000	0.000000
1069.999001	__rnapol-1_rbs	13.000000	0.000000	0.000000
1069.999001	bound_ecolipol	0.000000	0.000000	0.000000
1069.999001	bound_ecolipol_p	803.000000	0.000000	0.000000
1069.999001	bound_ribosome	3404.000000	0.000000	0.000000
1069.999001	degraded_transcript	40905.000000	0.000000	0.000000
1069.999001	ecoli_genome	997.000000	0.000000	0.000000
1069.999001	ecoli_transcript	26327.000000	0.000000	0.000000
1069.999001	ecolipol	0.000000	0.000000	0.000000
1069.999001	ecolipol-2	0.000000	0.000000	0.000000
1069.999001	ecolipol-2-p	988.000000	0.000000	0.000000
1069.999001	ecolipol-p	8.000000	0.000000	0.000000
1069.999001	gene 0.3	981.000000	13.000000	0.076923
1069.999001	gene 1.1	2374.000000	80.000000	0.200000
1069.999001	gene 1.2	1543.000000	45.000000	3.288889
1069.999001	gene 1.3	2356.000000	107.000000	4.140187
1069.999001	gene 1.4	2295.000000	92.000000	0.054348
1069.999001	gene 1.7	4027.000000	157.000000	0.210191
1069.999001	gene 1.8	3888.000000	156.000000	0.051282
1069.999001	gene 10A	51020.000000	2236.000000	0.185599
1069.999001	gene 11	8011.000000	340.000000	0.211765
1069.999001	gene 12	7694.000000	337.000000	0.750742
1069.999001	gene 13	15404.000000	733.000000	0.175989
1069.999001	gene 14	14715.000000	731.000000	0.207934
1069.999001	gene 15	14372.000000	729.000000	0.779150
1069.999001	gene 16	13182.000000	709.000000	1.245416
1069.999001	gene 17	18287.000000	976.000000	0.518443
1069.999001	gene 17.5	17811.000000	961.000000	0.069719
1069.999001	gene 18	17748.000000	959.000000	0.098019
1069.999001	gene 18.5	17678.000000	954.000000	0.166667
1069.999001	gene 18.7	17226.000000	954.000000	0.103774
1069.999001	gene 19	16917.000000	951.000000	0.521556
1069.999001	gene 19.2	16915.000000	945.000000	0.092063
1069.999001	gene 19.3	16581.000000	940.000000	0.085106
1069.999001	gene 19.5	16430.000000	934.000000	0.065310
1069.999001	gene 2.5	4583.000000	188.000000	0.191489
1069.999001	gene 2.8	4500.000000	188.000000	0.138298
1069.999001	gene 3	4348.000000	188.000000	0.244681
1069.999001	gene 3.8	5194.000000	219.000000	0.173516
1069.999001	gene 4.2	5331.000000	234.000000	0.123932
1069.999001	gene 4.3	5526.000000	234.000000	0.042735
1069.999001	gene 4.5	6244.000000	266.000000	0.067669
1069.999001	gene 4.7	6399.000000	266.000000	0.116541
1069.999001	gene 4A	4777.000000	218.000000	0.504587
1069.999001	gene 5	6720.000000	285.000000	0.670175
1069.999001	gene 5.3	6432.000000	282.000000	0.138298
1069.999001	gene 5.5	6386.000000	280.000000	0.103571
1069.999001	gene 5.7	6337.000000	279.000000	0.039427
1069.999001	gene 5.9	6311.000000	278.000000	0.043165
1069.999001	gene 6	6203.000000	276.000000	0.307971
1069.999001	gene 6.3	6390.000000	275.000000	0.050909
1069.999001	gene 6.5	11531.000000	512.000000	0.095703
1069.999001	gene 6.7	11277.000000	511.000000	0.066536
1069.999001	gene 7	11233.000000	510.000000	0.131373
1069.999001	gene 7.3	11218.000000	509.000000	0.068762
1069.999001	gene 7.7	11145.000000	508.000000	0.149606
1069.999001	gene 8	10632.000000	505.000000	0.528713
1069.999001	gene 9	25055.000000	1162.000000	0.262478
1069.999001	gp-2	2840.000000	156.000000	0.057692
1069.999001	lysozyme-3.5	3774.000000	188.000000	0.132979
1069.999001	nonpref_charged	235.000000	0.000000	0.000000
1069.999001	nonpref_uncharged	14765.000000	0.000000	0.000000
1069.999001	pref_charged	20811.000000	0.000000	0.000000
1069.999001	pref_uncharged	14189.000000	0.000000	0.000000
1069.999001	protein_kinase-0.7	961.000000	13.000000	0.384615
1069.999001	rnapol-1	0.000000	13.000000	16.923077
1069.999001	rnapol-3.5	467.000000	0.000000	0.000000
1074.999000	E. coli B promoter	1.000000	0.000000	0.000000
1074.999000	E. coli C promoter	1.000000	0.000000	0.000000
1074.999000	E. coli promoter A1	1.000000	0.000000	0.000000
1074.999000	E. coli promoter A2	1.000000	0.000000	0.000000
1074.999000	E. coli promoter A3	1.000000	0.000000	0.000000
1074.999000	T7 promoter phi1.1A	0.000000	0.000000	0.000000
1074.999000	T7 promoter phi1.1B	1.000000	0.000000	0.000000
1074.999000	T7 promoter phi1.3	0.000000	0.000000	0.000000
1074.999000	T7 promoter phi1.5	1.000000	0.000000	0.000000
1074.999000	T7 promoter phi1.6	1.000000	0.000000	0.000000
1074.999000	T7 promoter phi10	1.000000	0.000000	0.000000
1074.999000	T7 promoter phi13	0.000000	0.000000	0.000000
1074.999000	T7 promoter phi17	0.000000	0.000000	0.000000
1074.999000	T7 promoter phi2.5	1.000000	0.000000	0.000000
1074.999000	T7 promoter phi3.8	1.000000	0.000000	0.000000
1074.999000	T7 promoter phi4.3	1.000000	0.000000	0.000000
1074.999000	T7 promoter phi4.7	0.000000	0.000000	0.000000
1074.999000	T7 promoter phi4c	0.000000	0.000000	0.000000
1074.999000	T7 promoter phi6.5	0.000000	0.000000	0.000000
1074.999000	T7 promoter phi9	1.000000	0.000000	0.000000
1074.999000	__gene 0.3_rbs	13.000000	0.000000	0.000000
1074.999000	__gene 1.1_rbs	71.000000	0.000000	0.000000
1074.999000	__gene 1.2_rbs	39.000000	0.000000	0.000000
1074.999000	__gene 1.3_rbs	98.000000	0.000000	0.000000
1074.999000	__gene 1.4_rbs	92.000000	0.000000	0.000000
1074.999000	__gene 1.7_rbs	155.000000	0.000000	0.000000
1074.999000	__gene 1.8_rbs	155.000000	0.000000	0.000000
1074.999000	__gene 10A_rbs	2230.000000	0.000000	0.000000
1074.999000	__gene 11_rbs	341.000000	0.000000	0.000000
1074.999000	__gene 12_rbs	337.000000	0.000000	0.000000
1074.999000	__gene 13_rbs	731.000000	0.000000	0.000000
1074.999000	__gene 14_rbs	716.000000	0.000000	0.000000
1074.999000	__gene 15_rbs	713.000000	0.000000	0.000000
1074.999000	__gene 16_rbs	710.000000	0.000000	0.000000
1074.999000	__gene 17.5_rbs	960.000000	0.000000	0.000000
1074.999000	__gene 17_rbs	982.000000	0.000000	0.000000
1074.999000	__gene 18.5_rbs	952.000000	0.000000	0.000000
1074.999000	__gene 18.7_rbs	922.000000	0.000000	0.000000
1074.999000	__gene 18_rbs	943.000000	0.000000	0.000000
1074.999000	__gene 19.2_rbs	926.000000	0.000000	0.000000
1074.999000	__gene 19.3_rbs	930.000000	0.000000	0.000000
1074.999000	__gene 19.5_rbs	929.000000	0.000000	0.000000
1074.999000	__gene 19_rbs	943.000000	0.000000	0.000000
1074.999000	__gene 2.5_rbs	185.000000	0.000000	0.000000
1074.999000	__gene 2.8_rbs	187.000000	0.000000	0.000000
1074.999000	__gene 3.8_rbs	215.000000	0.000000	0.000000
1074.999000	__gene 3_rbs	182.000000	0.000000	0.000000
1074.999000	__gene 4.2_rbs	234.000000	0.000000	0.000000
1074.999000	__gene 4.3_rbs	233.000000	0.000000	0.000000
1074.999000	__gene 4.5_rbs	268.000000	0.000000	0.000000
1074.999000	__gene 4.7_rbs	265.000000	0.000000	0.000000
1074.999000	__gene 4A_rbs	213.000000	0.000000	0.000000
1074.999000	__gene 5.3_rbs	279.000000	0.000000	0.000000
1074.999000	__gene 5.5_rbs	279.000000	0.000000	0.000000
1074.999000	__gene 5.7_rbs	273.000000	0.000000	0.000000
1074.999000	__gene 5.9_rbs	276.000000	0.000000	0.000000
1074.999000	__gene 5_rbs	284.000000	0.000000	0.000000
1074.999000	__gene 6.3_rbs	270.000000	0.000000	0.000000
1074.999000	__gene 6.5_rbs	505.000000	0.000000	0.000000
1074.999000	__gene 6.7_rbs	500.000000	0.000000	0.000000
1074.999000	__gene 6_rbs	273.000000	0.000000	0.000000
1074.999000	__gene 7.3_rbs	506.000000	0.000000	0.000000
1074.999000	__gene 7.7_rbs	504.000000	0.000000	0.000000
1074.999000	__gene 7_rbs	503.000000	0.000000	0.000000
1074.999000	__gene 8_rbs	497.000000	0.000000	0.000000
1074.999000	__gene 9_rbs	1169.000000	0.000000	0.000000
1074.999000	__gp-2_rbs	155.000000	0.000000	0.000000
1074.999000	__lysozyme-3.5_rbs	184.000000	0.000000	0.000000
1074.999000	__protein_kinase-0.7_rbs	13.000000	0.000000	0.000000
1074.999000	__ribosome	1.000000	0.000000	0.000000
1074.999000	__rnapol-1_rbs	13.000000	0.000000	0.000000
1074.999000	bound_ecolipol	0.000000	0.000000	0.000000
1074.999000	bound_ecolipol_p	817.000000	0.000000	0.000000
1074.999000	bound_ribosome	3387.000000	0.000000	0.000000
1074.999000	degraded_transcript	41140.000000	0.000000	0.000000
1074.999000	ecoli_genome	983.000000	0.000000	0.000000
1074.999000	ecoli_transcript	26268.000000	0.000000	0.000000
1074.999000	ecolipol	0.000000	0.000000	0.000000
1074.999000	ecolipol-2	0.000000	0.000000	0.000000
1074.999000	ecolipol-2-p	970.000000	0.000000	0.000000
1074.999000	ecolipol-p	12.000000	0.000000	0.000000
1074.999000	gene 0.3	982.000000	13.000000	0.230769
1074.999000	gene 1.1	2391.000000	82.000000	0.219512
1074.999000	gene 1.2	1551.000000	47.000000	3.170213
1074.999000	gene 1.3	2382.000000	107.000000	4.084112
1074.999000	gene 1.4	2316.000000	92.000000	0.032609
1074.999000	gene 1.7	4062.000000	159.000000	0.213836
1074.999000	gene 1.8	3930.000000	158.000000	0.063291
1074.999000	gene 10A	51520.000000	2256.000000	0.195035
1074.999000	gene 11	8105.000000	343.000000	0.174927
1074.999000	gene 12	7791.000000	341.000000	0.718475
1074.999000	gene 13	15590.000000	737.000000	0.123474
1074.999000	gene 14	14893.000000	735.000000	0.156463
1074.999000	gene 15	14538.000000	733.000000	0.792633
1074.999000	gene 16	13330.000000	717.000000	1.271967
1074.999000	gene 17	18505.000000	988.000000	0.502024
1074.999000	gene 17.5	18043.000000	971.000000	0.109166
1074.999000	gene 18	17999.000000	968.000000	0.096074
1074.999000	gene 18.5	17892.000000	967.000000	0.161324
1074.999000	gene 18.7	17443.000000	966.000000	0.124224
1074.999000	gene 19	17134.000000	961.000000	0.544225
1074.999000	gene 19.2	17130.000000	955.000000	0.089005
1074.999000	gene 19.3	16820.000000	951.000000	0.067298
1074.999000	gene 19.5	16661.000000	943.000000	0.067869
1074.999000	gene 2.5	4632.000000	190.000000	0.163158
1074.999000	gene 2.8	4540.000000	188.000000	0.154255
1074.999000	gene 3	4404.000000	188.000000	0.143617
1074.999000	gene 3.8	5253.000000	219.000000	0.168950
1074.999000	gene 4.2	5385.000000	238.000000	0.092437
1074.999000	gene 4.3	5581.000000	235.000000	0.046809
1074.999000	gene 4.5	6302.000000	268.000000	0.070896
1074.999000	gene 4.7	6465.000000	267.000000	0.127341
1074.999000	gene 4A	4826.000000	219.000000	0.538813
1074.999000	gene 5	6784.000000	290.000000	0.641379
1074.999000	gene 5.3	6495.000000	283.000000	0.106007
1074.999000	gene 5.5	6461.000000	283.000000	0.116608
1074.999000	gene 5.7	6388.000000	283.000000	0.060071
1074.999000	gene 5.9	6371.000000	283.000000	0.045936
1074.999000	gene 6	6276.000000	283.000000	0.310954
1074.999000	gene 6.3	6468.000000	278.000000	0.050360
1074.999000	gene 6.5	11666.000000	517.000000	0.106383
1074.999000	gene 6.7	11399.000000	515.000000	0.093204
1074.999000	gene 7	11340.000000	515.000000	0.130097
1074.999000	gene 7.3	11317.000000	513.000000	0.091618
1074.999000	gene 7.7	11263.000000	512.000000	0.156250
1074.999000	gene 8	10742.000000	510.000000	0.547059
1074.999000	gene 9	25336.000000	1175.000000	0.221277
1074.999000	gp-2	2895.000000	158.000000	0.050633
1074.999000	lysozyme-3.5	3816.000000	188.000000	0.138298
1074.999000	nonpref_charged	262.000000	0.000000	0.000000
1074.999000	nonpref_uncharged	14738.000000	0.000000	0.000000
1074.999000	pref_charged	20449.000000	0.000000	0.000000
1074.999000	pref_uncharged	14551.000000	0.000000	0.000000
1074.999000	protein_kinase-0.7	963.000000	13.000000	0.692308
1074.999000	rnapol-1	0.000000	13.000000	16.846154
1074.999000	rnapol-3.5	467.000000	0.000000	0.000000
1079.999000	E. coli B promoter	1.000000	0.000000	0.000000
1079.999000	E. coli C promoter	1.000000	0.000000	0.000000
1079.999000	E. coli promoter A1	1.000000	0.000000	0.000000
1079.999000	E. coli promoter A2	1.000000	0.000000	0.000000
1079.999000	E. coli promoter A3	1.000000	0.000000	0.000000
1079.999000	T7 promoter phi1.1A	1.000000	0.000000	0.000000
1079.999000	T7 promoter phi1.1B	1.000000	0.000000	0.000000
1079.999000	T7 promoter phi1.3	1.000000	0.000000	0.000000
1079.999000	T7 promoter phi1.5	1.000000	0.000000	0.000000
1079.999000	T7 promoter phi1.6	1.000000	0.000000	0.000000
1079.999000	T7 promoter phi10	0.000000	0.000000	0.000000
1079.999000	T7 promoter phi13	1.000000	0.000000	0.000000
1079.999000	T7 promoter phi17	1.000000	0.000000	0.000000
1079.999000	T7 promoter phi2.5	1.000000	0.000000	0.000000
1079.999000	T7 promoter phi3.8	1.000000	0.000000	0.000000
1079.999000	T7 promoter phi4.3	1.000000	0.000000	0.000000
1079.999000	T7 promoter phi4.7	1.000000	0.000000	0.000000
1079.999000	T7 promoter phi4c	1.000000	0.000000	0.000000
1079.999000	T7 promoter phi6.5	1.000000	0.000000	0.000000
1079.999000	T7 promoter phi9	1.000000	0.000000	0.000000
1079.999000	__gene 0.3_rbs	13.000000	0.000000	0.000000
1079.999000	__gene 1.1_rbs	72.000000	0.000000	0.000000
1079.999000	__gene 1.2_rbs	38.000000	0.000000	0.000000
1079.999000	__gene 1.3_rbs	100.000000	0.000000	0.000000
1079.999000	__gene 1.4_rbs	92.000000	0.000000	0.000000
1079.999000	__gene 1.7_rbs	157.000000	0.000000	0.000000
1079.999000	__gene 1.8_rbs	154.000000	0.000000	0.000000
1079.999000	__gene 10A_rbs	2253.000000	0.000000	0.000000
1079.999000	__gene 11_rbs	342.000000	0.000000	0.000000
1079.999000	__gene 12_rbs	339.000000	0.000000	0.000000
1079.999000	__gene 13_rbs	737.000000	0.000000	0.000000
1079.999000	__gene 14_rbs	710.000000	0.000000	0.000000
1079.999000	__gene 15_rbs	724.000000	0.000000	0.000000
1079.999000	__gene 16_rbs	717.000000	0.000000	0.000000
1079.999000	__gene 17.5_rbs	973.000000	0.000000	0.000000
1079.999000	__gene 17_rbs	993.000000	0.000000	0.000000
1079.999000	__gene 18.5_rbs	968.000000	0.000000	0.000000
1079.999000	__gene 18.7_rbs	947.000000	0.000000	0.000000
1079.999000	__gene 18_rbs	944.000000	0.000000	0.000000
1079.999000	__gene 19.2_rbs	930.000000	0.000000	0.000000
1079.999000	__gene 19.3_rbs	930.000000	0.000000	0.000000
1079.999000	__gene 19.5_rbs	940.000000	0.000000	0.000000
1079.999000	__gene 19_rbs	952.000000	0.000000	0.000000
1079.999000	__gene 2.5_rbs	188.000000	0.000000	0.000000
1079.999000	__gene 2.8_rbs	191.000000	0.000000	0.000000
1079.999000	__gene 3.8_rbs	218.000000	0.000000	0.000000
1079.999000	__gene 3_rbs	181.000000	0.000000	0.000000
1079.999000	__gene 4.2_rbs	231.000000	0.000000	0.000000
1079.999000	__gene 4.3_rbs	237.000000	0.000000	0.000000
1079.999000	__gene 4.5_rbs	272.000000	0.000000	0.000000
1079.999000	__gene 4.7_rbs	270.000000	0.000000	0.000000
1079.999000	__gene 4A_rbs	208.000000	0.000000	0.000000
1079.999000	__gene 5.3_rbs	282.000000	0.000000	0.000000
1079.999000	__gene 5.5_rbs	274.000000	0.000000	0.000000
1079.999000	__gene 5.7_rbs	277.000000	0.000000	0.000000
1079.999000	__gene 5.9_rbs	274.000000	0.000000	0.000000
1079.999000	__gene 5_rbs	289.000000	0.000000	0.000000
1079.999000	__gene 6.3_rbs	275.000000	0.000000	0.000000
1079.999000	__gene 6.5_rbs	512.000000	0.000000	0.000000
1079.999000	__gene 6.7_rbs	506.000000	0.000000	0.000000
1079.999000	__gene 6_rbs	274.000000	0.000000	0.000000
1079.999000	__gene 7.3_rbs	507.000000	0.000000	0.000000
1079.999000	__gene 7.7_rbs	507.000000	0.000000	0.000000
1079.999000	__gene 7_rbs	508.000000	0.000000	0.000000
1079.999000	__gene 8_rbs	499.000000	0.000000	0.000000
1079.999000	__gene 9_rbs	1185.000000	0.000000	0.000000
1079.999000	__gp-2_rbs	154.000000	0.000000	0.000000
1079.999000	__lysozyme-3.5_rbs	184.000000	0.000000	0.000000
1079.999000	__protein_kinase-0.7_rbs	13.000000	0.000000	0.000000
1079.999000	__ribosome	1.000000	0.000000	0.000000
1079.999000	__rnapol-1_rbs	13.000000	0.000000	0.000000
1079.999000	bound_ecolipol	0.000000	0.000000	0.000000
1079.999000	bound_ecolipol_p	771.000000	0.000000	0.000000
1079.999000	bound_ribosome	3372.000000	0.000000	0.000000
1079.999000	degraded_transcript	41406.000000	0.000000	0.000000
1079.999000	ecoli_genome	1029.000000	0.000000	0.000000
1079.999000	ecoli_transcript	26193.000000	0.000000	0.000000
1079.999000	ecolipol	0.000000	0.000000	0.000000
1079.999000	ecolipol-2	0.000000	0.000000	0.000000
1079.999000	ecolipol-2-p	1022.000000	0.000000	0.000000
1079.999000	ecolipol-p	6.000000	0.000000	0.000000
1079.999000	gene 0.3	984.000000	13.000000	0.230769
1079.999000	gene 1.1	2411.000000	83.000000	0.240964
1079.999000	gene 1.2	1560.000000	48.000000	3.166667
1079.999000	gene 1.3	2398.000000	111.000000	3.981982
1079.999000	gene 1.4	2336.000000	92.000000	0.043478
1079.999000	gene 1.7	4097.000000	159.000000	0.188679
1079.999000	gene 1.8	3966.000000	159.000000	0.056604
1079.999000	gene 10A	52045.000000	2275.000000	0.192088
1079.999000	gene 11	8184.000000	346.000000	0.141618
1079.999000	gene 12	7857.000000	344.000000	0.723837
1079.999000	gene 13	15743.000000	744.000000	0.141129
1079.999000	gene 14	15035.000000	740.000000	0.170270
1079.999000	gene 15	14716.000000	738.000000	0.769648
1079.999000	gene 16	13501.000000	730.000000	1.252055
1079.999000	gene 17	18742.000000	999.000000	0.478478
1079.999000	gene 17.5	18317.000000	983.000000	0.057986
1079.999000	gene 18	18223.000000	980.000000	0.083673
1079.999000	gene 18.5	18110.000000	976.000000	0.146516
1079.999000	gene 18.7	17690.000000	975.000000	0.100513
1079.999000	gene 19	17341.000000	971.000000	0.587024
1079.999000	gene 19.2	17347.000000	967.000000	0.116856
1079.999000	gene 19.3	17020.000000	961.000000	0.079084
1079.999000	gene 19.5	16888.000000	954.000000	0.067086
1079.999000	gene 2.5	4674.000000	191.000000	0.214660
1079.999000	gene 2.8	4587.000000	191.000000	0.167539
1079.999000	gene 3	4441.000000	190.000000	0.147368
1079.999000	gene 3.8	5309.000000	219.000000	0.114155
1079.999000	gene 4.2	5436.000000	239.000000	0.100418
1079.999000	gene 4.3	5636.000000	239.000000	0.062762
1079.999000	gene 4.5	6382.000000	272.000000	0.080882
1079.999000	gene 4.7	6523.000000	271.000000	0.107011
1079.999000	gene 4A	4872.000000	219.000000	0.515982
1079.999000	gene 5	6840.000000	293.000000	0.723549
1079.999000	gene 5.3	6551.000000	287.000000	0.142857
1079.999000	gene 5.5	6526.000000	284.000000	0.158451
1079.999000	gene 5.7	6458.000000	284.000000	0.035211
1079.999000	gene 5.9	6441.000000	284.000000	0.059859
1079.999000	gene 6	6349.000000	284.000000	0.274648
1079.999000	gene 6.3	6526.000000	283.000000	0.031802
1079.999000	gene 6.5	11786.000000	523.000000	0.120459
1079.999000	gene 6.7	11529.000000	522.000000	0.101533
1079.999000	gene 7	11467.000000	520.000000	0.126923
1079.999000	gene 7.3	11432.000000	518.000000	0.092664
1079.999000	gene 7.7	11386.000000	516.000000	0.139535
1079.999000	gene 8	10873.000000	515.000000	0.489320
1079.999000	gene 9	25585.000000	1190.000000	0.228571
1079.999000	gp-2	2886.000000	159.000000	0.062893
1079.999000	lysozyme-3.5	3860.000000	188.000000	0.148936
1079.999000	nonpref_charged	279.000000	0.000000	0.000000
1079.999000	nonpref_uncharged	14721.000000	0.000000	0.000000
1079.999000	pref_charged	20387.000000	0.000000	0.000000
1079.999000	pref_uncharged	14613.000000	0.000000	0.000000
1079.999000	protein_kinase-0.7	965.000000	13.000000	0.923077
1079.999000	rnapol-1	0.000000	13.000000	17.000000
1079.999000	rnapol-3.5	467.000000	0.000000	0.000000
1084.999001	E. coli B promoter	1.000000	0.000000	0.000000
1084.999001	E. coli C promoter	1.000000	0.000000	0.000000
1084.999001	E. coli promoter A1	1.000000	0.000000	0.000000
1084.999001	E. coli promoter A2	1.000000	0.000000	0.000000
1084.999001	E. coli promoter A3	1.000000	0.000000	0.000000
1084.999001	T7 promoter phi1.1A	1.000000	0.000000	0.000000
1084.999001	T7 promoter phi1.1B	1.000000	0.000000	0.000000
1084.999001	T7 promoter phi1.3	1.000000	0.000000	0.000000
1084.999001	T7 promoter phi1.5	1.000000	0.000000	0.000000
1084.999001	T7 promoter phi1.6	1.000000	0.000000	0.000000
1084.999001	T7 promoter phi10	0.000000	0.000000	0.000000
1084.999001	T7 promoter phi13	1.000000	0.000000	0.000000
1084.999001	T7 promoter phi17	1.000000	0.000000	0.000000
1084.999001	T7 promoter phi2.5	0.000000	0.000000	0.000000
1084.999001	T7 promoter phi3.8	1.000000	0.000000	0.000000
1084.999001	T7 promoter phi4.3	1.000000	0.000000	0.000000
1084.999001	T7 promoter phi4.7	1.000000	0.000000	0.000000
1084.999001	T7 promoter phi4c	1.000000	0.000000	0.000000
1084.999001	T7 promoter phi6.5	1.000000	0.000000	0.000000
1084.999001	T7 promoter phi9	1.000000	0.000000	0.000000
1084.999001	__gene 0.3_rbs	13.000000	0.000000	0.000000
1084.999001	__gene 1.1_rbs	74.000000	0.000000	0.000000
1084.999001	__gene 1.2_rbs	37.000000	0.000000	0.000000
1084.999001	__gene 1.3_rbs	99.000000	0.000000	0.000000
1084.999001	__gene 1.4_rbs	91.000000	0.000000	0.000000
1084.999001	__gene 1.7_rbs	158.000000	0.000000	0.000000
1084.999001	__gene 1.8_rbs	157.000000	0.000000	0.000000
1084.999001	__gene 10A_rbs	2279.000000	0.000000	0.000000
1084.999001	__gene 11_rbs	345.000000	0.000000	0.000000
1084.999001	__gene 12_rbs	343.000000	0.000000	0.000000
1084.999001	__gene 13_rbs	744.000000	0.000000	0.000000
1084.999001	__gene 14_rbs	732.000000	0.000000	0.000000
1084.999001	__gene 15_rbs	725.000000	0.000000	0.000000
1084.999001	__gene 16_rbs	721.000000	0.000000	0.000000
1084.999001	__gene 17.5_rbs	973.000000	0.000000	0.000000
1084.999001	__gene 17_rbs	1005.000000	0.000000	0.000000
1084.999001	__gene 18.5_rbs	971.000000	0.000000	0.000000
1084.999001	__gene 18.7_rbs	957.000000	0.000000	0.000000
1084.999001	__gene 18_rbs	962.000000	0.000000	0.000000
1084.999001	__gene 19.2_rbs	950.000000	0.000000	0.000000
1084.999001	__gene 19.3_rbs	939.000000	0.000000	0.000000
1084.999001	__gene 19.5_rbs	953.000000	0.000000	0.000000
1084.999001	__gene 19_rbs	970.000000	0.000000	0.000000
1084.999001	__gene 2.5_rbs	190.000000	0.000000	0.000000
1084.999001	__gene 2.8_rbs	187.000000	0.000000	0.000000
1084.999001	__gene 3.8_rbs	221.000000	0.000000	0.000000
1084.999001	__gene 3_rbs	185.000000	0.000000	0.000000
1084.999001	__gene 4.2_rbs	231.000000	0.000000	0.000000
1084.999001	__gene 4.3_rbs	233.000000	0.000000	0.000000
1084.999001	__gene 4.5_rbs	271.000000	0.000000	0.000000
1084.999001	__gene 4.7_rbs	270.000000	0.000000	0.000000
1084.999001	__gene 4A_rbs	212.000000	0.000000	0.000000
1084.999001	__gene 5.3_rbs	285.000000	0.000000	0.000000
1084.999001	__gene 5.5_rbs	285.000000	0.000000	0.000000
1084.999001	__gene 5.7_rbs	285.000000	0.000000	0.000000
1084.999001	__gene 5.9_rbs	283.000000	0.000000	0.000000
1084.999001	__gene 5_rbs	292.000000	0.000000	0.000000
1084.999001	__gene 6.3_rbs	269.000000	0.000000	0.000000
1084.999001	__gene 6.5_rbs	521.000000	0.000000	0.000000
1084.999001	__gene 6.7_rbs	504.000000	0.000000	0.000000
1084.999001	__gene 6_rbs	279.000000	0.000000	0.000000
1084.999001	__gene 7.3_rbs	502.000000	0.000000	0.000000
1084.999001	__gene 7.7_rbs	515.000000	0.000000	0.000000
1084.999001	__gene 7_rbs	510.000000	0.000000	0.000000
1084.999001	__gene 8_rbs	505.000000	0.000000	0.000000
1084.999001	__gene 9_rbs	1191.000000	0.000000	0.000000
1084.999001	__gp-2_rbs	152.000000	0.000000	0.000000
1084.999001	__lysozyme-3.5_rbs	186.000000	0.000000	0.000000
1084.999001	__protein_kinase-0.7_rbs	11.000000	0.000000	0.000000
1084.999001	__ribosome	3.000000	0.000000	0.000000
1084.999001	__rnapol-1_rbs	13.000000	0.000000	0.000000
1084.999001	bound_ecolipol	0.000000	0.000000	0.000000
1084.999001	bound_ecolipol_p	787.000000	0.000000	0.000000
1084.999001	bound_ribosome	3355.000000	0.000000	0.000000
1084.999001	degraded_transcript	41654.000000	0.000000	0.000000
1084.999001	ecoli_genome	1013.000000	0.000000	0.000000
1084.999001	ecoli_transcript	26120.000000	0.000000	0.000000
1084.999001	ecolipol	0.000000	0.000000	0.000000
1084.999001	ecolipol-2	0.000000	0.000000	0.000000
1084.999001	ecolipol-2-p	1006.000000	0.000000	0.000000
1084.999001	ecolipol-p	6.000000	0.000000	0.000000
1084.999001	gene 0.3	987.000000	13.000000	0.384615
1084.999001	gene 1.1	2429.000000	84.000000	0.202381
1084.999001	gene 1.2	1572.000000	48.000000	3.166667
1084.999001	gene 1.3	2416.000000	113.000000	3.955752
1084.999001	gene 1.4	2352.000000	92.000000	0.032609
1084.999001	gene 1.7	4131.000000	159.000000	0.283019
1084.999001	gene 1.8	4007.000000	159.000000	0.056604
1084.999001	gene 10A	52577.000000	2297.000000	0.195908
1084.999001	gene 11	8257.000000	348.000000	0.175287
1084.999001	gene 12	7928.000000	347.000000	0.717579
1084.999001	gene 13	15924.000000	752.000000	0.127660
1084.999001	gene 14	15189.000000	749.000000	0.201602
1084.999001	gene 15	14896.000000	744.000000	0.743280
1084.999001	gene 16	13673.000000	733.000000	1.231924
1084.999001	gene 17	18952.000000	1014.000000	0.476331
1084.999001	gene 17.5	18533.000000	994.000000	0.076459
1084.999001	gene 18	18432.000000	992.000000	0.084677
1084.999001	gene 18.5	18312.000000	988.000000	0.156883
1084.999001	gene 18.7	17901.000000	988.000000	0.110324
1084.999001	gene 19	17553.000000	983.000000	0.581892
1084.999001	gene 19.2	17572.000000	976.000000	0.082992
1084.999001	gene 19.3	17226.000000	971.000000	0.057673
1084.999001	gene 19.5	17103.000000	965.000000	0.073575
1084.999001	gene 2.5	4729.000000	191.000000	0.109948
1084.999001	gene 2.8	4633.000000	191.000000	0.136126
1084.999001	gene 3	4487.000000	191.000000	0.240838
1084.999001	gene 3.8	5353.000000	222.000000	0.126126
1084.999001	gene 4.2	5490.000000	240.000000	0.158333
1084.999001	gene 4.3	5688.000000	240.000000	0.066667
1084.999001	gene 4.5	6442.000000	273.000000	0.076923
1084.999001	gene 4.7	6585.000000	273.000000	0.102564
1084.999001	gene 4A	4927.000000	222.000000	0.504505
1084.999001	gene 5	6916.000000	297.000000	0.673401
1084.999001	gene 5.3	6614.000000	290.000000	0.113793
1084.999001	gene 5.5	6597.000000	290.000000	0.137931
1084.999001	gene 5.7	6521.000000	289.000000	0.041522
1084.999001	gene 5.9	6509.000000	288.000000	0.038194
1084.999001	gene 6	6412.000000	288.000000	0.291667
1084.999001	gene 6.3	6593.000000	284.000000	0.059859
1084.999001	gene 6.5	11916.000000	528.000000	0.092803
1084.999001	gene 6.7	11640.000000	525.000000	0.083810
1084.999001	gene 7	11585.000000	524.000000	0.122137
1084.999001	gene 7.3	11553.000000	523.000000	0.084130
1084.999001	gene 7.7	11493.000000	522.000000	0.141762
1084.999001	gene 8	10990.000000	520.000000	0.473077
1084.999001	gene 9	25843.000000	1202.000000	0.244592
1084.999001	gp-2	2931.000000	159.000000	0.062893
1084.999001	lysozyme-3.5	3907.000000	191.000000	0.099476
1084.999001	nonpref_charged	244.000000	0.000000	0.000000
1084.999001	nonpref_uncharged	14756.000000	0.000000	0.000000
1084.999001	pref_charged	20556.000000	0.000000	0.000000
1084.999001	pref_uncharged	14444.000000	0.000000	0.000000
1084.999001	protein_kinase-0.7	969.000000	13.000000	0.846154
1084.999001	rnapol-1	0.000000	13.000000	17.384615
1084.999001	rnapol-3.5	458.000000	0.000000	0.000000
1089.999001	E. coli B promoter	1.000000	0.000000	0.000000
1089.999001	E. coli C promoter	1.000000	0.000000	0.000000
1089.999001	E. coli promoter A1	1.000000	0.000000	0.000000
1089.999001	E. coli promoter A2	1.000000	0.000000	0.000000
1089.999001	E. coli promoter A3	1.000000	0.000000	0.000000
1089.999001	T7 promoter phi1.1A	1.000000	0.000000	0.000000
1089.999001	T7 promoter phi1.1B	1.000000	0.000000	0.000000
1089.999001	T7 promoter phi1.3	1.000000	0.000000	0.000000
1089.999001	T7 promoter phi1.5	0.000000	0.000000	0.000000
1089.999001	T7 promoter phi1.6	1.000000	0.000000	0.000000
1089.999001	T7 promoter phi10	0.000000	0.000000	0.000000
1089.999001	T7 promoter phi13	0.000000	0.000000	0.000000
1089.999001	T7 promoter phi17	1.000000	0.000000	0.000000
1089.999001	T7 promoter phi2.5	1.000000	0.000000	0.000000
1089.999001	T7 promoter phi3.8	1.000000	0.000000	0.000000
1089.999001	T7 promoter phi4.3	1.000000	0.000000	0.000000
1089.999001	T7 promoter phi4.7	1.000000	0.000000	0.000000
1089.999001	T7 promoter phi4c	1.000000	0.000000	0.000000
1089.999001	T7 promoter phi6.5	0.000000	0.000000	0.000000
1089.999001	T7 promoter phi9	0.000000	0.000000	0.000000
1089.999001	__gene 0.3_rbs	13.000000	0.000000	0.000000
1089.999001	__gene 1.1_rbs	77.000000	0.000000	0.000000
1089.999001	__gene 1.2_rbs	40.000000	0.000000	0.000000
1089.999001	__gene 1.3_rbs	103.000000	0.000000	0.000000
1089.999001	__gene 1.4_rbs	94.000000	0.000000	0.000000
1089.999001	__gene 1.7_rbs	156.000000	0.000000	0.000000
1089.999001	__gene 1.8_rbs	156.000000	0.000000	0.000000
1089.999001	__gene 10A_rbs	2298.000000	0.000000	0.000000
1089.999001	__gene 11_rbs	345.000000	0.000000	0.000000
1089.999001	__gene 12_rbs	344.000000	0.000000	0.000000
1089.999001	__gene 13_rbs	747.000000	0.000000	0.000000
1089.999001	__gene 14_rbs	733.000000	0.000000	0.000000
1089.999001	__gene 15_rbs	732.000000	0.000000	0.000000
1089.999001	__gene 16_rbs	729.000000	0.000000	0.000000
1089.999001	__gene 17.5_rbs	989.000000	0.000000	0.000000
1089.999001	__gene 17_rbs	1020.000000	0.000000	0.000000
1089.999001	__gene 18.5_rbs	987.000000	0.000000	0.000000
1089.999001	__gene 18.7_rbs	951.000000	0.000000	0.000000
1089.999001	__gene 18_rbs	980.000000	0.000000	0.000000
1089.999001	__gene 19.2_rbs	957.000000	0.000000	0.000000
1089.999001	__gene 19.3_rbs	949.000000	0.000000	0.000000
1089.999001	__gene 19.5_rbs	960.000000	0.000000	0.000000
1089.999001	__gene 19_rbs	978.000000	0.000000	0.000000
1089.999001	__gene 2.5_rbs	188.000000	0.000000	0.000000
1089.999001	__gene 2.8_rbs	189.000000	0.000000	0.000000
1089.999001	__gene 3.8_rbs	223.000000	0.000000	0.000000
1089.999001	__gene 3_rbs	181.000000	0.000000	0.000000
1089.999001	__gene 4.2_rbs	231.000000	0.000000	0.000000
1089.999001	__gene 4.3_rbs	239.000000	0.000000	0.000000
1089.999001	__gene 4.5_rbs	272.000000	0.000000	0.000000
1089.999001	__gene 4.7_rbs	269.000000	0.000000	0.000000
1089.999001	__gene 4A_rbs	214.000000	0.000000	0.000000
1089.999001	__gene 5.3_rbs	290.000000	0.000000	0.000000
1089.999001	__gene 5.5_rbs	283.000000	0.000000	0.000000
1089.999001	__gene 5.7_rbs	281.000000	0.000000	0.000000
1089.999001	__gene 5.9_rbs	280.000000	0.000000	0.000000
1089.999001	__gene 5_rbs	295.000000	0.000000	0.000000
1089.999001	__gene 6.3_rbs	285.000000	0.000000	0.000000
1089.999001	__gene 6.5_rbs	529.000000	0.000000	0.000000
1089.999001	__gene 6.7_rbs	514.000000	0.000000	0.000000
1089.999001	__gene 6_rbs	285.000000	0.000000	0.000000
1089.999001	__gene 7.3_rbs	515.000000	0.000000	0.000000
1089.999001	__gene 7.7_rbs	518.000000	0.000000	0.000000
1089.999001	__gene 7_rbs	522.000000	0.000000	0.000000
1089.999001	__gene 8_rbs	513.000000	0.000000	0.000000
1089.999001	__gene 9_rbs	1198.000000	0.000000	0.000000
1089.999001	__gp-2_rbs	157.000000	0.000000	0.000000
1089.999001	__lysozyme-3.5_rbs	187.000000	0.000000	0.000000
1089.999001	__protein_kinase-0.7_rbs	13.000000	0.000000	0.000000
1089.999001	__ribosome	1.000000	0.000000	0.000000
1089.999001	__rnapol-1_rbs	13.000000	0.000000	0.000000
1089.999001	bound_ecolipol	0.000000	0.000000	0.000000
1089.999001	bound_ecolipol_p	784.000000	0.000000	0.000000
1089.999001	bound_ribosome	3272.000000	0.000000	0.000000
1089.999001	degraded_transcript	41923.000000	0.000000	0.000000
1089.999001	ecoli_genome	1016.000000	0.000000	0.000000
1089.999001	ecoli_transcript	26087.000000	0.000000	0.000000
1089.999001	ecolipol	0.000000	0.000000	0.000000
1089.999001	ecolipol-2	0.000000	0.000000	0.000000
1089.999001	ecolipol-2-p	1008.000000	0.000000	0.000000
1089.999001	ecolipol-p	8.000000	0.000000	0.000000
1089.999001	gene 0.3	991.000000	13.000000	0.384615
1089.999001	gene 1.1	2446.000000	85.000000	0.164706
1089.999001	gene 1.2	1582.000000	48.000000	3.125000
1089.999001	gene 1.3	2436.000000	114.000000	3.903509
1089.999001	gene 1.4	2367.000000	96.000000	0.052083
1089.999001	gene 1.7	4179.000000	159.000000	0.276730
1089.999001	gene 1.8	4037.000000	159.000000	0.044025
1089.999001	gene 10A	53112.000000	2319.000000	0.180250
1089.999001	gene 11	8337.000000	352.000000	0.161932
1089.999001	gene 12	8014.000000	348.000000	0.686782
1089.999001	gene 13	16072.000000	759.000000	0.150198
1089.999001	gene 14	15375.000000	757.000000	0.212682
1089.999001	gene 15	15076.000000	752.000000	0.715426
1089.999001	gene 16	13832.000000	738.000000	1.228997
1089.999001	gene 17	19156.000000	1026.000000	0.505848
1089.999001	gene 17.5	18760.000000	1006.000000	0.082505
1089.999001	gene 18	18642.000000	1004.000000	0.082669
1089.999001	gene 18.5	18527.000000	999.000000	0.150150
1089.999001	gene 18.7	18145.000000	997.000000	0.126379
1089.999001	gene 19	17798.000000	994.000000	0.549296
1089.999001	gene 19.2	17758.000000	988.000000	0.099190
1089.999001	gene 19.3	17461.000000	984.000000	0.093496
1089.999001	gene 19.5	17317.000000	974.000000	0.054415
1089.999001	gene 2.5	4761.000000	193.000000	0.176166
1089.999001	gene 2.8	4673.000000	192.000000	0.171875
1089.999001	gene 3	4546.000000	192.000000	0.166667
1089.999001	gene 3.8	5398.000000	224.000000	0.142857
1089.999001	gene 4.2	5551.000000	240.000000	0.100000
1089.999001	gene 4.3	5737.000000	240.000000	0.058333
1089.999001	gene 4.5	6513.000000	274.000000	0.105839
1089.999001	gene 4.7	6646.000000	273.000000	0.128205
1089.999001	gene 4A	4968.000000	223.000000	0.547085
1089.999001	gene 5	6981.000000	299.000000	0.655518
1089.999001	gene 5.3	6675.000000	294.000000	0.095238
1089.999001	gene 5.5	6667.000000	292.000000	0.140411
1089.999001	gene 5.7	6584.000000	292.000000	0.058219
1089.999001	gene 5.9	6582.000000	291.000000	0.065292
1089.999001	gene 6	6487.000000	290.000000	0.282759
1089.999001	gene 6.3	6648.000000	289.000000	0.024221
1089.999001	gene 6.5	12023.000000	537.000000	0.108007
1089.999001	gene 6.7	11748.000000	534.000000	0.101124
1089.999001	gene 7	11702.000000	532.000000	0.140977
1089.999001	gene 7.3	11674.000000	529.000000	0.085066
1089.999001	gene 7.7	11618.000000	527.000000	0.144213
1089.999001	gene 8	11086.000000	524.000000	0.547710
1089.999001	gene 9	26119.000000	1211.000000	0.231214
1089.999001	gp-2	2963.000000	159.000000	0.018868
1089.999001	lysozyme-3.5	3939.000000	191.000000	0.083770
1089.999001	nonpref_charged	277.000000	0.000000	0.000000
1089.999001	nonpref_uncharged	14723.000000	0.000000	0.000000
1089.999001	pref_charged	20468.000000	0.000000	0.000000
1089.999001	pref_uncharged	14532.000000	0.000000	0.000000
1089.999001	protein_kinase-0.7	976.000000	13.000000	0.538462
1089.999001	rnapol-1	0.000000	13.000000	17.461538
1089.999001	rnapol-3.5	451.000000	0.000000	0.000000
